fold,target,feature_set,model,row_id,probability
1,profitable_after_fees,A_all,dummy,development|BTC/USDT|2023-04-01T04:00:00+00:00,0.38
1,profitable_after_fees,A_all,dummy,development|ETH/USDT|2023-04-04T02:00:00+00:00,0.38
1,profitable_after_fees,A_all,dummy,development|BTC/USDT|2023-04-04T18:00:00+00:00,0.38
1,profitable_after_fees,A_all,dummy,development|BTC/USDT|2023-04-08T11:00:00+00:00,0.38
1,profitable_after_fees,A_all,dummy,development|ETH/USDT|2023-04-08T15:00:00+00:00,0.38
1,profitable_after_fees,A_all,dummy,development|BTC/USDT|2023-04-09T23:00:00+00:00,0.38
1,profitable_after_fees,A_all,dummy,development|ETH/USDT|2023-04-10T10:00:00+00:00,0.38
1,profitable_after_fees,A_all,dummy,development|ETH/USDT|2023-04-13T05:00:00+00:00,0.38
1,profitable_after_fees,A_all,dummy,development|BTC/USDT|2023-04-13T15:00:00+00:00,0.38
1,profitable_after_fees,A_all,dummy,development|ETH/USDT|2023-04-16T20:00:00+00:00,0.38
1,profitable_after_fees,A_all,dummy,development|BTC/USDT|2023-04-18T19:00:00+00:00,0.38
1,profitable_after_fees,A_all,dummy,development|ETH/USDT|2023-04-18T21:00:00+00:00,0.38
1,profitable_after_fees,A_all,dummy,development|BTC/USDT|2023-04-23T09:00:00+00:00,0.38
1,profitable_after_fees,A_all,dummy,development|ETH/USDT|2023-04-23T12:00:00+00:00,0.38
1,profitable_after_fees,A_all,dummy,development|BTC/USDT|2023-04-25T23:00:00+00:00,0.38
1,profitable_after_fees,A_all,dummy,development|ETH/USDT|2023-04-26T04:00:00+00:00,0.38
1,profitable_after_fees,A_all,dummy,development|BTC/USDT|2023-04-29T10:00:00+00:00,0.38
1,profitable_after_fees,A_all,dummy,development|ETH/USDT|2023-04-29T23:00:00+00:00,0.38
1,profitable_after_fees,A_all,dummy,development|BTC/USDT|2023-04-30T18:00:00+00:00,0.38
1,profitable_after_fees,A_all,dummy,development|ETH/USDT|2023-05-02T23:00:00+00:00,0.38
1,profitable_after_fees,A_all,dummy,development|BTC/USDT|2023-05-03T02:00:00+00:00,0.38
1,profitable_after_fees,A_all,dummy,development|BTC/USDT|2023-05-10T13:00:00+00:00,0.38
1,profitable_after_fees,A_all,dummy,development|ETH/USDT|2023-05-10T13:00:00+00:00,0.38
1,profitable_after_fees,A_all,dummy,development|ETH/USDT|2023-05-13T09:00:00+00:00,0.38
1,profitable_after_fees,A_all,dummy,development|BTC/USDT|2023-05-13T14:00:00+00:00,0.38
1,profitable_after_fees,A_all,dummy,development|BTC/USDT|2023-05-18T04:00:00+00:00,0.38
1,profitable_after_fees,A_all,dummy,development|ETH/USDT|2023-05-18T09:00:00+00:00,0.38
1,profitable_after_fees,A_all,dummy,development|ETH/USDT|2023-05-20T03:00:00+00:00,0.38
1,profitable_after_fees,A_all,dummy,development|BTC/USDT|2023-05-20T16:00:00+00:00,0.38
1,profitable_after_fees,A_all,dummy,development|ETH/USDT|2023-05-22T22:00:00+00:00,0.38
1,profitable_after_fees,A_all,dummy,development|BTC/USDT|2023-05-23T04:00:00+00:00,0.38
1,profitable_after_fees,A_all,dummy,development|ETH/USDT|2023-05-26T05:00:00+00:00,0.38
1,profitable_after_fees,A_all,dummy,development|BTC/USDT|2023-05-26T07:00:00+00:00,0.38
1,profitable_after_fees,A_all,dummy,development|ETH/USDT|2023-06-02T04:00:00+00:00,0.38
1,profitable_after_fees,A_all,dummy,development|BTC/USDT|2023-06-02T12:00:00+00:00,0.38
1,profitable_after_fees,A_all,dummy,development|BTC/USDT|2023-06-04T21:00:00+00:00,0.38
1,profitable_after_fees,A_all,dummy,development|ETH/USDT|2023-06-04T21:00:00+00:00,0.38
1,profitable_after_fees,A_all,dummy,development|ETH/USDT|2023-06-07T01:00:00+00:00,0.38
1,profitable_after_fees,A_all,dummy,development|BTC/USDT|2023-06-07T02:00:00+00:00,0.38
1,profitable_after_fees,A_all,dummy,development|BTC/USDT|2023-06-09T07:00:00+00:00,0.38
1,profitable_after_fees,A_all,dummy,development|ETH/USDT|2023-06-09T14:00:00+00:00,0.38
1,profitable_after_fees,A_all,dummy,development|BTC/USDT|2023-06-12T01:00:00+00:00,0.38
1,profitable_after_fees,A_all,dummy,development|ETH/USDT|2023-06-12T06:00:00+00:00,0.38
1,profitable_after_fees,A_all,dummy,development|ETH/USDT|2023-06-13T21:00:00+00:00,0.38
1,profitable_after_fees,A_all,dummy,development|ETH/USDT|2023-06-14T14:00:00+00:00,0.38
1,profitable_after_fees,A_all,dummy,development|BTC/USDT|2023-06-14T19:00:00+00:00,0.38
1,profitable_after_fees,A_all,dummy,development|BTC/USDT|2023-06-16T10:00:00+00:00,0.38
1,profitable_after_fees,A_all,dummy,development|ETH/USDT|2023-06-16T15:00:00+00:00,0.38
1,profitable_after_fees,A_all,dummy,development|BTC/USDT|2023-06-19T23:00:00+00:00,0.38
1,profitable_after_fees,A_all,dummy,development|ETH/USDT|2023-06-20T12:00:00+00:00,0.38
1,profitable_after_fees,A_all,dummy,development|BTC/USDT|2023-06-23T16:00:00+00:00,0.38
1,profitable_after_fees,A_all,dummy,development|ETH/USDT|2023-06-24T04:00:00+00:00,0.38
1,profitable_after_fees,A_all,dummy,development|BTC/USDT|2023-06-25T12:00:00+00:00,0.38
1,profitable_after_fees,A_all,dummy,development|ETH/USDT|2023-06-25T12:00:00+00:00,0.38
1,profitable_after_fees,A_all,dummy,development|BTC/USDT|2023-06-25T20:00:00+00:00,0.38
1,profitable_after_fees,A_all,dummy,development|BTC/USDT|2023-06-27T15:00:00+00:00,0.38
1,profitable_after_fees,A_all,dummy,development|ETH/USDT|2023-06-27T20:00:00+00:00,0.38
1,profitable_after_fees,A_all,dummy,development|BTC/USDT|2023-06-29T20:00:00+00:00,0.38
1,profitable_after_fees,A_all,dummy,development|ETH/USDT|2023-06-30T01:00:00+00:00,0.38
1,profitable_after_fees,A_all,logistic,development|BTC/USDT|2023-04-01T04:00:00+00:00,0.5336682182609865
1,profitable_after_fees,A_all,logistic,development|ETH/USDT|2023-04-04T02:00:00+00:00,0.5078211271822237
1,profitable_after_fees,A_all,logistic,development|BTC/USDT|2023-04-04T18:00:00+00:00,0.14299767671756267
1,profitable_after_fees,A_all,logistic,development|BTC/USDT|2023-04-08T11:00:00+00:00,0.20685475661608171
1,profitable_after_fees,A_all,logistic,development|ETH/USDT|2023-04-08T15:00:00+00:00,0.4018479161986915
1,profitable_after_fees,A_all,logistic,development|BTC/USDT|2023-04-09T23:00:00+00:00,0.4190432985673546
1,profitable_after_fees,A_all,logistic,development|ETH/USDT|2023-04-10T10:00:00+00:00,0.5789582992972987
1,profitable_after_fees,A_all,logistic,development|ETH/USDT|2023-04-13T05:00:00+00:00,0.5477404704185473
1,profitable_after_fees,A_all,logistic,development|BTC/USDT|2023-04-13T15:00:00+00:00,0.33966792429658227
1,profitable_after_fees,A_all,logistic,development|ETH/USDT|2023-04-16T20:00:00+00:00,0.6563873251073923
1,profitable_after_fees,A_all,logistic,development|BTC/USDT|2023-04-18T19:00:00+00:00,0.32921088276468385
1,profitable_after_fees,A_all,logistic,development|ETH/USDT|2023-04-18T21:00:00+00:00,0.27297047779409384
1,profitable_after_fees,A_all,logistic,development|BTC/USDT|2023-04-23T09:00:00+00:00,0.7499454149344646
1,profitable_after_fees,A_all,logistic,development|ETH/USDT|2023-04-23T12:00:00+00:00,0.40886182485687506
1,profitable_after_fees,A_all,logistic,development|BTC/USDT|2023-04-25T23:00:00+00:00,0.813820642782468
1,profitable_after_fees,A_all,logistic,development|ETH/USDT|2023-04-26T04:00:00+00:00,0.34765975602444116
1,profitable_after_fees,A_all,logistic,development|BTC/USDT|2023-04-29T10:00:00+00:00,0.6284364066150518
1,profitable_after_fees,A_all,logistic,development|ETH/USDT|2023-04-29T23:00:00+00:00,0.23841550638256462
1,profitable_after_fees,A_all,logistic,development|BTC/USDT|2023-04-30T18:00:00+00:00,0.37584510424796796
1,profitable_after_fees,A_all,logistic,development|ETH/USDT|2023-05-02T23:00:00+00:00,0.3344375592425838
1,profitable_after_fees,A_all,logistic,development|BTC/USDT|2023-05-03T02:00:00+00:00,0.3238836935284981
1,profitable_after_fees,A_all,logistic,development|BTC/USDT|2023-05-10T13:00:00+00:00,0.630570820710063
1,profitable_after_fees,A_all,logistic,development|ETH/USDT|2023-05-10T13:00:00+00:00,0.31617581594843336
1,profitable_after_fees,A_all,logistic,development|ETH/USDT|2023-05-13T09:00:00+00:00,0.451279597308159
1,profitable_after_fees,A_all,logistic,development|BTC/USDT|2023-05-13T14:00:00+00:00,0.7455702912563155
1,profitable_after_fees,A_all,logistic,development|BTC/USDT|2023-05-18T04:00:00+00:00,0.5204777105098405
1,profitable_after_fees,A_all,logistic,development|ETH/USDT|2023-05-18T09:00:00+00:00,0.5486377544449016
1,profitable_after_fees,A_all,logistic,development|ETH/USDT|2023-05-20T03:00:00+00:00,0.23229613316597805
1,profitable_after_fees,A_all,logistic,development|BTC/USDT|2023-05-20T16:00:00+00:00,0.517879022331901
1,profitable_after_fees,A_all,logistic,development|ETH/USDT|2023-05-22T22:00:00+00:00,0.4806688112713071
1,profitable_after_fees,A_all,logistic,development|BTC/USDT|2023-05-23T04:00:00+00:00,0.2943576532632097
1,profitable_after_fees,A_all,logistic,development|ETH/USDT|2023-05-26T05:00:00+00:00,0.5911294333374835
1,profitable_after_fees,A_all,logistic,development|BTC/USDT|2023-05-26T07:00:00+00:00,0.3677362396956623
1,profitable_after_fees,A_all,logistic,development|ETH/USDT|2023-06-02T04:00:00+00:00,0.6006294017839788
1,profitable_after_fees,A_all,logistic,development|BTC/USDT|2023-06-02T12:00:00+00:00,0.3968392276414565
1,profitable_after_fees,A_all,logistic,development|BTC/USDT|2023-06-04T21:00:00+00:00,0.44436201352132176
1,profitable_after_fees,A_all,logistic,development|ETH/USDT|2023-06-04T21:00:00+00:00,0.5221854427631493
1,profitable_after_fees,A_all,logistic,development|ETH/USDT|2023-06-07T01:00:00+00:00,0.6434383906472617
1,profitable_after_fees,A_all,logistic,development|BTC/USDT|2023-06-07T02:00:00+00:00,0.18581010527433134
1,profitable_after_fees,A_all,logistic,development|BTC/USDT|2023-06-09T07:00:00+00:00,0.3843281496228834
1,profitable_after_fees,A_all,logistic,development|ETH/USDT|2023-06-09T14:00:00+00:00,0.3498614180778861
1,profitable_after_fees,A_all,logistic,development|BTC/USDT|2023-06-12T01:00:00+00:00,0.47486516308828153
1,profitable_after_fees,A_all,logistic,development|ETH/USDT|2023-06-12T06:00:00+00:00,0.7389278211900242
1,profitable_after_fees,A_all,logistic,development|ETH/USDT|2023-06-13T21:00:00+00:00,0.6744299504700524
1,profitable_after_fees,A_all,logistic,development|ETH/USDT|2023-06-14T14:00:00+00:00,0.3382731472042112
1,profitable_after_fees,A_all,logistic,development|BTC/USDT|2023-06-14T19:00:00+00:00,0.5699668980723827
1,profitable_after_fees,A_all,logistic,development|BTC/USDT|2023-06-16T10:00:00+00:00,0.34460444653821454
1,profitable_after_fees,A_all,logistic,development|ETH/USDT|2023-06-16T15:00:00+00:00,0.5898856627660741
1,profitable_after_fees,A_all,logistic,development|BTC/USDT|2023-06-19T23:00:00+00:00,0.5263911809198946
1,profitable_after_fees,A_all,logistic,development|ETH/USDT|2023-06-20T12:00:00+00:00,0.18754339923572272
1,profitable_after_fees,A_all,logistic,development|BTC/USDT|2023-06-23T16:00:00+00:00,0.10616826679172713
1,profitable_after_fees,A_all,logistic,development|ETH/USDT|2023-06-24T04:00:00+00:00,0.3988377029633564
1,profitable_after_fees,A_all,logistic,development|BTC/USDT|2023-06-25T12:00:00+00:00,0.11558051406189984
1,profitable_after_fees,A_all,logistic,development|ETH/USDT|2023-06-25T12:00:00+00:00,0.3585063270681827
1,profitable_after_fees,A_all,logistic,development|BTC/USDT|2023-06-25T20:00:00+00:00,0.28089068779390225
1,profitable_after_fees,A_all,logistic,development|BTC/USDT|2023-06-27T15:00:00+00:00,0.15283846436680207
1,profitable_after_fees,A_all,logistic,development|ETH/USDT|2023-06-27T20:00:00+00:00,0.27587599893125553
1,profitable_after_fees,A_all,logistic,development|BTC/USDT|2023-06-29T20:00:00+00:00,0.40556484666756687
1,profitable_after_fees,A_all,logistic,development|ETH/USDT|2023-06-30T01:00:00+00:00,0.6315646362083304
1,profitable_after_fees,A_all,forest,development|BTC/USDT|2023-04-01T04:00:00+00:00,0.2754940230478155
1,profitable_after_fees,A_all,forest,development|ETH/USDT|2023-04-04T02:00:00+00:00,0.503673783560781
1,profitable_after_fees,A_all,forest,development|BTC/USDT|2023-04-04T18:00:00+00:00,0.36889128660445536
1,profitable_after_fees,A_all,forest,development|BTC/USDT|2023-04-08T11:00:00+00:00,0.5074640742384553
1,profitable_after_fees,A_all,forest,development|ETH/USDT|2023-04-08T15:00:00+00:00,0.5773565453294559
1,profitable_after_fees,A_all,forest,development|BTC/USDT|2023-04-09T23:00:00+00:00,0.40590561872056774
1,profitable_after_fees,A_all,forest,development|ETH/USDT|2023-04-10T10:00:00+00:00,0.5621846624737497
1,profitable_after_fees,A_all,forest,development|ETH/USDT|2023-04-13T05:00:00+00:00,0.3278494152046783
1,profitable_after_fees,A_all,forest,development|BTC/USDT|2023-04-13T15:00:00+00:00,0.22661289029316414
1,profitable_after_fees,A_all,forest,development|ETH/USDT|2023-04-16T20:00:00+00:00,0.2646412270664699
1,profitable_after_fees,A_all,forest,development|BTC/USDT|2023-04-18T19:00:00+00:00,0.3269229178129441
1,profitable_after_fees,A_all,forest,development|ETH/USDT|2023-04-18T21:00:00+00:00,0.5278263165712858
1,profitable_after_fees,A_all,forest,development|BTC/USDT|2023-04-23T09:00:00+00:00,0.6025991923882795
1,profitable_after_fees,A_all,forest,development|ETH/USDT|2023-04-23T12:00:00+00:00,0.5065967414078871
1,profitable_after_fees,A_all,forest,development|BTC/USDT|2023-04-25T23:00:00+00:00,0.40481318269082506
1,profitable_after_fees,A_all,forest,development|ETH/USDT|2023-04-26T04:00:00+00:00,0.3355318227109354
1,profitable_after_fees,A_all,forest,development|BTC/USDT|2023-04-29T10:00:00+00:00,0.4329058097045715
1,profitable_after_fees,A_all,forest,development|ETH/USDT|2023-04-29T23:00:00+00:00,0.4429016817375953
1,profitable_after_fees,A_all,forest,development|BTC/USDT|2023-04-30T18:00:00+00:00,0.3506592009226791
1,profitable_after_fees,A_all,forest,development|ETH/USDT|2023-05-02T23:00:00+00:00,0.3411290449331576
1,profitable_after_fees,A_all,forest,development|BTC/USDT|2023-05-03T02:00:00+00:00,0.3627388020061501
1,profitable_after_fees,A_all,forest,development|BTC/USDT|2023-05-10T13:00:00+00:00,0.40008733526683515
1,profitable_after_fees,A_all,forest,development|ETH/USDT|2023-05-10T13:00:00+00:00,0.37721560324069137
1,profitable_after_fees,A_all,forest,development|ETH/USDT|2023-05-13T09:00:00+00:00,0.39157321814900287
1,profitable_after_fees,A_all,forest,development|BTC/USDT|2023-05-13T14:00:00+00:00,0.5149990759584416
1,profitable_after_fees,A_all,forest,development|BTC/USDT|2023-05-18T04:00:00+00:00,0.28123770506387663
1,profitable_after_fees,A_all,forest,development|ETH/USDT|2023-05-18T09:00:00+00:00,0.5028566610977607
1,profitable_after_fees,A_all,forest,development|ETH/USDT|2023-05-20T03:00:00+00:00,0.5502606428659065
1,profitable_after_fees,A_all,forest,development|BTC/USDT|2023-05-20T16:00:00+00:00,0.5758009897739003
1,profitable_after_fees,A_all,forest,development|ETH/USDT|2023-05-22T22:00:00+00:00,0.5366082223160403
1,profitable_after_fees,A_all,forest,development|BTC/USDT|2023-05-23T04:00:00+00:00,0.3452910676369762
1,profitable_after_fees,A_all,forest,development|ETH/USDT|2023-05-26T05:00:00+00:00,0.5010132390414233
1,profitable_after_fees,A_all,forest,development|BTC/USDT|2023-05-26T07:00:00+00:00,0.5140228977678669
1,profitable_after_fees,A_all,forest,development|ETH/USDT|2023-06-02T04:00:00+00:00,0.35647117996530825
1,profitable_after_fees,A_all,forest,development|BTC/USDT|2023-06-02T12:00:00+00:00,0.33966690658131343
1,profitable_after_fees,A_all,forest,development|BTC/USDT|2023-06-04T21:00:00+00:00,0.5298138036713893
1,profitable_after_fees,A_all,forest,development|ETH/USDT|2023-06-04T21:00:00+00:00,0.5389115286588201
1,profitable_after_fees,A_all,forest,development|ETH/USDT|2023-06-07T01:00:00+00:00,0.36598311733134786
1,profitable_after_fees,A_all,forest,development|BTC/USDT|2023-06-07T02:00:00+00:00,0.26217674478232816
1,profitable_after_fees,A_all,forest,development|BTC/USDT|2023-06-09T07:00:00+00:00,0.5051568416963157
1,profitable_after_fees,A_all,forest,development|ETH/USDT|2023-06-09T14:00:00+00:00,0.5851343231072338
1,profitable_after_fees,A_all,forest,development|BTC/USDT|2023-06-12T01:00:00+00:00,0.4253116996537383
1,profitable_after_fees,A_all,forest,development|ETH/USDT|2023-06-12T06:00:00+00:00,0.5790735513626385
1,profitable_after_fees,A_all,forest,development|ETH/USDT|2023-06-13T21:00:00+00:00,0.5690735513626385
1,profitable_after_fees,A_all,forest,development|ETH/USDT|2023-06-14T14:00:00+00:00,0.577530564937299
1,profitable_after_fees,A_all,forest,development|BTC/USDT|2023-06-14T19:00:00+00:00,0.5658009897739004
1,profitable_after_fees,A_all,forest,development|BTC/USDT|2023-06-16T10:00:00+00:00,0.42521498504935046
1,profitable_after_fees,A_all,forest,development|ETH/USDT|2023-06-16T15:00:00+00:00,0.555344677424399
1,profitable_after_fees,A_all,forest,development|BTC/USDT|2023-06-19T23:00:00+00:00,0.2571049651257961
1,profitable_after_fees,A_all,forest,development|ETH/USDT|2023-06-20T12:00:00+00:00,0.44519855136263814
1,profitable_after_fees,A_all,forest,development|BTC/USDT|2023-06-23T16:00:00+00:00,0.20953445892061512
1,profitable_after_fees,A_all,forest,development|ETH/USDT|2023-06-24T04:00:00+00:00,0.372803642521909
1,profitable_after_fees,A_all,forest,development|BTC/USDT|2023-06-25T12:00:00+00:00,0.27284948312070134
1,profitable_after_fees,A_all,forest,development|ETH/USDT|2023-06-25T12:00:00+00:00,0.22195829329917077
1,profitable_after_fees,A_all,forest,development|BTC/USDT|2023-06-25T20:00:00+00:00,0.5244828650881285
1,profitable_after_fees,A_all,forest,development|BTC/USDT|2023-06-27T15:00:00+00:00,0.2941516759828786
1,profitable_after_fees,A_all,forest,development|ETH/USDT|2023-06-27T20:00:00+00:00,0.31895307711013104
1,profitable_after_fees,A_all,forest,development|BTC/USDT|2023-06-29T20:00:00+00:00,0.41288715081935967
1,profitable_after_fees,A_all,forest,development|ETH/USDT|2023-06-30T01:00:00+00:00,0.5790735513626385
1,profitable_after_fees,A_all,hist_gradient,development|BTC/USDT|2023-04-01T04:00:00+00:00,0.4590572695853357
1,profitable_after_fees,A_all,hist_gradient,development|ETH/USDT|2023-04-04T02:00:00+00:00,0.47746305793183724
1,profitable_after_fees,A_all,hist_gradient,development|BTC/USDT|2023-04-04T18:00:00+00:00,0.2762756647891713
1,profitable_after_fees,A_all,hist_gradient,development|BTC/USDT|2023-04-08T11:00:00+00:00,0.40636357803128953
1,profitable_after_fees,A_all,hist_gradient,development|ETH/USDT|2023-04-08T15:00:00+00:00,0.5075510128067781
1,profitable_after_fees,A_all,hist_gradient,development|BTC/USDT|2023-04-09T23:00:00+00:00,0.4133010336019072
1,profitable_after_fees,A_all,hist_gradient,development|ETH/USDT|2023-04-10T10:00:00+00:00,0.47615722625348544
1,profitable_after_fees,A_all,hist_gradient,development|ETH/USDT|2023-04-13T05:00:00+00:00,0.4590572695853357
1,profitable_after_fees,A_all,hist_gradient,development|BTC/USDT|2023-04-13T15:00:00+00:00,0.2676490771995066
1,profitable_after_fees,A_all,hist_gradient,development|ETH/USDT|2023-04-16T20:00:00+00:00,0.38702976543655887
1,profitable_after_fees,A_all,hist_gradient,development|BTC/USDT|2023-04-18T19:00:00+00:00,0.36487700242721305
1,profitable_after_fees,A_all,hist_gradient,development|ETH/USDT|2023-04-18T21:00:00+00:00,0.46551314877859823
1,profitable_after_fees,A_all,hist_gradient,development|BTC/USDT|2023-04-23T09:00:00+00:00,0.5472418526733402
1,profitable_after_fees,A_all,hist_gradient,development|ETH/USDT|2023-04-23T12:00:00+00:00,0.45538126446446847
1,profitable_after_fees,A_all,hist_gradient,development|BTC/USDT|2023-04-25T23:00:00+00:00,0.4436013299774876
1,profitable_after_fees,A_all,hist_gradient,development|ETH/USDT|2023-04-26T04:00:00+00:00,0.37483374178605056
1,profitable_after_fees,A_all,hist_gradient,development|BTC/USDT|2023-04-29T10:00:00+00:00,0.4184422211609666
1,profitable_after_fees,A_all,hist_gradient,development|ETH/USDT|2023-04-29T23:00:00+00:00,0.35478135375475267
1,profitable_after_fees,A_all,hist_gradient,development|BTC/USDT|2023-04-30T18:00:00+00:00,0.4133010336019072
1,profitable_after_fees,A_all,hist_gradient,development|ETH/USDT|2023-05-02T23:00:00+00:00,0.3187416384153784
1,profitable_after_fees,A_all,hist_gradient,development|BTC/USDT|2023-05-03T02:00:00+00:00,0.34620020624759906
1,profitable_after_fees,A_all,hist_gradient,development|BTC/USDT|2023-05-10T13:00:00+00:00,0.3366999720083268
1,profitable_after_fees,A_all,hist_gradient,development|ETH/USDT|2023-05-10T13:00:00+00:00,0.3276530211687872
1,profitable_after_fees,A_all,hist_gradient,development|ETH/USDT|2023-05-13T09:00:00+00:00,0.3187416384153784
1,profitable_after_fees,A_all,hist_gradient,development|BTC/USDT|2023-05-13T14:00:00+00:00,0.4863385762897773
1,profitable_after_fees,A_all,hist_gradient,development|BTC/USDT|2023-05-18T04:00:00+00:00,0.3187416384153784
1,profitable_after_fees,A_all,hist_gradient,development|ETH/USDT|2023-05-18T09:00:00+00:00,0.47615722625348544
1,profitable_after_fees,A_all,hist_gradient,development|ETH/USDT|2023-05-20T03:00:00+00:00,0.44670677545264287
1,profitable_after_fees,A_all,hist_gradient,development|BTC/USDT|2023-05-20T16:00:00+00:00,0.5061246157826153
1,profitable_after_fees,A_all,hist_gradient,development|ETH/USDT|2023-05-22T22:00:00+00:00,0.5371187274963292
1,profitable_after_fees,A_all,hist_gradient,development|BTC/USDT|2023-05-23T04:00:00+00:00,0.3276530211687872
1,profitable_after_fees,A_all,hist_gradient,development|ETH/USDT|2023-05-26T05:00:00+00:00,0.3644380747874012
1,profitable_after_fees,A_all,hist_gradient,development|BTC/USDT|2023-05-26T07:00:00+00:00,0.4055580989928799
1,profitable_after_fees,A_all,hist_gradient,development|ETH/USDT|2023-06-02T04:00:00+00:00,0.337027691824892
1,profitable_after_fees,A_all,hist_gradient,development|BTC/USDT|2023-06-02T12:00:00+00:00,0.2851846963430662
1,profitable_after_fees,A_all,hist_gradient,development|BTC/USDT|2023-06-04T21:00:00+00:00,0.4959289663568845
1,profitable_after_fees,A_all,hist_gradient,development|ETH/USDT|2023-06-04T21:00:00+00:00,0.4863385762897773
1,profitable_after_fees,A_all,hist_gradient,development|ETH/USDT|2023-06-07T01:00:00+00:00,0.4436013299774876
1,profitable_after_fees,A_all,hist_gradient,development|BTC/USDT|2023-06-07T02:00:00+00:00,0.38702976543655887
1,profitable_after_fees,A_all,hist_gradient,development|BTC/USDT|2023-06-09T07:00:00+00:00,0.47746305793183724
1,profitable_after_fees,A_all,hist_gradient,development|ETH/USDT|2023-06-09T14:00:00+00:00,0.5075510128067781
1,profitable_after_fees,A_all,hist_gradient,development|BTC/USDT|2023-06-12T01:00:00+00:00,0.3935590916090549
1,profitable_after_fees,A_all,hist_gradient,development|ETH/USDT|2023-06-12T06:00:00+00:00,0.4876463373004864
1,profitable_after_fees,A_all,hist_gradient,development|ETH/USDT|2023-06-13T21:00:00+00:00,0.47746305793183724
1,profitable_after_fees,A_all,hist_gradient,development|ETH/USDT|2023-06-14T14:00:00+00:00,0.46634428792945304
1,profitable_after_fees,A_all,hist_gradient,development|BTC/USDT|2023-06-14T19:00:00+00:00,0.46634428792945304
1,profitable_after_fees,A_all,hist_gradient,development|BTC/USDT|2023-06-16T10:00:00+00:00,0.43571230915790377
1,profitable_after_fees,A_all,hist_gradient,development|ETH/USDT|2023-06-16T15:00:00+00:00,0.4964025692302098
1,profitable_after_fees,A_all,hist_gradient,development|BTC/USDT|2023-06-19T23:00:00+00:00,0.3309244613938279
1,profitable_after_fees,A_all,hist_gradient,development|ETH/USDT|2023-06-20T12:00:00+00:00,0.4257124256376006
1,profitable_after_fees,A_all,hist_gradient,development|BTC/USDT|2023-06-23T16:00:00+00:00,0.2676490771995066
1,profitable_after_fees,A_all,hist_gradient,development|ETH/USDT|2023-06-24T04:00:00+00:00,0.3392176644453247
1,profitable_after_fees,A_all,hist_gradient,development|BTC/USDT|2023-06-25T12:00:00+00:00,0.22256598570005207
1,profitable_after_fees,A_all,hist_gradient,development|ETH/USDT|2023-06-25T12:00:00+00:00,0.2954541183840648
1,profitable_after_fees,A_all,hist_gradient,development|BTC/USDT|2023-06-25T20:00:00+00:00,0.4365336972519498
1,profitable_after_fees,A_all,hist_gradient,development|BTC/USDT|2023-06-27T15:00:00+00:00,0.3554786990746934
1,profitable_after_fees,A_all,hist_gradient,development|ETH/USDT|2023-06-27T20:00:00+00:00,0.37483374178605056
1,profitable_after_fees,A_all,hist_gradient,development|BTC/USDT|2023-06-29T20:00:00+00:00,0.337027691824892
1,profitable_after_fees,A_all,hist_gradient,development|ETH/USDT|2023-06-30T01:00:00+00:00,0.4876463373004864
1,profitable_after_fees,B_reduced,dummy,development|BTC/USDT|2023-04-01T04:00:00+00:00,0.38
1,profitable_after_fees,B_reduced,dummy,development|ETH/USDT|2023-04-04T02:00:00+00:00,0.38
1,profitable_after_fees,B_reduced,dummy,development|BTC/USDT|2023-04-04T18:00:00+00:00,0.38
1,profitable_after_fees,B_reduced,dummy,development|BTC/USDT|2023-04-08T11:00:00+00:00,0.38
1,profitable_after_fees,B_reduced,dummy,development|ETH/USDT|2023-04-08T15:00:00+00:00,0.38
1,profitable_after_fees,B_reduced,dummy,development|BTC/USDT|2023-04-09T23:00:00+00:00,0.38
1,profitable_after_fees,B_reduced,dummy,development|ETH/USDT|2023-04-10T10:00:00+00:00,0.38
1,profitable_after_fees,B_reduced,dummy,development|ETH/USDT|2023-04-13T05:00:00+00:00,0.38
1,profitable_after_fees,B_reduced,dummy,development|BTC/USDT|2023-04-13T15:00:00+00:00,0.38
1,profitable_after_fees,B_reduced,dummy,development|ETH/USDT|2023-04-16T20:00:00+00:00,0.38
1,profitable_after_fees,B_reduced,dummy,development|BTC/USDT|2023-04-18T19:00:00+00:00,0.38
1,profitable_after_fees,B_reduced,dummy,development|ETH/USDT|2023-04-18T21:00:00+00:00,0.38
1,profitable_after_fees,B_reduced,dummy,development|BTC/USDT|2023-04-23T09:00:00+00:00,0.38
1,profitable_after_fees,B_reduced,dummy,development|ETH/USDT|2023-04-23T12:00:00+00:00,0.38
1,profitable_after_fees,B_reduced,dummy,development|BTC/USDT|2023-04-25T23:00:00+00:00,0.38
1,profitable_after_fees,B_reduced,dummy,development|ETH/USDT|2023-04-26T04:00:00+00:00,0.38
1,profitable_after_fees,B_reduced,dummy,development|BTC/USDT|2023-04-29T10:00:00+00:00,0.38
1,profitable_after_fees,B_reduced,dummy,development|ETH/USDT|2023-04-29T23:00:00+00:00,0.38
1,profitable_after_fees,B_reduced,dummy,development|BTC/USDT|2023-04-30T18:00:00+00:00,0.38
1,profitable_after_fees,B_reduced,dummy,development|ETH/USDT|2023-05-02T23:00:00+00:00,0.38
1,profitable_after_fees,B_reduced,dummy,development|BTC/USDT|2023-05-03T02:00:00+00:00,0.38
1,profitable_after_fees,B_reduced,dummy,development|BTC/USDT|2023-05-10T13:00:00+00:00,0.38
1,profitable_after_fees,B_reduced,dummy,development|ETH/USDT|2023-05-10T13:00:00+00:00,0.38
1,profitable_after_fees,B_reduced,dummy,development|ETH/USDT|2023-05-13T09:00:00+00:00,0.38
1,profitable_after_fees,B_reduced,dummy,development|BTC/USDT|2023-05-13T14:00:00+00:00,0.38
1,profitable_after_fees,B_reduced,dummy,development|BTC/USDT|2023-05-18T04:00:00+00:00,0.38
1,profitable_after_fees,B_reduced,dummy,development|ETH/USDT|2023-05-18T09:00:00+00:00,0.38
1,profitable_after_fees,B_reduced,dummy,development|ETH/USDT|2023-05-20T03:00:00+00:00,0.38
1,profitable_after_fees,B_reduced,dummy,development|BTC/USDT|2023-05-20T16:00:00+00:00,0.38
1,profitable_after_fees,B_reduced,dummy,development|ETH/USDT|2023-05-22T22:00:00+00:00,0.38
1,profitable_after_fees,B_reduced,dummy,development|BTC/USDT|2023-05-23T04:00:00+00:00,0.38
1,profitable_after_fees,B_reduced,dummy,development|ETH/USDT|2023-05-26T05:00:00+00:00,0.38
1,profitable_after_fees,B_reduced,dummy,development|BTC/USDT|2023-05-26T07:00:00+00:00,0.38
1,profitable_after_fees,B_reduced,dummy,development|ETH/USDT|2023-06-02T04:00:00+00:00,0.38
1,profitable_after_fees,B_reduced,dummy,development|BTC/USDT|2023-06-02T12:00:00+00:00,0.38
1,profitable_after_fees,B_reduced,dummy,development|BTC/USDT|2023-06-04T21:00:00+00:00,0.38
1,profitable_after_fees,B_reduced,dummy,development|ETH/USDT|2023-06-04T21:00:00+00:00,0.38
1,profitable_after_fees,B_reduced,dummy,development|ETH/USDT|2023-06-07T01:00:00+00:00,0.38
1,profitable_after_fees,B_reduced,dummy,development|BTC/USDT|2023-06-07T02:00:00+00:00,0.38
1,profitable_after_fees,B_reduced,dummy,development|BTC/USDT|2023-06-09T07:00:00+00:00,0.38
1,profitable_after_fees,B_reduced,dummy,development|ETH/USDT|2023-06-09T14:00:00+00:00,0.38
1,profitable_after_fees,B_reduced,dummy,development|BTC/USDT|2023-06-12T01:00:00+00:00,0.38
1,profitable_after_fees,B_reduced,dummy,development|ETH/USDT|2023-06-12T06:00:00+00:00,0.38
1,profitable_after_fees,B_reduced,dummy,development|ETH/USDT|2023-06-13T21:00:00+00:00,0.38
1,profitable_after_fees,B_reduced,dummy,development|ETH/USDT|2023-06-14T14:00:00+00:00,0.38
1,profitable_after_fees,B_reduced,dummy,development|BTC/USDT|2023-06-14T19:00:00+00:00,0.38
1,profitable_after_fees,B_reduced,dummy,development|BTC/USDT|2023-06-16T10:00:00+00:00,0.38
1,profitable_after_fees,B_reduced,dummy,development|ETH/USDT|2023-06-16T15:00:00+00:00,0.38
1,profitable_after_fees,B_reduced,dummy,development|BTC/USDT|2023-06-19T23:00:00+00:00,0.38
1,profitable_after_fees,B_reduced,dummy,development|ETH/USDT|2023-06-20T12:00:00+00:00,0.38
1,profitable_after_fees,B_reduced,dummy,development|BTC/USDT|2023-06-23T16:00:00+00:00,0.38
1,profitable_after_fees,B_reduced,dummy,development|ETH/USDT|2023-06-24T04:00:00+00:00,0.38
1,profitable_after_fees,B_reduced,dummy,development|BTC/USDT|2023-06-25T12:00:00+00:00,0.38
1,profitable_after_fees,B_reduced,dummy,development|ETH/USDT|2023-06-25T12:00:00+00:00,0.38
1,profitable_after_fees,B_reduced,dummy,development|BTC/USDT|2023-06-25T20:00:00+00:00,0.38
1,profitable_after_fees,B_reduced,dummy,development|BTC/USDT|2023-06-27T15:00:00+00:00,0.38
1,profitable_after_fees,B_reduced,dummy,development|ETH/USDT|2023-06-27T20:00:00+00:00,0.38
1,profitable_after_fees,B_reduced,dummy,development|BTC/USDT|2023-06-29T20:00:00+00:00,0.38
1,profitable_after_fees,B_reduced,dummy,development|ETH/USDT|2023-06-30T01:00:00+00:00,0.38
1,profitable_after_fees,B_reduced,logistic,development|BTC/USDT|2023-04-01T04:00:00+00:00,0.5324910960649201
1,profitable_after_fees,B_reduced,logistic,development|ETH/USDT|2023-04-04T02:00:00+00:00,0.5121905538223779
1,profitable_after_fees,B_reduced,logistic,development|BTC/USDT|2023-04-04T18:00:00+00:00,0.15232558356248105
1,profitable_after_fees,B_reduced,logistic,development|BTC/USDT|2023-04-08T11:00:00+00:00,0.20453291005873964
1,profitable_after_fees,B_reduced,logistic,development|ETH/USDT|2023-04-08T15:00:00+00:00,0.40435853246772574
1,profitable_after_fees,B_reduced,logistic,development|BTC/USDT|2023-04-09T23:00:00+00:00,0.40632137212398634
1,profitable_after_fees,B_reduced,logistic,development|ETH/USDT|2023-04-10T10:00:00+00:00,0.5847375815122493
1,profitable_after_fees,B_reduced,logistic,development|ETH/USDT|2023-04-13T05:00:00+00:00,0.5435248376837132
1,profitable_after_fees,B_reduced,logistic,development|BTC/USDT|2023-04-13T15:00:00+00:00,0.37940537388856854
1,profitable_after_fees,B_reduced,logistic,development|ETH/USDT|2023-04-16T20:00:00+00:00,0.6269614488616091
1,profitable_after_fees,B_reduced,logistic,development|BTC/USDT|2023-04-18T19:00:00+00:00,0.35701587517452027
1,profitable_after_fees,B_reduced,logistic,development|ETH/USDT|2023-04-18T21:00:00+00:00,0.29529840418938885
1,profitable_after_fees,B_reduced,logistic,development|BTC/USDT|2023-04-23T09:00:00+00:00,0.7485157157855646
1,profitable_after_fees,B_reduced,logistic,development|ETH/USDT|2023-04-23T12:00:00+00:00,0.42231234036892573
1,profitable_after_fees,B_reduced,logistic,development|BTC/USDT|2023-04-25T23:00:00+00:00,0.8066417821745927
1,profitable_after_fees,B_reduced,logistic,development|ETH/USDT|2023-04-26T04:00:00+00:00,0.34152928006935757
1,profitable_after_fees,B_reduced,logistic,development|BTC/USDT|2023-04-29T10:00:00+00:00,0.6285628063736711
1,profitable_after_fees,B_reduced,logistic,development|ETH/USDT|2023-04-29T23:00:00+00:00,0.23528259424208461
1,profitable_after_fees,B_reduced,logistic,development|BTC/USDT|2023-04-30T18:00:00+00:00,0.36908073595828583
1,profitable_after_fees,B_reduced,logistic,development|ETH/USDT|2023-05-02T23:00:00+00:00,0.33521836419761425
1,profitable_after_fees,B_reduced,logistic,development|BTC/USDT|2023-05-03T02:00:00+00:00,0.3442289886814253
1,profitable_after_fees,B_reduced,logistic,development|BTC/USDT|2023-05-10T13:00:00+00:00,0.6982273998901934
1,profitable_after_fees,B_reduced,logistic,development|ETH/USDT|2023-05-10T13:00:00+00:00,0.3606339286621165
1,profitable_after_fees,B_reduced,logistic,development|ETH/USDT|2023-05-13T09:00:00+00:00,0.4450682954285944
1,profitable_after_fees,B_reduced,logistic,development|BTC/USDT|2023-05-13T14:00:00+00:00,0.7464225384108845
1,profitable_after_fees,B_reduced,logistic,development|BTC/USDT|2023-05-18T04:00:00+00:00,0.5163445035126629
1,profitable_after_fees,B_reduced,logistic,development|ETH/USDT|2023-05-18T09:00:00+00:00,0.5368257766466528
1,profitable_after_fees,B_reduced,logistic,development|ETH/USDT|2023-05-20T03:00:00+00:00,0.22936867624125315
1,profitable_after_fees,B_reduced,logistic,development|BTC/USDT|2023-05-20T16:00:00+00:00,0.5186162918662862
1,profitable_after_fees,B_reduced,logistic,development|ETH/USDT|2023-05-22T22:00:00+00:00,0.48376947252261726
1,profitable_after_fees,B_reduced,logistic,development|BTC/USDT|2023-05-23T04:00:00+00:00,0.3172445786761053
1,profitable_after_fees,B_reduced,logistic,development|ETH/USDT|2023-05-26T05:00:00+00:00,0.5778052715994413
1,profitable_after_fees,B_reduced,logistic,development|BTC/USDT|2023-05-26T07:00:00+00:00,0.3792846379653402
1,profitable_after_fees,B_reduced,logistic,development|ETH/USDT|2023-06-02T04:00:00+00:00,0.5783435491154876
1,profitable_after_fees,B_reduced,logistic,development|BTC/USDT|2023-06-02T12:00:00+00:00,0.39625314329800676
1,profitable_after_fees,B_reduced,logistic,development|BTC/USDT|2023-06-04T21:00:00+00:00,0.44635251204615656
1,profitable_after_fees,B_reduced,logistic,development|ETH/USDT|2023-06-04T21:00:00+00:00,0.5199232478149521
1,profitable_after_fees,B_reduced,logistic,development|ETH/USDT|2023-06-07T01:00:00+00:00,0.6384167946636491
1,profitable_after_fees,B_reduced,logistic,development|BTC/USDT|2023-06-07T02:00:00+00:00,0.18186236956993831
1,profitable_after_fees,B_reduced,logistic,development|BTC/USDT|2023-06-09T07:00:00+00:00,0.391649672380035
1,profitable_after_fees,B_reduced,logistic,development|ETH/USDT|2023-06-09T14:00:00+00:00,0.34069472408437557
1,profitable_after_fees,B_reduced,logistic,development|BTC/USDT|2023-06-12T01:00:00+00:00,0.4888296346954989
1,profitable_after_fees,B_reduced,logistic,development|ETH/USDT|2023-06-12T06:00:00+00:00,0.7372654045797078
1,profitable_after_fees,B_reduced,logistic,development|ETH/USDT|2023-06-13T21:00:00+00:00,0.6768934752703409
1,profitable_after_fees,B_reduced,logistic,development|ETH/USDT|2023-06-14T14:00:00+00:00,0.32926108562547596
1,profitable_after_fees,B_reduced,logistic,development|BTC/USDT|2023-06-14T19:00:00+00:00,0.5590518696037985
1,profitable_after_fees,B_reduced,logistic,development|BTC/USDT|2023-06-16T10:00:00+00:00,0.3523580635828147
1,profitable_after_fees,B_reduced,logistic,development|ETH/USDT|2023-06-16T15:00:00+00:00,0.6119415427591468
1,profitable_after_fees,B_reduced,logistic,development|BTC/USDT|2023-06-19T23:00:00+00:00,0.5312057830026101
1,profitable_after_fees,B_reduced,logistic,development|ETH/USDT|2023-06-20T12:00:00+00:00,0.18473304954167136
1,profitable_after_fees,B_reduced,logistic,development|BTC/USDT|2023-06-23T16:00:00+00:00,0.18607033873713316
1,profitable_after_fees,B_reduced,logistic,development|ETH/USDT|2023-06-24T04:00:00+00:00,0.39234362418984337
1,profitable_after_fees,B_reduced,logistic,development|BTC/USDT|2023-06-25T12:00:00+00:00,0.12490399774763399
1,profitable_after_fees,B_reduced,logistic,development|ETH/USDT|2023-06-25T12:00:00+00:00,0.35352105605811657
1,profitable_after_fees,B_reduced,logistic,development|BTC/USDT|2023-06-25T20:00:00+00:00,0.2894465091741463
1,profitable_after_fees,B_reduced,logistic,development|BTC/USDT|2023-06-27T15:00:00+00:00,0.1716195989286983
1,profitable_after_fees,B_reduced,logistic,development|ETH/USDT|2023-06-27T20:00:00+00:00,0.2719902479338359
1,profitable_after_fees,B_reduced,logistic,development|BTC/USDT|2023-06-29T20:00:00+00:00,0.40581679487231914
1,profitable_after_fees,B_reduced,logistic,development|ETH/USDT|2023-06-30T01:00:00+00:00,0.6315103723143081
1,profitable_after_fees,B_reduced,forest,development|BTC/USDT|2023-04-01T04:00:00+00:00,0.3343831381037264
1,profitable_after_fees,B_reduced,forest,development|ETH/USDT|2023-04-04T02:00:00+00:00,0.4817285949344779
1,profitable_after_fees,B_reduced,forest,development|BTC/USDT|2023-04-04T18:00:00+00:00,0.3003442044489206
1,profitable_after_fees,B_reduced,forest,development|BTC/USDT|2023-04-08T11:00:00+00:00,0.4764516341501638
1,profitable_after_fees,B_reduced,forest,development|ETH/USDT|2023-04-08T15:00:00+00:00,0.5748064835491311
1,profitable_after_fees,B_reduced,forest,development|BTC/USDT|2023-04-09T23:00:00+00:00,0.388061798945927
1,profitable_after_fees,B_reduced,forest,development|ETH/USDT|2023-04-10T10:00:00+00:00,0.5421338236926477
1,profitable_after_fees,B_reduced,forest,development|ETH/USDT|2023-04-13T05:00:00+00:00,0.34661843222137345
1,profitable_after_fees,B_reduced,forest,development|BTC/USDT|2023-04-13T15:00:00+00:00,0.24382292262616811
1,profitable_after_fees,B_reduced,forest,development|ETH/USDT|2023-04-16T20:00:00+00:00,0.29572406641701776
1,profitable_after_fees,B_reduced,forest,development|BTC/USDT|2023-04-18T19:00:00+00:00,0.3331725958287825
1,profitable_after_fees,B_reduced,forest,development|ETH/USDT|2023-04-18T21:00:00+00:00,0.5392354051177584
1,profitable_after_fees,B_reduced,forest,development|BTC/USDT|2023-04-23T09:00:00+00:00,0.5918260913922684
1,profitable_after_fees,B_reduced,forest,development|ETH/USDT|2023-04-23T12:00:00+00:00,0.5449510913922683
1,profitable_after_fees,B_reduced,forest,development|BTC/USDT|2023-04-25T23:00:00+00:00,0.387302497789567
1,profitable_after_fees,B_reduced,forest,development|ETH/USDT|2023-04-26T04:00:00+00:00,0.32107509937099193
1,profitable_after_fees,B_reduced,forest,development|BTC/USDT|2023-04-29T10:00:00+00:00,0.3885586602939547
1,profitable_after_fees,B_reduced,forest,development|ETH/USDT|2023-04-29T23:00:00+00:00,0.42423022892140566
1,profitable_after_fees,B_reduced,forest,development|BTC/USDT|2023-04-30T18:00:00+00:00,0.3558743932144036
1,profitable_after_fees,B_reduced,forest,development|ETH/USDT|2023-05-02T23:00:00+00:00,0.3033863738807957
1,profitable_after_fees,B_reduced,forest,development|BTC/USDT|2023-05-03T02:00:00+00:00,0.36247871128195686
1,profitable_after_fees,B_reduced,forest,development|BTC/USDT|2023-05-10T13:00:00+00:00,0.3828191518871034
1,profitable_after_fees,B_reduced,forest,development|ETH/USDT|2023-05-10T13:00:00+00:00,0.3622734002531166
1,profitable_after_fees,B_reduced,forest,development|ETH/USDT|2023-05-13T09:00:00+00:00,0.335849106409705
1,profitable_after_fees,B_reduced,forest,development|BTC/USDT|2023-05-13T14:00:00+00:00,0.5185284315357849
1,profitable_after_fees,B_reduced,forest,development|BTC/USDT|2023-05-18T04:00:00+00:00,0.2632948706128219
1,profitable_after_fees,B_reduced,forest,development|ETH/USDT|2023-05-18T09:00:00+00:00,0.46818120931356283
1,profitable_after_fees,B_reduced,forest,development|ETH/USDT|2023-05-20T03:00:00+00:00,0.542716340032517
1,profitable_after_fees,B_reduced,forest,development|BTC/USDT|2023-05-20T16:00:00+00:00,0.5562705358367127
1,profitable_after_fees,B_reduced,forest,development|ETH/USDT|2023-05-22T22:00:00+00:00,0.5112068103465169
1,profitable_after_fees,B_reduced,forest,development|BTC/USDT|2023-05-23T04:00:00+00:00,0.3203077139786067
1,profitable_after_fees,B_reduced,forest,development|ETH/USDT|2023-05-26T05:00:00+00:00,0.4518195232477688
1,profitable_after_fees,B_reduced,forest,development|BTC/USDT|2023-05-26T07:00:00+00:00,0.5087923204246736
1,profitable_after_fees,B_reduced,forest,development|ETH/USDT|2023-06-02T04:00:00+00:00,0.3400231260175481
1,profitable_after_fees,B_reduced,forest,development|BTC/USDT|2023-06-02T12:00:00+00:00,0.32500715750893255
1,profitable_after_fees,B_reduced,forest,development|BTC/USDT|2023-06-04T21:00:00+00:00,0.47638491492168017
1,profitable_after_fees,B_reduced,forest,development|ETH/USDT|2023-06-04T21:00:00+00:00,0.5051117648691182
1,profitable_after_fees,B_reduced,forest,development|ETH/USDT|2023-06-07T01:00:00+00:00,0.35605413177649514
1,profitable_after_fees,B_reduced,forest,development|BTC/USDT|2023-06-07T02:00:00+00:00,0.2805018441947956
1,profitable_after_fees,B_reduced,forest,development|BTC/USDT|2023-06-09T07:00:00+00:00,0.5428741683153453
1,profitable_after_fees,B_reduced,forest,development|ETH/USDT|2023-06-09T14:00:00+00:00,0.5804028887778894
1,profitable_after_fees,B_reduced,forest,development|BTC/USDT|2023-06-12T01:00:00+00:00,0.4324649480843702
1,profitable_after_fees,B_reduced,forest,development|ETH/USDT|2023-06-12T06:00:00+00:00,0.5662718955880726
1,profitable_after_fees,B_reduced,forest,development|ETH/USDT|2023-06-13T21:00:00+00:00,0.5623325016486787
1,profitable_after_fees,B_reduced,forest,development|ETH/USDT|2023-06-14T14:00:00+00:00,0.5564927580589349
1,profitable_after_fees,B_reduced,forest,development|BTC/USDT|2023-06-14T19:00:00+00:00,0.549603869170046
1,profitable_after_fees,B_reduced,forest,development|BTC/USDT|2023-06-16T10:00:00+00:00,0.4277045307633545
1,profitable_after_fees,B_reduced,forest,development|ETH/USDT|2023-06-16T15:00:00+00:00,0.5525066469478238
1,profitable_after_fees,B_reduced,forest,development|BTC/USDT|2023-06-19T23:00:00+00:00,0.2696790060851927
1,profitable_after_fees,B_reduced,forest,development|ETH/USDT|2023-06-20T12:00:00+00:00,0.43286666682990244
1,profitable_after_fees,B_reduced,forest,development|BTC/USDT|2023-06-23T16:00:00+00:00,0.22600919713597203
1,profitable_after_fees,B_reduced,forest,development|ETH/USDT|2023-06-24T04:00:00+00:00,0.3752089870913402
1,profitable_after_fees,B_reduced,forest,development|BTC/USDT|2023-06-25T12:00:00+00:00,0.2564107522801742
1,profitable_after_fees,B_reduced,forest,development|ETH/USDT|2023-06-25T12:00:00+00:00,0.2160940387649313
1,profitable_after_fees,B_reduced,forest,development|BTC/USDT|2023-06-25T20:00:00+00:00,0.5126812093135625
1,profitable_after_fees,B_reduced,forest,development|BTC/USDT|2023-06-27T15:00:00+00:00,0.28944547164577594
1,profitable_after_fees,B_reduced,forest,development|ETH/USDT|2023-06-27T20:00:00+00:00,0.32048717830512985
1,profitable_after_fees,B_reduced,forest,development|BTC/USDT|2023-06-29T20:00:00+00:00,0.3337899857917607
1,profitable_after_fees,B_reduced,forest,development|ETH/USDT|2023-06-30T01:00:00+00:00,0.5662718955880726
1,profitable_after_fees,B_reduced,hist_gradient,development|BTC/USDT|2023-04-01T04:00:00+00:00,0.4590572695853357
1,profitable_after_fees,B_reduced,hist_gradient,development|ETH/USDT|2023-04-04T02:00:00+00:00,0.47746305793183724
1,profitable_after_fees,B_reduced,hist_gradient,development|BTC/USDT|2023-04-04T18:00:00+00:00,0.2762756647891713
1,profitable_after_fees,B_reduced,hist_gradient,development|BTC/USDT|2023-04-08T11:00:00+00:00,0.40636357803128953
1,profitable_after_fees,B_reduced,hist_gradient,development|ETH/USDT|2023-04-08T15:00:00+00:00,0.5075510128067781
1,profitable_after_fees,B_reduced,hist_gradient,development|BTC/USDT|2023-04-09T23:00:00+00:00,0.4133010336019072
1,profitable_after_fees,B_reduced,hist_gradient,development|ETH/USDT|2023-04-10T10:00:00+00:00,0.47615722625348544
1,profitable_after_fees,B_reduced,hist_gradient,development|ETH/USDT|2023-04-13T05:00:00+00:00,0.4590572695853357
1,profitable_after_fees,B_reduced,hist_gradient,development|BTC/USDT|2023-04-13T15:00:00+00:00,0.2676490771995066
1,profitable_after_fees,B_reduced,hist_gradient,development|ETH/USDT|2023-04-16T20:00:00+00:00,0.38702976543655887
1,profitable_after_fees,B_reduced,hist_gradient,development|BTC/USDT|2023-04-18T19:00:00+00:00,0.36487700242721305
1,profitable_after_fees,B_reduced,hist_gradient,development|ETH/USDT|2023-04-18T21:00:00+00:00,0.46551314877859823
1,profitable_after_fees,B_reduced,hist_gradient,development|BTC/USDT|2023-04-23T09:00:00+00:00,0.5472418526733402
1,profitable_after_fees,B_reduced,hist_gradient,development|ETH/USDT|2023-04-23T12:00:00+00:00,0.45538126446446847
1,profitable_after_fees,B_reduced,hist_gradient,development|BTC/USDT|2023-04-25T23:00:00+00:00,0.4436013299774876
1,profitable_after_fees,B_reduced,hist_gradient,development|ETH/USDT|2023-04-26T04:00:00+00:00,0.37483374178605056
1,profitable_after_fees,B_reduced,hist_gradient,development|BTC/USDT|2023-04-29T10:00:00+00:00,0.4184422211609666
1,profitable_after_fees,B_reduced,hist_gradient,development|ETH/USDT|2023-04-29T23:00:00+00:00,0.35478135375475267
1,profitable_after_fees,B_reduced,hist_gradient,development|BTC/USDT|2023-04-30T18:00:00+00:00,0.4133010336019072
1,profitable_after_fees,B_reduced,hist_gradient,development|ETH/USDT|2023-05-02T23:00:00+00:00,0.3187416384153784
1,profitable_after_fees,B_reduced,hist_gradient,development|BTC/USDT|2023-05-03T02:00:00+00:00,0.34620020624759906
1,profitable_after_fees,B_reduced,hist_gradient,development|BTC/USDT|2023-05-10T13:00:00+00:00,0.3366999720083268
1,profitable_after_fees,B_reduced,hist_gradient,development|ETH/USDT|2023-05-10T13:00:00+00:00,0.3276530211687872
1,profitable_after_fees,B_reduced,hist_gradient,development|ETH/USDT|2023-05-13T09:00:00+00:00,0.3187416384153784
1,profitable_after_fees,B_reduced,hist_gradient,development|BTC/USDT|2023-05-13T14:00:00+00:00,0.4863385762897773
1,profitable_after_fees,B_reduced,hist_gradient,development|BTC/USDT|2023-05-18T04:00:00+00:00,0.3187416384153784
1,profitable_after_fees,B_reduced,hist_gradient,development|ETH/USDT|2023-05-18T09:00:00+00:00,0.47615722625348544
1,profitable_after_fees,B_reduced,hist_gradient,development|ETH/USDT|2023-05-20T03:00:00+00:00,0.44670677545264287
1,profitable_after_fees,B_reduced,hist_gradient,development|BTC/USDT|2023-05-20T16:00:00+00:00,0.5061246157826153
1,profitable_after_fees,B_reduced,hist_gradient,development|ETH/USDT|2023-05-22T22:00:00+00:00,0.5371187274963292
1,profitable_after_fees,B_reduced,hist_gradient,development|BTC/USDT|2023-05-23T04:00:00+00:00,0.3276530211687872
1,profitable_after_fees,B_reduced,hist_gradient,development|ETH/USDT|2023-05-26T05:00:00+00:00,0.3644380747874012
1,profitable_after_fees,B_reduced,hist_gradient,development|BTC/USDT|2023-05-26T07:00:00+00:00,0.4055580989928799
1,profitable_after_fees,B_reduced,hist_gradient,development|ETH/USDT|2023-06-02T04:00:00+00:00,0.337027691824892
1,profitable_after_fees,B_reduced,hist_gradient,development|BTC/USDT|2023-06-02T12:00:00+00:00,0.2851846963430662
1,profitable_after_fees,B_reduced,hist_gradient,development|BTC/USDT|2023-06-04T21:00:00+00:00,0.4959289663568845
1,profitable_after_fees,B_reduced,hist_gradient,development|ETH/USDT|2023-06-04T21:00:00+00:00,0.4863385762897773
1,profitable_after_fees,B_reduced,hist_gradient,development|ETH/USDT|2023-06-07T01:00:00+00:00,0.4436013299774876
1,profitable_after_fees,B_reduced,hist_gradient,development|BTC/USDT|2023-06-07T02:00:00+00:00,0.38702976543655887
1,profitable_after_fees,B_reduced,hist_gradient,development|BTC/USDT|2023-06-09T07:00:00+00:00,0.47746305793183724
1,profitable_after_fees,B_reduced,hist_gradient,development|ETH/USDT|2023-06-09T14:00:00+00:00,0.5075510128067781
1,profitable_after_fees,B_reduced,hist_gradient,development|BTC/USDT|2023-06-12T01:00:00+00:00,0.3935590916090549
1,profitable_after_fees,B_reduced,hist_gradient,development|ETH/USDT|2023-06-12T06:00:00+00:00,0.4876463373004864
1,profitable_after_fees,B_reduced,hist_gradient,development|ETH/USDT|2023-06-13T21:00:00+00:00,0.47746305793183724
1,profitable_after_fees,B_reduced,hist_gradient,development|ETH/USDT|2023-06-14T14:00:00+00:00,0.46634428792945304
1,profitable_after_fees,B_reduced,hist_gradient,development|BTC/USDT|2023-06-14T19:00:00+00:00,0.46634428792945304
1,profitable_after_fees,B_reduced,hist_gradient,development|BTC/USDT|2023-06-16T10:00:00+00:00,0.43571230915790377
1,profitable_after_fees,B_reduced,hist_gradient,development|ETH/USDT|2023-06-16T15:00:00+00:00,0.4964025692302098
1,profitable_after_fees,B_reduced,hist_gradient,development|BTC/USDT|2023-06-19T23:00:00+00:00,0.3309244613938279
1,profitable_after_fees,B_reduced,hist_gradient,development|ETH/USDT|2023-06-20T12:00:00+00:00,0.4257124256376006
1,profitable_after_fees,B_reduced,hist_gradient,development|BTC/USDT|2023-06-23T16:00:00+00:00,0.2676490771995066
1,profitable_after_fees,B_reduced,hist_gradient,development|ETH/USDT|2023-06-24T04:00:00+00:00,0.3392176644453247
1,profitable_after_fees,B_reduced,hist_gradient,development|BTC/USDT|2023-06-25T12:00:00+00:00,0.22256598570005207
1,profitable_after_fees,B_reduced,hist_gradient,development|ETH/USDT|2023-06-25T12:00:00+00:00,0.2954541183840648
1,profitable_after_fees,B_reduced,hist_gradient,development|BTC/USDT|2023-06-25T20:00:00+00:00,0.4365336972519498
1,profitable_after_fees,B_reduced,hist_gradient,development|BTC/USDT|2023-06-27T15:00:00+00:00,0.3554786990746934
1,profitable_after_fees,B_reduced,hist_gradient,development|ETH/USDT|2023-06-27T20:00:00+00:00,0.37483374178605056
1,profitable_after_fees,B_reduced,hist_gradient,development|BTC/USDT|2023-06-29T20:00:00+00:00,0.337027691824892
1,profitable_after_fees,B_reduced,hist_gradient,development|ETH/USDT|2023-06-30T01:00:00+00:00,0.4876463373004864
1,profitable_after_fees,C_price,dummy,development|BTC/USDT|2023-04-01T04:00:00+00:00,0.38
1,profitable_after_fees,C_price,dummy,development|ETH/USDT|2023-04-04T02:00:00+00:00,0.38
1,profitable_after_fees,C_price,dummy,development|BTC/USDT|2023-04-04T18:00:00+00:00,0.38
1,profitable_after_fees,C_price,dummy,development|BTC/USDT|2023-04-08T11:00:00+00:00,0.38
1,profitable_after_fees,C_price,dummy,development|ETH/USDT|2023-04-08T15:00:00+00:00,0.38
1,profitable_after_fees,C_price,dummy,development|BTC/USDT|2023-04-09T23:00:00+00:00,0.38
1,profitable_after_fees,C_price,dummy,development|ETH/USDT|2023-04-10T10:00:00+00:00,0.38
1,profitable_after_fees,C_price,dummy,development|ETH/USDT|2023-04-13T05:00:00+00:00,0.38
1,profitable_after_fees,C_price,dummy,development|BTC/USDT|2023-04-13T15:00:00+00:00,0.38
1,profitable_after_fees,C_price,dummy,development|ETH/USDT|2023-04-16T20:00:00+00:00,0.38
1,profitable_after_fees,C_price,dummy,development|BTC/USDT|2023-04-18T19:00:00+00:00,0.38
1,profitable_after_fees,C_price,dummy,development|ETH/USDT|2023-04-18T21:00:00+00:00,0.38
1,profitable_after_fees,C_price,dummy,development|BTC/USDT|2023-04-23T09:00:00+00:00,0.38
1,profitable_after_fees,C_price,dummy,development|ETH/USDT|2023-04-23T12:00:00+00:00,0.38
1,profitable_after_fees,C_price,dummy,development|BTC/USDT|2023-04-25T23:00:00+00:00,0.38
1,profitable_after_fees,C_price,dummy,development|ETH/USDT|2023-04-26T04:00:00+00:00,0.38
1,profitable_after_fees,C_price,dummy,development|BTC/USDT|2023-04-29T10:00:00+00:00,0.38
1,profitable_after_fees,C_price,dummy,development|ETH/USDT|2023-04-29T23:00:00+00:00,0.38
1,profitable_after_fees,C_price,dummy,development|BTC/USDT|2023-04-30T18:00:00+00:00,0.38
1,profitable_after_fees,C_price,dummy,development|ETH/USDT|2023-05-02T23:00:00+00:00,0.38
1,profitable_after_fees,C_price,dummy,development|BTC/USDT|2023-05-03T02:00:00+00:00,0.38
1,profitable_after_fees,C_price,dummy,development|BTC/USDT|2023-05-10T13:00:00+00:00,0.38
1,profitable_after_fees,C_price,dummy,development|ETH/USDT|2023-05-10T13:00:00+00:00,0.38
1,profitable_after_fees,C_price,dummy,development|ETH/USDT|2023-05-13T09:00:00+00:00,0.38
1,profitable_after_fees,C_price,dummy,development|BTC/USDT|2023-05-13T14:00:00+00:00,0.38
1,profitable_after_fees,C_price,dummy,development|BTC/USDT|2023-05-18T04:00:00+00:00,0.38
1,profitable_after_fees,C_price,dummy,development|ETH/USDT|2023-05-18T09:00:00+00:00,0.38
1,profitable_after_fees,C_price,dummy,development|ETH/USDT|2023-05-20T03:00:00+00:00,0.38
1,profitable_after_fees,C_price,dummy,development|BTC/USDT|2023-05-20T16:00:00+00:00,0.38
1,profitable_after_fees,C_price,dummy,development|ETH/USDT|2023-05-22T22:00:00+00:00,0.38
1,profitable_after_fees,C_price,dummy,development|BTC/USDT|2023-05-23T04:00:00+00:00,0.38
1,profitable_after_fees,C_price,dummy,development|ETH/USDT|2023-05-26T05:00:00+00:00,0.38
1,profitable_after_fees,C_price,dummy,development|BTC/USDT|2023-05-26T07:00:00+00:00,0.38
1,profitable_after_fees,C_price,dummy,development|ETH/USDT|2023-06-02T04:00:00+00:00,0.38
1,profitable_after_fees,C_price,dummy,development|BTC/USDT|2023-06-02T12:00:00+00:00,0.38
1,profitable_after_fees,C_price,dummy,development|BTC/USDT|2023-06-04T21:00:00+00:00,0.38
1,profitable_after_fees,C_price,dummy,development|ETH/USDT|2023-06-04T21:00:00+00:00,0.38
1,profitable_after_fees,C_price,dummy,development|ETH/USDT|2023-06-07T01:00:00+00:00,0.38
1,profitable_after_fees,C_price,dummy,development|BTC/USDT|2023-06-07T02:00:00+00:00,0.38
1,profitable_after_fees,C_price,dummy,development|BTC/USDT|2023-06-09T07:00:00+00:00,0.38
1,profitable_after_fees,C_price,dummy,development|ETH/USDT|2023-06-09T14:00:00+00:00,0.38
1,profitable_after_fees,C_price,dummy,development|BTC/USDT|2023-06-12T01:00:00+00:00,0.38
1,profitable_after_fees,C_price,dummy,development|ETH/USDT|2023-06-12T06:00:00+00:00,0.38
1,profitable_after_fees,C_price,dummy,development|ETH/USDT|2023-06-13T21:00:00+00:00,0.38
1,profitable_after_fees,C_price,dummy,development|ETH/USDT|2023-06-14T14:00:00+00:00,0.38
1,profitable_after_fees,C_price,dummy,development|BTC/USDT|2023-06-14T19:00:00+00:00,0.38
1,profitable_after_fees,C_price,dummy,development|BTC/USDT|2023-06-16T10:00:00+00:00,0.38
1,profitable_after_fees,C_price,dummy,development|ETH/USDT|2023-06-16T15:00:00+00:00,0.38
1,profitable_after_fees,C_price,dummy,development|BTC/USDT|2023-06-19T23:00:00+00:00,0.38
1,profitable_after_fees,C_price,dummy,development|ETH/USDT|2023-06-20T12:00:00+00:00,0.38
1,profitable_after_fees,C_price,dummy,development|BTC/USDT|2023-06-23T16:00:00+00:00,0.38
1,profitable_after_fees,C_price,dummy,development|ETH/USDT|2023-06-24T04:00:00+00:00,0.38
1,profitable_after_fees,C_price,dummy,development|BTC/USDT|2023-06-25T12:00:00+00:00,0.38
1,profitable_after_fees,C_price,dummy,development|ETH/USDT|2023-06-25T12:00:00+00:00,0.38
1,profitable_after_fees,C_price,dummy,development|BTC/USDT|2023-06-25T20:00:00+00:00,0.38
1,profitable_after_fees,C_price,dummy,development|BTC/USDT|2023-06-27T15:00:00+00:00,0.38
1,profitable_after_fees,C_price,dummy,development|ETH/USDT|2023-06-27T20:00:00+00:00,0.38
1,profitable_after_fees,C_price,dummy,development|BTC/USDT|2023-06-29T20:00:00+00:00,0.38
1,profitable_after_fees,C_price,dummy,development|ETH/USDT|2023-06-30T01:00:00+00:00,0.38
1,profitable_after_fees,C_price,logistic,development|BTC/USDT|2023-04-01T04:00:00+00:00,0.3927146949093413
1,profitable_after_fees,C_price,logistic,development|ETH/USDT|2023-04-04T02:00:00+00:00,0.47448446076219286
1,profitable_after_fees,C_price,logistic,development|BTC/USDT|2023-04-04T18:00:00+00:00,0.2187381102712879
1,profitable_after_fees,C_price,logistic,development|BTC/USDT|2023-04-08T11:00:00+00:00,0.3558477043436272
1,profitable_after_fees,C_price,logistic,development|ETH/USDT|2023-04-08T15:00:00+00:00,0.4780847121774065
1,profitable_after_fees,C_price,logistic,development|BTC/USDT|2023-04-09T23:00:00+00:00,0.4513346441133363
1,profitable_after_fees,C_price,logistic,development|ETH/USDT|2023-04-10T10:00:00+00:00,0.5953947116410067
1,profitable_after_fees,C_price,logistic,development|ETH/USDT|2023-04-13T05:00:00+00:00,0.49646699211970385
1,profitable_after_fees,C_price,logistic,development|BTC/USDT|2023-04-13T15:00:00+00:00,0.13073761164556036
1,profitable_after_fees,C_price,logistic,development|ETH/USDT|2023-04-16T20:00:00+00:00,0.42009705093241867
1,profitable_after_fees,C_price,logistic,development|BTC/USDT|2023-04-18T19:00:00+00:00,0.3125946827135532
1,profitable_after_fees,C_price,logistic,development|ETH/USDT|2023-04-18T21:00:00+00:00,0.2508367650103415
1,profitable_after_fees,C_price,logistic,development|BTC/USDT|2023-04-23T09:00:00+00:00,0.7899758949837481
1,profitable_after_fees,C_price,logistic,development|ETH/USDT|2023-04-23T12:00:00+00:00,0.4568597666619053
1,profitable_after_fees,C_price,logistic,development|BTC/USDT|2023-04-25T23:00:00+00:00,0.5951707664514349
1,profitable_after_fees,C_price,logistic,development|ETH/USDT|2023-04-26T04:00:00+00:00,0.4085578921399612
1,profitable_after_fees,C_price,logistic,development|BTC/USDT|2023-04-29T10:00:00+00:00,0.4873772687584252
1,profitable_after_fees,C_price,logistic,development|ETH/USDT|2023-04-29T23:00:00+00:00,0.43542039202220517
1,profitable_after_fees,C_price,logistic,development|BTC/USDT|2023-04-30T18:00:00+00:00,0.48987740055669815
1,profitable_after_fees,C_price,logistic,development|ETH/USDT|2023-05-02T23:00:00+00:00,0.45150261986252926
1,profitable_after_fees,C_price,logistic,development|BTC/USDT|2023-05-03T02:00:00+00:00,0.4025505127881863
1,profitable_after_fees,C_price,logistic,development|BTC/USDT|2023-05-10T13:00:00+00:00,0.2449752554918566
1,profitable_after_fees,C_price,logistic,development|ETH/USDT|2023-05-10T13:00:00+00:00,0.32026072638934067
1,profitable_after_fees,C_price,logistic,development|ETH/USDT|2023-05-13T09:00:00+00:00,0.561834466632803
1,profitable_after_fees,C_price,logistic,development|BTC/USDT|2023-05-13T14:00:00+00:00,0.7738560940613847
1,profitable_after_fees,C_price,logistic,development|BTC/USDT|2023-05-18T04:00:00+00:00,0.3052327370432658
1,profitable_after_fees,C_price,logistic,development|ETH/USDT|2023-05-18T09:00:00+00:00,0.6080293061566076
1,profitable_after_fees,C_price,logistic,development|ETH/USDT|2023-05-20T03:00:00+00:00,0.3758910140978966
1,profitable_after_fees,C_price,logistic,development|BTC/USDT|2023-05-20T16:00:00+00:00,0.4704342127288697
1,profitable_after_fees,C_price,logistic,development|ETH/USDT|2023-05-22T22:00:00+00:00,0.48109868952973184
1,profitable_after_fees,C_price,logistic,development|BTC/USDT|2023-05-23T04:00:00+00:00,0.24182561403324246
1,profitable_after_fees,C_price,logistic,development|ETH/USDT|2023-05-26T05:00:00+00:00,0.6147024995875511
1,profitable_after_fees,C_price,logistic,development|BTC/USDT|2023-05-26T07:00:00+00:00,0.3053351368390897
1,profitable_after_fees,C_price,logistic,development|ETH/USDT|2023-06-02T04:00:00+00:00,0.62917696255005
1,profitable_after_fees,C_price,logistic,development|BTC/USDT|2023-06-02T12:00:00+00:00,0.4732979422880965
1,profitable_after_fees,C_price,logistic,development|BTC/USDT|2023-06-04T21:00:00+00:00,0.5014560161288019
1,profitable_after_fees,C_price,logistic,development|ETH/USDT|2023-06-04T21:00:00+00:00,0.5242105449337842
1,profitable_after_fees,C_price,logistic,development|ETH/USDT|2023-06-07T01:00:00+00:00,0.36833696161260204
1,profitable_after_fees,C_price,logistic,development|BTC/USDT|2023-06-07T02:00:00+00:00,0.19383084878602497
1,profitable_after_fees,C_price,logistic,development|BTC/USDT|2023-06-09T07:00:00+00:00,0.442183578990663
1,profitable_after_fees,C_price,logistic,development|ETH/USDT|2023-06-09T14:00:00+00:00,0.3558901546156153
1,profitable_after_fees,C_price,logistic,development|BTC/USDT|2023-06-12T01:00:00+00:00,0.45681963607576487
1,profitable_after_fees,C_price,logistic,development|ETH/USDT|2023-06-12T06:00:00+00:00,0.5183927615996868
1,profitable_after_fees,C_price,logistic,development|ETH/USDT|2023-06-13T21:00:00+00:00,0.5734575898392138
1,profitable_after_fees,C_price,logistic,development|ETH/USDT|2023-06-14T14:00:00+00:00,0.36896408944429687
1,profitable_after_fees,C_price,logistic,development|BTC/USDT|2023-06-14T19:00:00+00:00,0.4781628350851694
1,profitable_after_fees,C_price,logistic,development|BTC/USDT|2023-06-16T10:00:00+00:00,0.4287871973373637
1,profitable_after_fees,C_price,logistic,development|ETH/USDT|2023-06-16T15:00:00+00:00,0.46365409593819806
1,profitable_after_fees,C_price,logistic,development|BTC/USDT|2023-06-19T23:00:00+00:00,0.44253477660382745
1,profitable_after_fees,C_price,logistic,development|ETH/USDT|2023-06-20T12:00:00+00:00,0.239755839212733
1,profitable_after_fees,C_price,logistic,development|BTC/USDT|2023-06-23T16:00:00+00:00,0.024566948800575382
1,profitable_after_fees,C_price,logistic,development|ETH/USDT|2023-06-24T04:00:00+00:00,0.3476922876457868
1,profitable_after_fees,C_price,logistic,development|BTC/USDT|2023-06-25T12:00:00+00:00,0.18028098736553033
1,profitable_after_fees,C_price,logistic,development|ETH/USDT|2023-06-25T12:00:00+00:00,0.21163604046507936
1,profitable_after_fees,C_price,logistic,development|BTC/USDT|2023-06-25T20:00:00+00:00,0.365848719055317
1,profitable_after_fees,C_price,logistic,development|BTC/USDT|2023-06-27T15:00:00+00:00,0.2817182033458628
1,profitable_after_fees,C_price,logistic,development|ETH/USDT|2023-06-27T20:00:00+00:00,0.3993871431087471
1,profitable_after_fees,C_price,logistic,development|BTC/USDT|2023-06-29T20:00:00+00:00,0.5208632865066647
1,profitable_after_fees,C_price,logistic,development|ETH/USDT|2023-06-30T01:00:00+00:00,0.5585619839125044
1,profitable_after_fees,C_price,forest,development|BTC/USDT|2023-04-01T04:00:00+00:00,0.32722160518774956
1,profitable_after_fees,C_price,forest,development|ETH/USDT|2023-04-04T02:00:00+00:00,0.5312723568571096
1,profitable_after_fees,C_price,forest,development|BTC/USDT|2023-04-04T18:00:00+00:00,0.33763805547115316
1,profitable_after_fees,C_price,forest,development|BTC/USDT|2023-04-08T11:00:00+00:00,0.49305073387639875
1,profitable_after_fees,C_price,forest,development|ETH/USDT|2023-04-08T15:00:00+00:00,0.5811912567522157
1,profitable_after_fees,C_price,forest,development|BTC/USDT|2023-04-09T23:00:00+00:00,0.3914240891828835
1,profitable_after_fees,C_price,forest,development|ETH/USDT|2023-04-10T10:00:00+00:00,0.6028308336356007
1,profitable_after_fees,C_price,forest,development|ETH/USDT|2023-04-13T05:00:00+00:00,0.3470797063229405
1,profitable_after_fees,C_price,forest,development|BTC/USDT|2023-04-13T15:00:00+00:00,0.1813811622955292
1,profitable_after_fees,C_price,forest,development|ETH/USDT|2023-04-16T20:00:00+00:00,0.26594450354249377
1,profitable_after_fees,C_price,forest,development|BTC/USDT|2023-04-18T19:00:00+00:00,0.28283463666773423
1,profitable_after_fees,C_price,forest,development|ETH/USDT|2023-04-18T21:00:00+00:00,0.5030183578891011
1,profitable_after_fees,C_price,forest,development|BTC/USDT|2023-04-23T09:00:00+00:00,0.6050563238316792
1,profitable_after_fees,C_price,forest,development|ETH/USDT|2023-04-23T12:00:00+00:00,0.5122524882623636
1,profitable_after_fees,C_price,forest,development|BTC/USDT|2023-04-25T23:00:00+00:00,0.3926078564819757
1,profitable_after_fees,C_price,forest,development|ETH/USDT|2023-04-26T04:00:00+00:00,0.37979266900347547
1,profitable_after_fees,C_price,forest,development|BTC/USDT|2023-04-29T10:00:00+00:00,0.4326918587473998
1,profitable_after_fees,C_price,forest,development|ETH/USDT|2023-04-29T23:00:00+00:00,0.46188221822452397
1,profitable_after_fees,C_price,forest,development|BTC/USDT|2023-04-30T18:00:00+00:00,0.35443276188273243
1,profitable_after_fees,C_price,forest,development|ETH/USDT|2023-05-02T23:00:00+00:00,0.34718676085074074
1,profitable_after_fees,C_price,forest,development|BTC/USDT|2023-05-03T02:00:00+00:00,0.38403502438631093
1,profitable_after_fees,C_price,forest,development|BTC/USDT|2023-05-10T13:00:00+00:00,0.35381332206902044
1,profitable_after_fees,C_price,forest,development|ETH/USDT|2023-05-10T13:00:00+00:00,0.3554342371017002
1,profitable_after_fees,C_price,forest,development|ETH/USDT|2023-05-13T09:00:00+00:00,0.37608701487947793
1,profitable_after_fees,C_price,forest,development|BTC/USDT|2023-05-13T14:00:00+00:00,0.5516326912207399
1,profitable_after_fees,C_price,forest,development|BTC/USDT|2023-05-18T04:00:00+00:00,0.28638326927867336
1,profitable_after_fees,C_price,forest,development|ETH/USDT|2023-05-18T09:00:00+00:00,0.538020634117197
1,profitable_after_fees,C_price,forest,development|ETH/USDT|2023-05-20T03:00:00+00:00,0.5915278580594053
1,profitable_after_fees,C_price,forest,development|BTC/USDT|2023-05-20T16:00:00+00:00,0.5581307992358758
1,profitable_after_fees,C_price,forest,development|ETH/USDT|2023-05-22T22:00:00+00:00,0.5386274452627078
1,profitable_after_fees,C_price,forest,development|BTC/USDT|2023-05-23T04:00:00+00:00,0.29345504893520535
1,profitable_after_fees,C_price,forest,development|ETH/USDT|2023-05-26T05:00:00+00:00,0.47836543374303625
1,profitable_after_fees,C_price,forest,development|BTC/USDT|2023-05-26T07:00:00+00:00,0.5060207631161647
1,profitable_after_fees,C_price,forest,development|ETH/USDT|2023-06-02T04:00:00+00:00,0.41163956045911326
1,profitable_after_fees,C_price,forest,development|BTC/USDT|2023-06-02T12:00:00+00:00,0.3644337171967685
1,profitable_after_fees,C_price,forest,development|BTC/USDT|2023-06-04T21:00:00+00:00,0.5059019550666294
1,profitable_after_fees,C_price,forest,development|ETH/USDT|2023-06-04T21:00:00+00:00,0.5502334824144106
1,profitable_after_fees,C_price,forest,development|ETH/USDT|2023-06-07T01:00:00+00:00,0.355971805570383
1,profitable_after_fees,C_price,forest,development|BTC/USDT|2023-06-07T02:00:00+00:00,0.28004060501998745
1,profitable_after_fees,C_price,forest,development|BTC/USDT|2023-06-09T07:00:00+00:00,0.5525799763961532
1,profitable_after_fees,C_price,forest,development|ETH/USDT|2023-06-09T14:00:00+00:00,0.5784232828960065
1,profitable_after_fees,C_price,forest,development|BTC/USDT|2023-06-12T01:00:00+00:00,0.43796153797420223
1,profitable_after_fees,C_price,forest,development|ETH/USDT|2023-06-12T06:00:00+00:00,0.5904530844112891
1,profitable_after_fees,C_price,forest,development|ETH/USDT|2023-06-13T21:00:00+00:00,0.6054304665922318
1,profitable_after_fees,C_price,forest,development|ETH/USDT|2023-06-14T14:00:00+00:00,0.5589180799376303
1,profitable_after_fees,C_price,forest,development|BTC/USDT|2023-06-14T19:00:00+00:00,0.562317976738456
1,profitable_after_fees,C_price,forest,development|BTC/USDT|2023-06-16T10:00:00+00:00,0.3881013483805733
1,profitable_after_fees,C_price,forest,development|ETH/USDT|2023-06-16T15:00:00+00:00,0.5210968295076337
1,profitable_after_fees,C_price,forest,development|BTC/USDT|2023-06-19T23:00:00+00:00,0.2939113050543871
1,profitable_after_fees,C_price,forest,development|ETH/USDT|2023-06-20T12:00:00+00:00,0.4296159213548988
1,profitable_after_fees,C_price,forest,development|BTC/USDT|2023-06-23T16:00:00+00:00,0.16822429955043117
1,profitable_after_fees,C_price,forest,development|ETH/USDT|2023-06-24T04:00:00+00:00,0.39151220893829275
1,profitable_after_fees,C_price,forest,development|BTC/USDT|2023-06-25T12:00:00+00:00,0.2550431513212954
1,profitable_after_fees,C_price,forest,development|ETH/USDT|2023-06-25T12:00:00+00:00,0.2343113738538368
1,profitable_after_fees,C_price,forest,development|BTC/USDT|2023-06-25T20:00:00+00:00,0.5583532392100508
1,profitable_after_fees,C_price,forest,development|BTC/USDT|2023-06-27T15:00:00+00:00,0.2507513033344009
1,profitable_after_fees,C_price,forest,development|ETH/USDT|2023-06-27T20:00:00+00:00,0.3789035783469702
1,profitable_after_fees,C_price,forest,development|BTC/USDT|2023-06-29T20:00:00+00:00,0.3734311372174083
1,profitable_after_fees,C_price,forest,development|ETH/USDT|2023-06-30T01:00:00+00:00,0.6054304665922318
1,profitable_after_fees,C_price,hist_gradient,development|BTC/USDT|2023-04-01T04:00:00+00:00,0.4840333010553005
1,profitable_after_fees,C_price,hist_gradient,development|ETH/USDT|2023-04-04T02:00:00+00:00,0.5512272820741624
1,profitable_after_fees,C_price,hist_gradient,development|BTC/USDT|2023-04-04T18:00:00+00:00,0.30545016756181387
1,profitable_after_fees,C_price,hist_gradient,development|BTC/USDT|2023-04-08T11:00:00+00:00,0.44049490693120075
1,profitable_after_fees,C_price,hist_gradient,development|ETH/USDT|2023-04-08T15:00:00+00:00,0.5512272820741624
1,profitable_after_fees,C_price,hist_gradient,development|BTC/USDT|2023-04-09T23:00:00+00:00,0.43930648463466876
1,profitable_after_fees,C_price,hist_gradient,development|ETH/USDT|2023-04-10T10:00:00+00:00,0.5770012082423908
1,profitable_after_fees,C_price,hist_gradient,development|ETH/USDT|2023-04-13T05:00:00+00:00,0.4840333010553005
1,profitable_after_fees,C_price,hist_gradient,development|BTC/USDT|2023-04-13T15:00:00+00:00,0.22261662399751905
1,profitable_after_fees,C_price,hist_gradient,development|ETH/USDT|2023-04-16T20:00:00+00:00,0.3501589314547746
1,profitable_after_fees,C_price,hist_gradient,development|BTC/USDT|2023-04-18T19:00:00+00:00,0.35705834629484656
1,profitable_after_fees,C_price,hist_gradient,development|ETH/USDT|2023-04-18T21:00:00+00:00,0.43363757355631977
1,profitable_after_fees,C_price,hist_gradient,development|BTC/USDT|2023-04-23T09:00:00+00:00,0.5770012082423908
1,profitable_after_fees,C_price,hist_gradient,development|ETH/USDT|2023-04-23T12:00:00+00:00,0.43363757355631977
1,profitable_after_fees,C_price,hist_gradient,development|BTC/USDT|2023-04-25T23:00:00+00:00,0.43930648463466876
1,profitable_after_fees,C_price,hist_gradient,development|ETH/USDT|2023-04-26T04:00:00+00:00,0.3828899843449766
1,profitable_after_fees,C_price,hist_gradient,development|BTC/USDT|2023-04-29T10:00:00+00:00,0.4315940473771883
1,profitable_after_fees,C_price,hist_gradient,development|ETH/USDT|2023-04-29T23:00:00+00:00,0.4270749346668934
1,profitable_after_fees,C_price,hist_gradient,development|BTC/USDT|2023-04-30T18:00:00+00:00,0.43930648463466876
1,profitable_after_fees,C_price,hist_gradient,development|ETH/USDT|2023-05-02T23:00:00+00:00,0.3880683677005192
1,profitable_after_fees,C_price,hist_gradient,development|BTC/USDT|2023-05-03T02:00:00+00:00,0.3880683677005192
1,profitable_after_fees,C_price,hist_gradient,development|BTC/USDT|2023-05-10T13:00:00+00:00,0.30545016756181387
1,profitable_after_fees,C_price,hist_gradient,development|ETH/USDT|2023-05-10T13:00:00+00:00,0.30545016756181387
1,profitable_after_fees,C_price,hist_gradient,development|ETH/USDT|2023-05-13T09:00:00+00:00,0.3880683677005192
1,profitable_after_fees,C_price,hist_gradient,development|BTC/USDT|2023-05-13T14:00:00+00:00,0.5770012082423908
1,profitable_after_fees,C_price,hist_gradient,development|BTC/USDT|2023-05-18T04:00:00+00:00,0.3880683677005192
1,profitable_after_fees,C_price,hist_gradient,development|ETH/USDT|2023-05-18T09:00:00+00:00,0.5770012082423908
1,profitable_after_fees,C_price,hist_gradient,development|ETH/USDT|2023-05-20T03:00:00+00:00,0.5512272820741624
1,profitable_after_fees,C_price,hist_gradient,development|BTC/USDT|2023-05-20T16:00:00+00:00,0.5247330793650016
1,profitable_after_fees,C_price,hist_gradient,development|ETH/USDT|2023-05-22T22:00:00+00:00,0.5770012082423908
1,profitable_after_fees,C_price,hist_gradient,development|BTC/USDT|2023-05-23T04:00:00+00:00,0.30545016756181387
1,profitable_after_fees,C_price,hist_gradient,development|ETH/USDT|2023-05-26T05:00:00+00:00,0.3880683677005192
1,profitable_after_fees,C_price,hist_gradient,development|BTC/USDT|2023-05-26T07:00:00+00:00,0.43363757355631977
1,profitable_after_fees,C_price,hist_gradient,development|ETH/USDT|2023-06-02T04:00:00+00:00,0.3880683677005192
1,profitable_after_fees,C_price,hist_gradient,development|BTC/USDT|2023-06-02T12:00:00+00:00,0.3634818839110782
1,profitable_after_fees,C_price,hist_gradient,development|BTC/USDT|2023-06-04T21:00:00+00:00,0.5247330793650016
1,profitable_after_fees,C_price,hist_gradient,development|ETH/USDT|2023-06-04T21:00:00+00:00,0.5770012082423908
1,profitable_after_fees,C_price,hist_gradient,development|ETH/USDT|2023-06-07T01:00:00+00:00,0.43930648463466876
1,profitable_after_fees,C_price,hist_gradient,development|BTC/USDT|2023-06-07T02:00:00+00:00,0.3501589314547746
1,profitable_after_fees,C_price,hist_gradient,development|BTC/USDT|2023-06-09T07:00:00+00:00,0.5512272820741624
1,profitable_after_fees,C_price,hist_gradient,development|ETH/USDT|2023-06-09T14:00:00+00:00,0.4930774828311867
1,profitable_after_fees,C_price,hist_gradient,development|BTC/USDT|2023-06-12T01:00:00+00:00,0.3880683677005192
1,profitable_after_fees,C_price,hist_gradient,development|ETH/USDT|2023-06-12T06:00:00+00:00,0.4930774828311867
1,profitable_after_fees,C_price,hist_gradient,development|ETH/USDT|2023-06-13T21:00:00+00:00,0.5512272820741624
1,profitable_after_fees,C_price,hist_gradient,development|ETH/USDT|2023-06-14T14:00:00+00:00,0.44049490693120075
1,profitable_after_fees,C_price,hist_gradient,development|BTC/USDT|2023-06-14T19:00:00+00:00,0.4985421895441052
1,profitable_after_fees,C_price,hist_gradient,development|BTC/USDT|2023-06-16T10:00:00+00:00,0.43363757355631977
1,profitable_after_fees,C_price,hist_gradient,development|ETH/USDT|2023-06-16T15:00:00+00:00,0.4915751443267286
1,profitable_after_fees,C_price,hist_gradient,development|BTC/USDT|2023-06-19T23:00:00+00:00,0.3501589314547746
1,profitable_after_fees,C_price,hist_gradient,development|ETH/USDT|2023-06-20T12:00:00+00:00,0.43363757355631977
1,profitable_after_fees,C_price,hist_gradient,development|BTC/USDT|2023-06-23T16:00:00+00:00,0.22261662399751905
1,profitable_after_fees,C_price,hist_gradient,development|ETH/USDT|2023-06-24T04:00:00+00:00,0.3389091941184236
1,profitable_after_fees,C_price,hist_gradient,development|BTC/USDT|2023-06-25T12:00:00+00:00,0.22261662399751905
1,profitable_after_fees,C_price,hist_gradient,development|ETH/USDT|2023-06-25T12:00:00+00:00,0.30368681289922955
1,profitable_after_fees,C_price,hist_gradient,development|BTC/USDT|2023-06-25T20:00:00+00:00,0.4985421895441052
1,profitable_after_fees,C_price,hist_gradient,development|BTC/USDT|2023-06-27T15:00:00+00:00,0.30545016756181387
1,profitable_after_fees,C_price,hist_gradient,development|ETH/USDT|2023-06-27T20:00:00+00:00,0.43930648463466876
1,profitable_after_fees,C_price,hist_gradient,development|BTC/USDT|2023-06-29T20:00:00+00:00,0.3880683677005192
1,profitable_after_fees,C_price,hist_gradient,development|ETH/USDT|2023-06-30T01:00:00+00:00,0.5512272820741624
1,profitable_after_fees,D_price_volatility,dummy,development|BTC/USDT|2023-04-01T04:00:00+00:00,0.38
1,profitable_after_fees,D_price_volatility,dummy,development|ETH/USDT|2023-04-04T02:00:00+00:00,0.38
1,profitable_after_fees,D_price_volatility,dummy,development|BTC/USDT|2023-04-04T18:00:00+00:00,0.38
1,profitable_after_fees,D_price_volatility,dummy,development|BTC/USDT|2023-04-08T11:00:00+00:00,0.38
1,profitable_after_fees,D_price_volatility,dummy,development|ETH/USDT|2023-04-08T15:00:00+00:00,0.38
1,profitable_after_fees,D_price_volatility,dummy,development|BTC/USDT|2023-04-09T23:00:00+00:00,0.38
1,profitable_after_fees,D_price_volatility,dummy,development|ETH/USDT|2023-04-10T10:00:00+00:00,0.38
1,profitable_after_fees,D_price_volatility,dummy,development|ETH/USDT|2023-04-13T05:00:00+00:00,0.38
1,profitable_after_fees,D_price_volatility,dummy,development|BTC/USDT|2023-04-13T15:00:00+00:00,0.38
1,profitable_after_fees,D_price_volatility,dummy,development|ETH/USDT|2023-04-16T20:00:00+00:00,0.38
1,profitable_after_fees,D_price_volatility,dummy,development|BTC/USDT|2023-04-18T19:00:00+00:00,0.38
1,profitable_after_fees,D_price_volatility,dummy,development|ETH/USDT|2023-04-18T21:00:00+00:00,0.38
1,profitable_after_fees,D_price_volatility,dummy,development|BTC/USDT|2023-04-23T09:00:00+00:00,0.38
1,profitable_after_fees,D_price_volatility,dummy,development|ETH/USDT|2023-04-23T12:00:00+00:00,0.38
1,profitable_after_fees,D_price_volatility,dummy,development|BTC/USDT|2023-04-25T23:00:00+00:00,0.38
1,profitable_after_fees,D_price_volatility,dummy,development|ETH/USDT|2023-04-26T04:00:00+00:00,0.38
1,profitable_after_fees,D_price_volatility,dummy,development|BTC/USDT|2023-04-29T10:00:00+00:00,0.38
1,profitable_after_fees,D_price_volatility,dummy,development|ETH/USDT|2023-04-29T23:00:00+00:00,0.38
1,profitable_after_fees,D_price_volatility,dummy,development|BTC/USDT|2023-04-30T18:00:00+00:00,0.38
1,profitable_after_fees,D_price_volatility,dummy,development|ETH/USDT|2023-05-02T23:00:00+00:00,0.38
1,profitable_after_fees,D_price_volatility,dummy,development|BTC/USDT|2023-05-03T02:00:00+00:00,0.38
1,profitable_after_fees,D_price_volatility,dummy,development|BTC/USDT|2023-05-10T13:00:00+00:00,0.38
1,profitable_after_fees,D_price_volatility,dummy,development|ETH/USDT|2023-05-10T13:00:00+00:00,0.38
1,profitable_after_fees,D_price_volatility,dummy,development|ETH/USDT|2023-05-13T09:00:00+00:00,0.38
1,profitable_after_fees,D_price_volatility,dummy,development|BTC/USDT|2023-05-13T14:00:00+00:00,0.38
1,profitable_after_fees,D_price_volatility,dummy,development|BTC/USDT|2023-05-18T04:00:00+00:00,0.38
1,profitable_after_fees,D_price_volatility,dummy,development|ETH/USDT|2023-05-18T09:00:00+00:00,0.38
1,profitable_after_fees,D_price_volatility,dummy,development|ETH/USDT|2023-05-20T03:00:00+00:00,0.38
1,profitable_after_fees,D_price_volatility,dummy,development|BTC/USDT|2023-05-20T16:00:00+00:00,0.38
1,profitable_after_fees,D_price_volatility,dummy,development|ETH/USDT|2023-05-22T22:00:00+00:00,0.38
1,profitable_after_fees,D_price_volatility,dummy,development|BTC/USDT|2023-05-23T04:00:00+00:00,0.38
1,profitable_after_fees,D_price_volatility,dummy,development|ETH/USDT|2023-05-26T05:00:00+00:00,0.38
1,profitable_after_fees,D_price_volatility,dummy,development|BTC/USDT|2023-05-26T07:00:00+00:00,0.38
1,profitable_after_fees,D_price_volatility,dummy,development|ETH/USDT|2023-06-02T04:00:00+00:00,0.38
1,profitable_after_fees,D_price_volatility,dummy,development|BTC/USDT|2023-06-02T12:00:00+00:00,0.38
1,profitable_after_fees,D_price_volatility,dummy,development|BTC/USDT|2023-06-04T21:00:00+00:00,0.38
1,profitable_after_fees,D_price_volatility,dummy,development|ETH/USDT|2023-06-04T21:00:00+00:00,0.38
1,profitable_after_fees,D_price_volatility,dummy,development|ETH/USDT|2023-06-07T01:00:00+00:00,0.38
1,profitable_after_fees,D_price_volatility,dummy,development|BTC/USDT|2023-06-07T02:00:00+00:00,0.38
1,profitable_after_fees,D_price_volatility,dummy,development|BTC/USDT|2023-06-09T07:00:00+00:00,0.38
1,profitable_after_fees,D_price_volatility,dummy,development|ETH/USDT|2023-06-09T14:00:00+00:00,0.38
1,profitable_after_fees,D_price_volatility,dummy,development|BTC/USDT|2023-06-12T01:00:00+00:00,0.38
1,profitable_after_fees,D_price_volatility,dummy,development|ETH/USDT|2023-06-12T06:00:00+00:00,0.38
1,profitable_after_fees,D_price_volatility,dummy,development|ETH/USDT|2023-06-13T21:00:00+00:00,0.38
1,profitable_after_fees,D_price_volatility,dummy,development|ETH/USDT|2023-06-14T14:00:00+00:00,0.38
1,profitable_after_fees,D_price_volatility,dummy,development|BTC/USDT|2023-06-14T19:00:00+00:00,0.38
1,profitable_after_fees,D_price_volatility,dummy,development|BTC/USDT|2023-06-16T10:00:00+00:00,0.38
1,profitable_after_fees,D_price_volatility,dummy,development|ETH/USDT|2023-06-16T15:00:00+00:00,0.38
1,profitable_after_fees,D_price_volatility,dummy,development|BTC/USDT|2023-06-19T23:00:00+00:00,0.38
1,profitable_after_fees,D_price_volatility,dummy,development|ETH/USDT|2023-06-20T12:00:00+00:00,0.38
1,profitable_after_fees,D_price_volatility,dummy,development|BTC/USDT|2023-06-23T16:00:00+00:00,0.38
1,profitable_after_fees,D_price_volatility,dummy,development|ETH/USDT|2023-06-24T04:00:00+00:00,0.38
1,profitable_after_fees,D_price_volatility,dummy,development|BTC/USDT|2023-06-25T12:00:00+00:00,0.38
1,profitable_after_fees,D_price_volatility,dummy,development|ETH/USDT|2023-06-25T12:00:00+00:00,0.38
1,profitable_after_fees,D_price_volatility,dummy,development|BTC/USDT|2023-06-25T20:00:00+00:00,0.38
1,profitable_after_fees,D_price_volatility,dummy,development|BTC/USDT|2023-06-27T15:00:00+00:00,0.38
1,profitable_after_fees,D_price_volatility,dummy,development|ETH/USDT|2023-06-27T20:00:00+00:00,0.38
1,profitable_after_fees,D_price_volatility,dummy,development|BTC/USDT|2023-06-29T20:00:00+00:00,0.38
1,profitable_after_fees,D_price_volatility,dummy,development|ETH/USDT|2023-06-30T01:00:00+00:00,0.38
1,profitable_after_fees,D_price_volatility,logistic,development|BTC/USDT|2023-04-01T04:00:00+00:00,0.3669585570044512
1,profitable_after_fees,D_price_volatility,logistic,development|ETH/USDT|2023-04-04T02:00:00+00:00,0.4732357677081888
1,profitable_after_fees,D_price_volatility,logistic,development|BTC/USDT|2023-04-04T18:00:00+00:00,0.19997497040344175
1,profitable_after_fees,D_price_volatility,logistic,development|BTC/USDT|2023-04-08T11:00:00+00:00,0.34728091809481254
1,profitable_after_fees,D_price_volatility,logistic,development|ETH/USDT|2023-04-08T15:00:00+00:00,0.4535051890148311
1,profitable_after_fees,D_price_volatility,logistic,development|BTC/USDT|2023-04-09T23:00:00+00:00,0.45431815650862056
1,profitable_after_fees,D_price_volatility,logistic,development|ETH/USDT|2023-04-10T10:00:00+00:00,0.5832207930530238
1,profitable_after_fees,D_price_volatility,logistic,development|ETH/USDT|2023-04-13T05:00:00+00:00,0.5394598010916999
1,profitable_after_fees,D_price_volatility,logistic,development|BTC/USDT|2023-04-13T15:00:00+00:00,0.1353469785932709
1,profitable_after_fees,D_price_volatility,logistic,development|ETH/USDT|2023-04-16T20:00:00+00:00,0.4049079060574768
1,profitable_after_fees,D_price_volatility,logistic,development|BTC/USDT|2023-04-18T19:00:00+00:00,0.34912982062859105
1,profitable_after_fees,D_price_volatility,logistic,development|ETH/USDT|2023-04-18T21:00:00+00:00,0.22855220208109892
1,profitable_after_fees,D_price_volatility,logistic,development|BTC/USDT|2023-04-23T09:00:00+00:00,0.7936360175652981
1,profitable_after_fees,D_price_volatility,logistic,development|ETH/USDT|2023-04-23T12:00:00+00:00,0.4331317593971785
1,profitable_after_fees,D_price_volatility,logistic,development|BTC/USDT|2023-04-25T23:00:00+00:00,0.650582715588408
1,profitable_after_fees,D_price_volatility,logistic,development|ETH/USDT|2023-04-26T04:00:00+00:00,0.43610759693720647
1,profitable_after_fees,D_price_volatility,logistic,development|BTC/USDT|2023-04-29T10:00:00+00:00,0.3904757015006171
1,profitable_after_fees,D_price_volatility,logistic,development|ETH/USDT|2023-04-29T23:00:00+00:00,0.34315035379962977
1,profitable_after_fees,D_price_volatility,logistic,development|BTC/USDT|2023-04-30T18:00:00+00:00,0.4152730056656018
1,profitable_after_fees,D_price_volatility,logistic,development|ETH/USDT|2023-05-02T23:00:00+00:00,0.39632962918551645
1,profitable_after_fees,D_price_volatility,logistic,development|BTC/USDT|2023-05-03T02:00:00+00:00,0.35457202332351795
1,profitable_after_fees,D_price_volatility,logistic,development|BTC/USDT|2023-05-10T13:00:00+00:00,0.2318822033567832
1,profitable_after_fees,D_price_volatility,logistic,development|ETH/USDT|2023-05-10T13:00:00+00:00,0.2961008196893614
1,profitable_after_fees,D_price_volatility,logistic,development|ETH/USDT|2023-05-13T09:00:00+00:00,0.5604600721813079
1,profitable_after_fees,D_price_volatility,logistic,development|BTC/USDT|2023-05-13T14:00:00+00:00,0.7749545034682418
1,profitable_after_fees,D_price_volatility,logistic,development|BTC/USDT|2023-05-18T04:00:00+00:00,0.3219004516851579
1,profitable_after_fees,D_price_volatility,logistic,development|ETH/USDT|2023-05-18T09:00:00+00:00,0.608213088406945
1,profitable_after_fees,D_price_volatility,logistic,development|ETH/USDT|2023-05-20T03:00:00+00:00,0.38417432842086213
1,profitable_after_fees,D_price_volatility,logistic,development|BTC/USDT|2023-05-20T16:00:00+00:00,0.4646477493679714
1,profitable_after_fees,D_price_volatility,logistic,development|ETH/USDT|2023-05-22T22:00:00+00:00,0.503197064105264
1,profitable_after_fees,D_price_volatility,logistic,development|BTC/USDT|2023-05-23T04:00:00+00:00,0.25523395524842846
1,profitable_after_fees,D_price_volatility,logistic,development|ETH/USDT|2023-05-26T05:00:00+00:00,0.6477711151139701
1,profitable_after_fees,D_price_volatility,logistic,development|BTC/USDT|2023-05-26T07:00:00+00:00,0.32784366276343363
1,profitable_after_fees,D_price_volatility,logistic,development|ETH/USDT|2023-06-02T04:00:00+00:00,0.6905326951540779
1,profitable_after_fees,D_price_volatility,logistic,development|BTC/USDT|2023-06-02T12:00:00+00:00,0.519248181066137
1,profitable_after_fees,D_price_volatility,logistic,development|BTC/USDT|2023-06-04T21:00:00+00:00,0.5100538740331009
1,profitable_after_fees,D_price_volatility,logistic,development|ETH/USDT|2023-06-04T21:00:00+00:00,0.5354436838599863
1,profitable_after_fees,D_price_volatility,logistic,development|ETH/USDT|2023-06-07T01:00:00+00:00,0.473978131691553
1,profitable_after_fees,D_price_volatility,logistic,development|BTC/USDT|2023-06-07T02:00:00+00:00,0.2726336709339288
1,profitable_after_fees,D_price_volatility,logistic,development|BTC/USDT|2023-06-09T07:00:00+00:00,0.4588786323484636
1,profitable_after_fees,D_price_volatility,logistic,development|ETH/USDT|2023-06-09T14:00:00+00:00,0.3793562704511138
1,profitable_after_fees,D_price_volatility,logistic,development|BTC/USDT|2023-06-12T01:00:00+00:00,0.4932858237592193
1,profitable_after_fees,D_price_volatility,logistic,development|ETH/USDT|2023-06-12T06:00:00+00:00,0.5953792687275271
1,profitable_after_fees,D_price_volatility,logistic,development|ETH/USDT|2023-06-13T21:00:00+00:00,0.6542666526267675
1,profitable_after_fees,D_price_volatility,logistic,development|ETH/USDT|2023-06-14T14:00:00+00:00,0.38461380750314367
1,profitable_after_fees,D_price_volatility,logistic,development|BTC/USDT|2023-06-14T19:00:00+00:00,0.49785900320951754
1,profitable_after_fees,D_price_volatility,logistic,development|BTC/USDT|2023-06-16T10:00:00+00:00,0.44607723022324364
1,profitable_after_fees,D_price_volatility,logistic,development|ETH/USDT|2023-06-16T15:00:00+00:00,0.48710018975361835
1,profitable_after_fees,D_price_volatility,logistic,development|BTC/USDT|2023-06-19T23:00:00+00:00,0.5040583078835247
1,profitable_after_fees,D_price_volatility,logistic,development|ETH/USDT|2023-06-20T12:00:00+00:00,0.23384412861265577
1,profitable_after_fees,D_price_volatility,logistic,development|BTC/USDT|2023-06-23T16:00:00+00:00,0.02807684587433256
1,profitable_after_fees,D_price_volatility,logistic,development|ETH/USDT|2023-06-24T04:00:00+00:00,0.41104563573546654
1,profitable_after_fees,D_price_volatility,logistic,development|BTC/USDT|2023-06-25T12:00:00+00:00,0.17923710723034852
1,profitable_after_fees,D_price_volatility,logistic,development|ETH/USDT|2023-06-25T12:00:00+00:00,0.24796895536927555
1,profitable_after_fees,D_price_volatility,logistic,development|BTC/USDT|2023-06-25T20:00:00+00:00,0.3604683665668915
1,profitable_after_fees,D_price_volatility,logistic,development|BTC/USDT|2023-06-27T15:00:00+00:00,0.2971306066091457
1,profitable_after_fees,D_price_volatility,logistic,development|ETH/USDT|2023-06-27T20:00:00+00:00,0.4580167958819788
1,profitable_after_fees,D_price_volatility,logistic,development|BTC/USDT|2023-06-29T20:00:00+00:00,0.5360291098301394
1,profitable_after_fees,D_price_volatility,logistic,development|ETH/USDT|2023-06-30T01:00:00+00:00,0.5812266559298442
1,profitable_after_fees,D_price_volatility,forest,development|BTC/USDT|2023-04-01T04:00:00+00:00,0.3229569082018773
1,profitable_after_fees,D_price_volatility,forest,development|ETH/USDT|2023-04-04T02:00:00+00:00,0.5162223141066025
1,profitable_after_fees,D_price_volatility,forest,development|BTC/USDT|2023-04-04T18:00:00+00:00,0.32765436785259033
1,profitable_after_fees,D_price_volatility,forest,development|BTC/USDT|2023-04-08T11:00:00+00:00,0.4976449147257972
1,profitable_after_fees,D_price_volatility,forest,development|ETH/USDT|2023-04-08T15:00:00+00:00,0.5807739996931176
1,profitable_after_fees,D_price_volatility,forest,development|BTC/USDT|2023-04-09T23:00:00+00:00,0.37772647827570727
1,profitable_after_fees,D_price_volatility,forest,development|ETH/USDT|2023-04-10T10:00:00+00:00,0.6093793918499805
1,profitable_after_fees,D_price_volatility,forest,development|ETH/USDT|2023-04-13T05:00:00+00:00,0.33655821539141983
1,profitable_after_fees,D_price_volatility,forest,development|BTC/USDT|2023-04-13T15:00:00+00:00,0.17913757814075418
1,profitable_after_fees,D_price_volatility,forest,development|ETH/USDT|2023-04-16T20:00:00+00:00,0.25490697098561144
1,profitable_after_fees,D_price_volatility,forest,development|BTC/USDT|2023-04-18T19:00:00+00:00,0.3031755898366606
1,profitable_after_fees,D_price_volatility,forest,development|ETH/USDT|2023-04-18T21:00:00+00:00,0.5085599474055358
1,profitable_after_fees,D_price_volatility,forest,development|BTC/USDT|2023-04-23T09:00:00+00:00,0.6123728559022681
1,profitable_after_fees,D_price_volatility,forest,development|ETH/USDT|2023-04-23T12:00:00+00:00,0.537451287274817
1,profitable_after_fees,D_price_volatility,forest,development|BTC/USDT|2023-04-25T23:00:00+00:00,0.40431912268839815
1,profitable_after_fees,D_price_volatility,forest,development|ETH/USDT|2023-04-26T04:00:00+00:00,0.3769556035965508
1,profitable_after_fees,D_price_volatility,forest,development|BTC/USDT|2023-04-29T10:00:00+00:00,0.43444453632882457
1,profitable_after_fees,D_price_volatility,forest,development|ETH/USDT|2023-04-29T23:00:00+00:00,0.43518473240725586
1,profitable_after_fees,D_price_volatility,forest,development|BTC/USDT|2023-04-30T18:00:00+00:00,0.347895533077115
1,profitable_after_fees,D_price_volatility,forest,development|ETH/USDT|2023-05-02T23:00:00+00:00,0.34840245602173114
1,profitable_after_fees,D_price_volatility,forest,development|BTC/USDT|2023-05-03T02:00:00+00:00,0.38242521486763237
1,profitable_after_fees,D_price_volatility,forest,development|BTC/USDT|2023-05-10T13:00:00+00:00,0.3652123743885381
1,profitable_after_fees,D_price_volatility,forest,development|ETH/USDT|2023-05-10T13:00:00+00:00,0.3654999560878845
1,profitable_after_fees,D_price_volatility,forest,development|ETH/USDT|2023-05-13T09:00:00+00:00,0.37705856461901616
1,profitable_after_fees,D_price_volatility,forest,development|BTC/USDT|2023-05-13T14:00:00+00:00,0.5519917069514596
1,profitable_after_fees,D_price_volatility,forest,development|BTC/USDT|2023-05-18T04:00:00+00:00,0.31181753170112564
1,profitable_after_fees,D_price_volatility,forest,development|ETH/USDT|2023-05-18T09:00:00+00:00,0.5262831156201905
1,profitable_after_fees,D_price_volatility,forest,development|ETH/USDT|2023-05-20T03:00:00+00:00,0.5847560258369086
1,profitable_after_fees,D_price_volatility,forest,development|BTC/USDT|2023-05-20T16:00:00+00:00,0.5677985094970391
1,profitable_after_fees,D_price_volatility,forest,development|ETH/USDT|2023-05-22T22:00:00+00:00,0.5126397977667332
1,profitable_after_fees,D_price_volatility,forest,development|BTC/USDT|2023-05-23T04:00:00+00:00,0.28854979268919156
1,profitable_after_fees,D_price_volatility,forest,development|ETH/USDT|2023-05-26T05:00:00+00:00,0.49236948731345287
1,profitable_after_fees,D_price_volatility,forest,development|BTC/USDT|2023-05-26T07:00:00+00:00,0.5252707317192613
1,profitable_after_fees,D_price_volatility,forest,development|ETH/USDT|2023-06-02T04:00:00+00:00,0.4283768050730927
1,profitable_after_fees,D_price_volatility,forest,development|BTC/USDT|2023-06-02T12:00:00+00:00,0.3684064240179592
1,profitable_after_fees,D_price_volatility,forest,development|BTC/USDT|2023-06-04T21:00:00+00:00,0.5004608761981056
1,profitable_after_fees,D_price_volatility,forest,development|ETH/USDT|2023-06-04T21:00:00+00:00,0.5341871403879923
1,profitable_after_fees,D_price_volatility,forest,development|ETH/USDT|2023-06-07T01:00:00+00:00,0.36102745602173153
1,profitable_after_fees,D_price_volatility,forest,development|BTC/USDT|2023-06-07T02:00:00+00:00,0.2614743944462238
1,profitable_after_fees,D_price_volatility,forest,development|BTC/USDT|2023-06-09T07:00:00+00:00,0.5508393591702418
1,profitable_after_fees,D_price_volatility,forest,development|ETH/USDT|2023-06-09T14:00:00+00:00,0.5764096206081504
1,profitable_after_fees,D_price_volatility,forest,development|BTC/USDT|2023-06-12T01:00:00+00:00,0.4507730820846945
1,profitable_after_fees,D_price_volatility,forest,development|ETH/USDT|2023-06-12T06:00:00+00:00,0.6014137055754706
1,profitable_after_fees,D_price_volatility,forest,development|ETH/USDT|2023-06-13T21:00:00+00:00,0.6113924637454052
1,profitable_after_fees,D_price_volatility,forest,development|ETH/USDT|2023-06-14T14:00:00+00:00,0.5666146859676274
1,profitable_after_fees,D_price_volatility,forest,development|BTC/USDT|2023-06-14T19:00:00+00:00,0.5637070062290652
1,profitable_after_fees,D_price_volatility,forest,development|BTC/USDT|2023-06-16T10:00:00+00:00,0.40182689708812014
1,profitable_after_fees,D_price_volatility,forest,development|ETH/USDT|2023-06-16T15:00:00+00:00,0.5486028180625706
1,profitable_after_fees,D_price_volatility,forest,development|BTC/USDT|2023-06-19T23:00:00+00:00,0.2862297264035682
1,profitable_after_fees,D_price_volatility,forest,development|ETH/USDT|2023-06-20T12:00:00+00:00,0.4344545122490171
1,profitable_after_fees,D_price_volatility,forest,development|BTC/USDT|2023-06-23T16:00:00+00:00,0.1674709114740875
1,profitable_after_fees,D_price_volatility,forest,development|ETH/USDT|2023-06-24T04:00:00+00:00,0.35553517960367825
1,profitable_after_fees,D_price_volatility,forest,development|BTC/USDT|2023-06-25T12:00:00+00:00,0.23988174221541367
1,profitable_after_fees,D_price_volatility,forest,development|ETH/USDT|2023-06-25T12:00:00+00:00,0.2323608323547204
1,profitable_after_fees,D_price_volatility,forest,development|BTC/USDT|2023-06-25T20:00:00+00:00,0.5652249800852743
1,profitable_after_fees,D_price_volatility,forest,development|BTC/USDT|2023-06-27T15:00:00+00:00,0.26426055715692204
1,profitable_after_fees,D_price_volatility,forest,development|ETH/USDT|2023-06-27T20:00:00+00:00,0.36466645075592735
1,profitable_after_fees,D_price_volatility,forest,development|BTC/USDT|2023-06-29T20:00:00+00:00,0.3823079978053688
1,profitable_after_fees,D_price_volatility,forest,development|ETH/USDT|2023-06-30T01:00:00+00:00,0.6113924637454052
1,profitable_after_fees,D_price_volatility,hist_gradient,development|BTC/USDT|2023-04-01T04:00:00+00:00,0.49502200170398675
1,profitable_after_fees,D_price_volatility,hist_gradient,development|ETH/USDT|2023-04-04T02:00:00+00:00,0.5488810694173906
1,profitable_after_fees,D_price_volatility,hist_gradient,development|BTC/USDT|2023-04-04T18:00:00+00:00,0.2934632087941505
1,profitable_after_fees,D_price_volatility,hist_gradient,development|BTC/USDT|2023-04-08T11:00:00+00:00,0.4399132736764702
1,profitable_after_fees,D_price_volatility,hist_gradient,development|ETH/USDT|2023-04-08T15:00:00+00:00,0.48571564097550235
1,profitable_after_fees,D_price_volatility,hist_gradient,development|BTC/USDT|2023-04-09T23:00:00+00:00,0.389539296702161
1,profitable_after_fees,D_price_volatility,hist_gradient,development|ETH/USDT|2023-04-10T10:00:00+00:00,0.5297038106769947
1,profitable_after_fees,D_price_volatility,hist_gradient,development|ETH/USDT|2023-04-13T05:00:00+00:00,0.5083013555748037
1,profitable_after_fees,D_price_volatility,hist_gradient,development|BTC/USDT|2023-04-13T15:00:00+00:00,0.2196180577617572
1,profitable_after_fees,D_price_volatility,hist_gradient,development|ETH/USDT|2023-04-16T20:00:00+00:00,0.359591138934816
1,profitable_after_fees,D_price_volatility,hist_gradient,development|BTC/USDT|2023-04-18T19:00:00+00:00,0.34608403786852543
1,profitable_after_fees,D_price_volatility,hist_gradient,development|ETH/USDT|2023-04-18T21:00:00+00:00,0.42033544975573434
1,profitable_after_fees,D_price_volatility,hist_gradient,development|BTC/USDT|2023-04-23T09:00:00+00:00,0.5297038106769947
1,profitable_after_fees,D_price_volatility,hist_gradient,development|ETH/USDT|2023-04-23T12:00:00+00:00,0.4306368365639575
1,profitable_after_fees,D_price_volatility,hist_gradient,development|BTC/USDT|2023-04-25T23:00:00+00:00,0.440757451585775
1,profitable_after_fees,D_price_volatility,hist_gradient,development|ETH/USDT|2023-04-26T04:00:00+00:00,0.4380532707643176
1,profitable_after_fees,D_price_volatility,hist_gradient,development|BTC/USDT|2023-04-29T10:00:00+00:00,0.4518259721710438
1,profitable_after_fees,D_price_volatility,hist_gradient,development|ETH/USDT|2023-04-29T23:00:00+00:00,0.36957051531535384
1,profitable_after_fees,D_price_volatility,hist_gradient,development|BTC/USDT|2023-04-30T18:00:00+00:00,0.3795656288363817
1,profitable_after_fees,D_price_volatility,hist_gradient,development|ETH/USDT|2023-05-02T23:00:00+00:00,0.3278563548287925
1,profitable_after_fees,D_price_volatility,hist_gradient,development|BTC/USDT|2023-05-03T02:00:00+00:00,0.3733869638820985
1,profitable_after_fees,D_price_volatility,hist_gradient,development|BTC/USDT|2023-05-10T13:00:00+00:00,0.302276684430079
1,profitable_after_fees,D_price_volatility,hist_gradient,development|ETH/USDT|2023-05-10T13:00:00+00:00,0.302276684430079
1,profitable_after_fees,D_price_volatility,hist_gradient,development|ETH/USDT|2023-05-13T09:00:00+00:00,0.33720976580809653
1,profitable_after_fees,D_price_volatility,hist_gradient,development|BTC/USDT|2023-05-13T14:00:00+00:00,0.5297038106769947
1,profitable_after_fees,D_price_volatility,hist_gradient,development|BTC/USDT|2023-05-18T04:00:00+00:00,0.3278563548287925
1,profitable_after_fees,D_price_volatility,hist_gradient,development|ETH/USDT|2023-05-18T09:00:00+00:00,0.5297038106769947
1,profitable_after_fees,D_price_volatility,hist_gradient,development|ETH/USDT|2023-05-20T03:00:00+00:00,0.49624760871218226
1,profitable_after_fees,D_price_volatility,hist_gradient,development|BTC/USDT|2023-05-20T16:00:00+00:00,0.4704029271476572
1,profitable_after_fees,D_price_volatility,hist_gradient,development|ETH/USDT|2023-05-22T22:00:00+00:00,0.5269681362505991
1,profitable_after_fees,D_price_volatility,hist_gradient,development|BTC/USDT|2023-05-23T04:00:00+00:00,0.302276684430079
1,profitable_after_fees,D_price_volatility,hist_gradient,development|ETH/USDT|2023-05-26T05:00:00+00:00,0.3396677058002901
1,profitable_after_fees,D_price_volatility,hist_gradient,development|BTC/USDT|2023-05-26T07:00:00+00:00,0.4306368365639575
1,profitable_after_fees,D_price_volatility,hist_gradient,development|ETH/USDT|2023-06-02T04:00:00+00:00,0.38589686556766584
1,profitable_after_fees,D_price_volatility,hist_gradient,development|BTC/USDT|2023-06-02T12:00:00+00:00,0.31029499320802095
1,profitable_after_fees,D_price_volatility,hist_gradient,development|BTC/USDT|2023-06-04T21:00:00+00:00,0.4704029271476572
1,profitable_after_fees,D_price_volatility,hist_gradient,development|ETH/USDT|2023-06-04T21:00:00+00:00,0.5297038106769947
1,profitable_after_fees,D_price_volatility,hist_gradient,development|ETH/USDT|2023-06-07T01:00:00+00:00,0.440757451585775
1,profitable_after_fees,D_price_volatility,hist_gradient,development|BTC/USDT|2023-06-07T02:00:00+00:00,0.359591138934816
1,profitable_after_fees,D_price_volatility,hist_gradient,development|BTC/USDT|2023-06-09T07:00:00+00:00,0.5488810694173906
1,profitable_after_fees,D_price_volatility,hist_gradient,development|ETH/USDT|2023-06-09T14:00:00+00:00,0.49624760871218226
1,profitable_after_fees,D_price_volatility,hist_gradient,development|BTC/USDT|2023-06-12T01:00:00+00:00,0.38589686556766584
1,profitable_after_fees,D_price_volatility,hist_gradient,development|ETH/USDT|2023-06-12T06:00:00+00:00,0.5461613717574882
1,profitable_after_fees,D_price_volatility,hist_gradient,development|ETH/USDT|2023-06-13T21:00:00+00:00,0.5488810694173906
1,profitable_after_fees,D_price_volatility,hist_gradient,development|ETH/USDT|2023-06-14T14:00:00+00:00,0.4399132736764702
1,profitable_after_fees,D_price_volatility,hist_gradient,development|BTC/USDT|2023-06-14T19:00:00+00:00,0.4399132736764702
1,profitable_after_fees,D_price_volatility,hist_gradient,development|BTC/USDT|2023-06-16T10:00:00+00:00,0.480242615433819
1,profitable_after_fees,D_price_volatility,hist_gradient,development|ETH/USDT|2023-06-16T15:00:00+00:00,0.480242615433819
1,profitable_after_fees,D_price_volatility,hist_gradient,development|BTC/USDT|2023-06-19T23:00:00+00:00,0.3719131644405994
1,profitable_after_fees,D_price_volatility,hist_gradient,development|ETH/USDT|2023-06-20T12:00:00+00:00,0.46973358638231755
1,profitable_after_fees,D_price_volatility,hist_gradient,development|BTC/USDT|2023-06-23T16:00:00+00:00,0.2196180577617572
1,profitable_after_fees,D_price_volatility,hist_gradient,development|ETH/USDT|2023-06-24T04:00:00+00:00,0.33784158689232907
1,profitable_after_fees,D_price_volatility,hist_gradient,development|BTC/USDT|2023-06-25T12:00:00+00:00,0.2196180577617572
1,profitable_after_fees,D_price_volatility,hist_gradient,development|ETH/USDT|2023-06-25T12:00:00+00:00,0.3092467113218262
1,profitable_after_fees,D_price_volatility,hist_gradient,development|BTC/USDT|2023-06-25T20:00:00+00:00,0.4924122292634695
1,profitable_after_fees,D_price_volatility,hist_gradient,development|BTC/USDT|2023-06-27T15:00:00+00:00,0.3366094876521623
1,profitable_after_fees,D_price_volatility,hist_gradient,development|ETH/USDT|2023-06-27T20:00:00+00:00,0.4277077448542015
1,profitable_after_fees,D_price_volatility,hist_gradient,development|BTC/USDT|2023-06-29T20:00:00+00:00,0.38589686556766584
1,profitable_after_fees,D_price_volatility,hist_gradient,development|ETH/USDT|2023-06-30T01:00:00+00:00,0.5488810694173906
1,profitable_after_fees,E_no_regime,dummy,development|BTC/USDT|2023-04-01T04:00:00+00:00,0.38
1,profitable_after_fees,E_no_regime,dummy,development|ETH/USDT|2023-04-04T02:00:00+00:00,0.38
1,profitable_after_fees,E_no_regime,dummy,development|BTC/USDT|2023-04-04T18:00:00+00:00,0.38
1,profitable_after_fees,E_no_regime,dummy,development|BTC/USDT|2023-04-08T11:00:00+00:00,0.38
1,profitable_after_fees,E_no_regime,dummy,development|ETH/USDT|2023-04-08T15:00:00+00:00,0.38
1,profitable_after_fees,E_no_regime,dummy,development|BTC/USDT|2023-04-09T23:00:00+00:00,0.38
1,profitable_after_fees,E_no_regime,dummy,development|ETH/USDT|2023-04-10T10:00:00+00:00,0.38
1,profitable_after_fees,E_no_regime,dummy,development|ETH/USDT|2023-04-13T05:00:00+00:00,0.38
1,profitable_after_fees,E_no_regime,dummy,development|BTC/USDT|2023-04-13T15:00:00+00:00,0.38
1,profitable_after_fees,E_no_regime,dummy,development|ETH/USDT|2023-04-16T20:00:00+00:00,0.38
1,profitable_after_fees,E_no_regime,dummy,development|BTC/USDT|2023-04-18T19:00:00+00:00,0.38
1,profitable_after_fees,E_no_regime,dummy,development|ETH/USDT|2023-04-18T21:00:00+00:00,0.38
1,profitable_after_fees,E_no_regime,dummy,development|BTC/USDT|2023-04-23T09:00:00+00:00,0.38
1,profitable_after_fees,E_no_regime,dummy,development|ETH/USDT|2023-04-23T12:00:00+00:00,0.38
1,profitable_after_fees,E_no_regime,dummy,development|BTC/USDT|2023-04-25T23:00:00+00:00,0.38
1,profitable_after_fees,E_no_regime,dummy,development|ETH/USDT|2023-04-26T04:00:00+00:00,0.38
1,profitable_after_fees,E_no_regime,dummy,development|BTC/USDT|2023-04-29T10:00:00+00:00,0.38
1,profitable_after_fees,E_no_regime,dummy,development|ETH/USDT|2023-04-29T23:00:00+00:00,0.38
1,profitable_after_fees,E_no_regime,dummy,development|BTC/USDT|2023-04-30T18:00:00+00:00,0.38
1,profitable_after_fees,E_no_regime,dummy,development|ETH/USDT|2023-05-02T23:00:00+00:00,0.38
1,profitable_after_fees,E_no_regime,dummy,development|BTC/USDT|2023-05-03T02:00:00+00:00,0.38
1,profitable_after_fees,E_no_regime,dummy,development|BTC/USDT|2023-05-10T13:00:00+00:00,0.38
1,profitable_after_fees,E_no_regime,dummy,development|ETH/USDT|2023-05-10T13:00:00+00:00,0.38
1,profitable_after_fees,E_no_regime,dummy,development|ETH/USDT|2023-05-13T09:00:00+00:00,0.38
1,profitable_after_fees,E_no_regime,dummy,development|BTC/USDT|2023-05-13T14:00:00+00:00,0.38
1,profitable_after_fees,E_no_regime,dummy,development|BTC/USDT|2023-05-18T04:00:00+00:00,0.38
1,profitable_after_fees,E_no_regime,dummy,development|ETH/USDT|2023-05-18T09:00:00+00:00,0.38
1,profitable_after_fees,E_no_regime,dummy,development|ETH/USDT|2023-05-20T03:00:00+00:00,0.38
1,profitable_after_fees,E_no_regime,dummy,development|BTC/USDT|2023-05-20T16:00:00+00:00,0.38
1,profitable_after_fees,E_no_regime,dummy,development|ETH/USDT|2023-05-22T22:00:00+00:00,0.38
1,profitable_after_fees,E_no_regime,dummy,development|BTC/USDT|2023-05-23T04:00:00+00:00,0.38
1,profitable_after_fees,E_no_regime,dummy,development|ETH/USDT|2023-05-26T05:00:00+00:00,0.38
1,profitable_after_fees,E_no_regime,dummy,development|BTC/USDT|2023-05-26T07:00:00+00:00,0.38
1,profitable_after_fees,E_no_regime,dummy,development|ETH/USDT|2023-06-02T04:00:00+00:00,0.38
1,profitable_after_fees,E_no_regime,dummy,development|BTC/USDT|2023-06-02T12:00:00+00:00,0.38
1,profitable_after_fees,E_no_regime,dummy,development|BTC/USDT|2023-06-04T21:00:00+00:00,0.38
1,profitable_after_fees,E_no_regime,dummy,development|ETH/USDT|2023-06-04T21:00:00+00:00,0.38
1,profitable_after_fees,E_no_regime,dummy,development|ETH/USDT|2023-06-07T01:00:00+00:00,0.38
1,profitable_after_fees,E_no_regime,dummy,development|BTC/USDT|2023-06-07T02:00:00+00:00,0.38
1,profitable_after_fees,E_no_regime,dummy,development|BTC/USDT|2023-06-09T07:00:00+00:00,0.38
1,profitable_after_fees,E_no_regime,dummy,development|ETH/USDT|2023-06-09T14:00:00+00:00,0.38
1,profitable_after_fees,E_no_regime,dummy,development|BTC/USDT|2023-06-12T01:00:00+00:00,0.38
1,profitable_after_fees,E_no_regime,dummy,development|ETH/USDT|2023-06-12T06:00:00+00:00,0.38
1,profitable_after_fees,E_no_regime,dummy,development|ETH/USDT|2023-06-13T21:00:00+00:00,0.38
1,profitable_after_fees,E_no_regime,dummy,development|ETH/USDT|2023-06-14T14:00:00+00:00,0.38
1,profitable_after_fees,E_no_regime,dummy,development|BTC/USDT|2023-06-14T19:00:00+00:00,0.38
1,profitable_after_fees,E_no_regime,dummy,development|BTC/USDT|2023-06-16T10:00:00+00:00,0.38
1,profitable_after_fees,E_no_regime,dummy,development|ETH/USDT|2023-06-16T15:00:00+00:00,0.38
1,profitable_after_fees,E_no_regime,dummy,development|BTC/USDT|2023-06-19T23:00:00+00:00,0.38
1,profitable_after_fees,E_no_regime,dummy,development|ETH/USDT|2023-06-20T12:00:00+00:00,0.38
1,profitable_after_fees,E_no_regime,dummy,development|BTC/USDT|2023-06-23T16:00:00+00:00,0.38
1,profitable_after_fees,E_no_regime,dummy,development|ETH/USDT|2023-06-24T04:00:00+00:00,0.38
1,profitable_after_fees,E_no_regime,dummy,development|BTC/USDT|2023-06-25T12:00:00+00:00,0.38
1,profitable_after_fees,E_no_regime,dummy,development|ETH/USDT|2023-06-25T12:00:00+00:00,0.38
1,profitable_after_fees,E_no_regime,dummy,development|BTC/USDT|2023-06-25T20:00:00+00:00,0.38
1,profitable_after_fees,E_no_regime,dummy,development|BTC/USDT|2023-06-27T15:00:00+00:00,0.38
1,profitable_after_fees,E_no_regime,dummy,development|ETH/USDT|2023-06-27T20:00:00+00:00,0.38
1,profitable_after_fees,E_no_regime,dummy,development|BTC/USDT|2023-06-29T20:00:00+00:00,0.38
1,profitable_after_fees,E_no_regime,dummy,development|ETH/USDT|2023-06-30T01:00:00+00:00,0.38
1,profitable_after_fees,E_no_regime,logistic,development|BTC/USDT|2023-04-01T04:00:00+00:00,0.3184998281056484
1,profitable_after_fees,E_no_regime,logistic,development|ETH/USDT|2023-04-04T02:00:00+00:00,0.523481704568055
1,profitable_after_fees,E_no_regime,logistic,development|BTC/USDT|2023-04-04T18:00:00+00:00,0.2392067533835208
1,profitable_after_fees,E_no_regime,logistic,development|BTC/USDT|2023-04-08T11:00:00+00:00,0.3142211844387142
1,profitable_after_fees,E_no_regime,logistic,development|ETH/USDT|2023-04-08T15:00:00+00:00,0.4284567034680314
1,profitable_after_fees,E_no_regime,logistic,development|BTC/USDT|2023-04-09T23:00:00+00:00,0.41535861694404186
1,profitable_after_fees,E_no_regime,logistic,development|ETH/USDT|2023-04-10T10:00:00+00:00,0.6377933357915746
1,profitable_after_fees,E_no_regime,logistic,development|ETH/USDT|2023-04-13T05:00:00+00:00,0.5249376728901557
1,profitable_after_fees,E_no_regime,logistic,development|BTC/USDT|2023-04-13T15:00:00+00:00,0.14110494668259796
1,profitable_after_fees,E_no_regime,logistic,development|ETH/USDT|2023-04-16T20:00:00+00:00,0.3988075634649426
1,profitable_after_fees,E_no_regime,logistic,development|BTC/USDT|2023-04-18T19:00:00+00:00,0.36533613224696015
1,profitable_after_fees,E_no_regime,logistic,development|ETH/USDT|2023-04-18T21:00:00+00:00,0.26310933542854886
1,profitable_after_fees,E_no_regime,logistic,development|BTC/USDT|2023-04-23T09:00:00+00:00,0.7533444466770592
1,profitable_after_fees,E_no_regime,logistic,development|ETH/USDT|2023-04-23T12:00:00+00:00,0.4050217803365559
1,profitable_after_fees,E_no_regime,logistic,development|BTC/USDT|2023-04-25T23:00:00+00:00,0.6816066515349924
1,profitable_after_fees,E_no_regime,logistic,development|ETH/USDT|2023-04-26T04:00:00+00:00,0.4379584289053698
1,profitable_after_fees,E_no_regime,logistic,development|BTC/USDT|2023-04-29T10:00:00+00:00,0.3870959317025402
1,profitable_after_fees,E_no_regime,logistic,development|ETH/USDT|2023-04-29T23:00:00+00:00,0.3224788175200033
1,profitable_after_fees,E_no_regime,logistic,development|BTC/USDT|2023-04-30T18:00:00+00:00,0.3648035009725405
1,profitable_after_fees,E_no_regime,logistic,development|ETH/USDT|2023-05-02T23:00:00+00:00,0.43405552646011597
1,profitable_after_fees,E_no_regime,logistic,development|BTC/USDT|2023-05-03T02:00:00+00:00,0.3625001935177622
1,profitable_after_fees,E_no_regime,logistic,development|BTC/USDT|2023-05-10T13:00:00+00:00,0.2823184551138376
1,profitable_after_fees,E_no_regime,logistic,development|ETH/USDT|2023-05-10T13:00:00+00:00,0.3555703182966317
1,profitable_after_fees,E_no_regime,logistic,development|ETH/USDT|2023-05-13T09:00:00+00:00,0.5022689585209201
1,profitable_after_fees,E_no_regime,logistic,development|BTC/USDT|2023-05-13T14:00:00+00:00,0.7521422526176538
1,profitable_after_fees,E_no_regime,logistic,development|BTC/USDT|2023-05-18T04:00:00+00:00,0.30314460001912147
1,profitable_after_fees,E_no_regime,logistic,development|ETH/USDT|2023-05-18T09:00:00+00:00,0.6117557667296587
1,profitable_after_fees,E_no_regime,logistic,development|ETH/USDT|2023-05-20T03:00:00+00:00,0.3489579185497047
1,profitable_after_fees,E_no_regime,logistic,development|BTC/USDT|2023-05-20T16:00:00+00:00,0.43940513993300634
1,profitable_after_fees,E_no_regime,logistic,development|ETH/USDT|2023-05-22T22:00:00+00:00,0.568874423188794
1,profitable_after_fees,E_no_regime,logistic,development|BTC/USDT|2023-05-23T04:00:00+00:00,0.3014454783221854
1,profitable_after_fees,E_no_regime,logistic,development|ETH/USDT|2023-05-26T05:00:00+00:00,0.6397118172415552
1,profitable_after_fees,E_no_regime,logistic,development|BTC/USDT|2023-05-26T07:00:00+00:00,0.3219564395185281
1,profitable_after_fees,E_no_regime,logistic,development|ETH/USDT|2023-06-02T04:00:00+00:00,0.6781287379446572
1,profitable_after_fees,E_no_regime,logistic,development|BTC/USDT|2023-06-02T12:00:00+00:00,0.5046267941017383
1,profitable_after_fees,E_no_regime,logistic,development|BTC/USDT|2023-06-04T21:00:00+00:00,0.45277605367661006
1,profitable_after_fees,E_no_regime,logistic,development|ETH/USDT|2023-06-04T21:00:00+00:00,0.47309293254731705
1,profitable_after_fees,E_no_regime,logistic,development|ETH/USDT|2023-06-07T01:00:00+00:00,0.45053572338551057
1,profitable_after_fees,E_no_regime,logistic,development|BTC/USDT|2023-06-07T02:00:00+00:00,0.2387088566209514
1,profitable_after_fees,E_no_regime,logistic,development|BTC/USDT|2023-06-09T07:00:00+00:00,0.4456028058252654
1,profitable_after_fees,E_no_regime,logistic,development|ETH/USDT|2023-06-09T14:00:00+00:00,0.3926729588963792
1,profitable_after_fees,E_no_regime,logistic,development|BTC/USDT|2023-06-12T01:00:00+00:00,0.5451108024109738
1,profitable_after_fees,E_no_regime,logistic,development|ETH/USDT|2023-06-12T06:00:00+00:00,0.6890840188112304
1,profitable_after_fees,E_no_regime,logistic,development|ETH/USDT|2023-06-13T21:00:00+00:00,0.7101258377022961
1,profitable_after_fees,E_no_regime,logistic,development|ETH/USDT|2023-06-14T14:00:00+00:00,0.4268551141834211
1,profitable_after_fees,E_no_regime,logistic,development|BTC/USDT|2023-06-14T19:00:00+00:00,0.5698498573313014
1,profitable_after_fees,E_no_regime,logistic,development|BTC/USDT|2023-06-16T10:00:00+00:00,0.4109076869662794
1,profitable_after_fees,E_no_regime,logistic,development|ETH/USDT|2023-06-16T15:00:00+00:00,0.4909453649277284
1,profitable_after_fees,E_no_regime,logistic,development|BTC/USDT|2023-06-19T23:00:00+00:00,0.5643254783041105
1,profitable_after_fees,E_no_regime,logistic,development|ETH/USDT|2023-06-20T12:00:00+00:00,0.2755807217922259
1,profitable_after_fees,E_no_regime,logistic,development|BTC/USDT|2023-06-23T16:00:00+00:00,0.028452351968889025
1,profitable_after_fees,E_no_regime,logistic,development|ETH/USDT|2023-06-24T04:00:00+00:00,0.36941824515801014
1,profitable_after_fees,E_no_regime,logistic,development|BTC/USDT|2023-06-25T12:00:00+00:00,0.14941589305708178
1,profitable_after_fees,E_no_regime,logistic,development|ETH/USDT|2023-06-25T12:00:00+00:00,0.19828489775068356
1,profitable_after_fees,E_no_regime,logistic,development|BTC/USDT|2023-06-25T20:00:00+00:00,0.33914525129413975
1,profitable_after_fees,E_no_regime,logistic,development|BTC/USDT|2023-06-27T15:00:00+00:00,0.34686453888069996
1,profitable_after_fees,E_no_regime,logistic,development|ETH/USDT|2023-06-27T20:00:00+00:00,0.4986627760681961
1,profitable_after_fees,E_no_regime,logistic,development|BTC/USDT|2023-06-29T20:00:00+00:00,0.5236697877257671
1,profitable_after_fees,E_no_regime,logistic,development|ETH/USDT|2023-06-30T01:00:00+00:00,0.5690147160807991
1,profitable_after_fees,E_no_regime,forest,development|BTC/USDT|2023-04-01T04:00:00+00:00,0.2959716263698461
1,profitable_after_fees,E_no_regime,forest,development|ETH/USDT|2023-04-04T02:00:00+00:00,0.5398635571085266
1,profitable_after_fees,E_no_regime,forest,development|BTC/USDT|2023-04-04T18:00:00+00:00,0.38685503002448146
1,profitable_after_fees,E_no_regime,forest,development|BTC/USDT|2023-04-08T11:00:00+00:00,0.49812215703972695
1,profitable_after_fees,E_no_regime,forest,development|ETH/USDT|2023-04-08T15:00:00+00:00,0.590390633661145
1,profitable_after_fees,E_no_regime,forest,development|BTC/USDT|2023-04-09T23:00:00+00:00,0.37229292529054997
1,profitable_after_fees,E_no_regime,forest,development|ETH/USDT|2023-04-10T10:00:00+00:00,0.5825536155880591
1,profitable_after_fees,E_no_regime,forest,development|ETH/USDT|2023-04-13T05:00:00+00:00,0.3868817570888005
1,profitable_after_fees,E_no_regime,forest,development|BTC/USDT|2023-04-13T15:00:00+00:00,0.2143367022480266
1,profitable_after_fees,E_no_regime,forest,development|ETH/USDT|2023-04-16T20:00:00+00:00,0.25994893135019376
1,profitable_after_fees,E_no_regime,forest,development|BTC/USDT|2023-04-18T19:00:00+00:00,0.2777692357877583
1,profitable_after_fees,E_no_regime,forest,development|ETH/USDT|2023-04-18T21:00:00+00:00,0.5250769081709489
1,profitable_after_fees,E_no_regime,forest,development|BTC/USDT|2023-04-23T09:00:00+00:00,0.6068711118173198
1,profitable_after_fees,E_no_regime,forest,development|ETH/USDT|2023-04-23T12:00:00+00:00,0.48789962058924935
1,profitable_after_fees,E_no_regime,forest,development|BTC/USDT|2023-04-25T23:00:00+00:00,0.3716654346181677
1,profitable_after_fees,E_no_regime,forest,development|ETH/USDT|2023-04-26T04:00:00+00:00,0.3206415830397493
1,profitable_after_fees,E_no_regime,forest,development|BTC/USDT|2023-04-29T10:00:00+00:00,0.48012172704316697
1,profitable_after_fees,E_no_regime,forest,development|ETH/USDT|2023-04-29T23:00:00+00:00,0.4967181322719252
1,profitable_after_fees,E_no_regime,forest,development|BTC/USDT|2023-04-30T18:00:00+00:00,0.30860906206914807
1,profitable_after_fees,E_no_regime,forest,development|ETH/USDT|2023-05-02T23:00:00+00:00,0.3189581465072415
1,profitable_after_fees,E_no_regime,forest,development|BTC/USDT|2023-05-03T02:00:00+00:00,0.33470112643752814
1,profitable_after_fees,E_no_regime,forest,development|BTC/USDT|2023-05-10T13:00:00+00:00,0.397712816931417
1,profitable_after_fees,E_no_regime,forest,development|ETH/USDT|2023-05-10T13:00:00+00:00,0.38872752281377
1,profitable_after_fees,E_no_regime,forest,development|ETH/USDT|2023-05-13T09:00:00+00:00,0.33573604997632167
1,profitable_after_fees,E_no_regime,forest,development|BTC/USDT|2023-05-13T14:00:00+00:00,0.47507133144633173
1,profitable_after_fees,E_no_regime,forest,development|BTC/USDT|2023-05-18T04:00:00+00:00,0.2627634010652052
1,profitable_after_fees,E_no_regime,forest,development|ETH/USDT|2023-05-18T09:00:00+00:00,0.5343424442774294
1,profitable_after_fees,E_no_regime,forest,development|ETH/USDT|2023-05-20T03:00:00+00:00,0.5588966668436488
1,profitable_after_fees,E_no_regime,forest,development|BTC/USDT|2023-05-20T16:00:00+00:00,0.5847166140533018
1,profitable_after_fees,E_no_regime,forest,development|ETH/USDT|2023-05-22T22:00:00+00:00,0.5515115916934807
1,profitable_after_fees,E_no_regime,forest,development|BTC/USDT|2023-05-23T04:00:00+00:00,0.32612187265897113
1,profitable_after_fees,E_no_regime,forest,development|ETH/USDT|2023-05-26T05:00:00+00:00,0.5058601689344191
1,profitable_after_fees,E_no_regime,forest,development|BTC/USDT|2023-05-26T07:00:00+00:00,0.5070192158632566
1,profitable_after_fees,E_no_regime,forest,development|ETH/USDT|2023-06-02T04:00:00+00:00,0.3853548580258574
1,profitable_after_fees,E_no_regime,forest,development|BTC/USDT|2023-06-02T12:00:00+00:00,0.3117820087904693
1,profitable_after_fees,E_no_regime,forest,development|BTC/USDT|2023-06-04T21:00:00+00:00,0.5536997581881488
1,profitable_after_fees,E_no_regime,forest,development|ETH/USDT|2023-06-04T21:00:00+00:00,0.5415894343015092
1,profitable_after_fees,E_no_regime,forest,development|ETH/USDT|2023-06-07T01:00:00+00:00,0.34053880063123965
1,profitable_after_fees,E_no_regime,forest,development|BTC/USDT|2023-06-07T02:00:00+00:00,0.2761732175559041
1,profitable_after_fees,E_no_regime,forest,development|BTC/USDT|2023-06-09T07:00:00+00:00,0.5522840077449215
1,profitable_after_fees,E_no_regime,forest,development|ETH/USDT|2023-06-09T14:00:00+00:00,0.5869788689552626
1,profitable_after_fees,E_no_regime,forest,development|BTC/USDT|2023-06-12T01:00:00+00:00,0.3870976560345223
1,profitable_after_fees,E_no_regime,forest,development|ETH/USDT|2023-06-12T06:00:00+00:00,0.5771213400462633
1,profitable_after_fees,E_no_regime,forest,development|ETH/USDT|2023-06-13T21:00:00+00:00,0.5846982234311962
1,profitable_after_fees,E_no_regime,forest,development|ETH/USDT|2023-06-14T14:00:00+00:00,0.5848653068637594
1,profitable_after_fees,E_no_regime,forest,development|BTC/USDT|2023-06-14T19:00:00+00:00,0.5764690650336939
1,profitable_after_fees,E_no_regime,forest,development|BTC/USDT|2023-06-16T10:00:00+00:00,0.3874562721849874
1,profitable_after_fees,E_no_regime,forest,development|ETH/USDT|2023-06-16T15:00:00+00:00,0.5494731500010142
1,profitable_after_fees,E_no_regime,forest,development|BTC/USDT|2023-06-19T23:00:00+00:00,0.26312124420246014
1,profitable_after_fees,E_no_regime,forest,development|ETH/USDT|2023-06-20T12:00:00+00:00,0.47364787083401666
1,profitable_after_fees,E_no_regime,forest,development|BTC/USDT|2023-06-23T16:00:00+00:00,0.22514715976436647
1,profitable_after_fees,E_no_regime,forest,development|ETH/USDT|2023-06-24T04:00:00+00:00,0.44539825783092063
1,profitable_after_fees,E_no_regime,forest,development|BTC/USDT|2023-06-25T12:00:00+00:00,0.3208057446005829
1,profitable_after_fees,E_no_regime,forest,development|ETH/USDT|2023-06-25T12:00:00+00:00,0.22516781282991116
1,profitable_after_fees,E_no_regime,forest,development|BTC/USDT|2023-06-25T20:00:00+00:00,0.5547872757187777
1,profitable_after_fees,E_no_regime,forest,development|BTC/USDT|2023-06-27T15:00:00+00:00,0.2868778959184773
1,profitable_after_fees,E_no_regime,forest,development|ETH/USDT|2023-06-27T20:00:00+00:00,0.31101915971144384
1,profitable_after_fees,E_no_regime,forest,development|BTC/USDT|2023-06-29T20:00:00+00:00,0.40448144119501017
1,profitable_after_fees,E_no_regime,forest,development|ETH/USDT|2023-06-30T01:00:00+00:00,0.5815609685292354
1,profitable_after_fees,E_no_regime,hist_gradient,development|BTC/USDT|2023-04-01T04:00:00+00:00,0.45927783378825615
1,profitable_after_fees,E_no_regime,hist_gradient,development|ETH/USDT|2023-04-04T02:00:00+00:00,0.4877259297230379
1,profitable_after_fees,E_no_regime,hist_gradient,development|BTC/USDT|2023-04-04T18:00:00+00:00,0.2784568944841878
1,profitable_after_fees,E_no_regime,hist_gradient,development|BTC/USDT|2023-04-08T11:00:00+00:00,0.40442405139613374
1,profitable_after_fees,E_no_regime,hist_gradient,development|ETH/USDT|2023-04-08T15:00:00+00:00,0.50774897430072
1,profitable_after_fees,E_no_regime,hist_gradient,development|BTC/USDT|2023-04-09T23:00:00+00:00,0.4083001776764673
1,profitable_after_fees,E_no_regime,hist_gradient,development|ETH/USDT|2023-04-10T10:00:00+00:00,0.4765063806865637
1,profitable_after_fees,E_no_regime,hist_gradient,development|ETH/USDT|2023-04-13T05:00:00+00:00,0.45927783378825615
1,profitable_after_fees,E_no_regime,hist_gradient,development|BTC/USDT|2023-04-13T15:00:00+00:00,0.26689411099125127
1,profitable_after_fees,E_no_regime,hist_gradient,development|ETH/USDT|2023-04-16T20:00:00+00:00,0.39169251618856665
1,profitable_after_fees,E_no_regime,hist_gradient,development|BTC/USDT|2023-04-18T19:00:00+00:00,0.3670080021683855
1,profitable_after_fees,E_no_regime,hist_gradient,development|ETH/USDT|2023-04-18T21:00:00+00:00,0.4531338507706689
1,profitable_after_fees,E_no_regime,hist_gradient,development|BTC/USDT|2023-04-23T09:00:00+00:00,0.5373144675885855
1,profitable_after_fees,E_no_regime,hist_gradient,development|ETH/USDT|2023-04-23T12:00:00+00:00,0.4531338507706689
1,profitable_after_fees,E_no_regime,hist_gradient,development|BTC/USDT|2023-04-25T23:00:00+00:00,0.4483049592903862
1,profitable_after_fees,E_no_regime,hist_gradient,development|ETH/USDT|2023-04-26T04:00:00+00:00,0.3890989441146629
1,profitable_after_fees,E_no_regime,hist_gradient,development|BTC/USDT|2023-04-29T10:00:00+00:00,0.41636002637760244
1,profitable_after_fees,E_no_regime,hist_gradient,development|ETH/USDT|2023-04-29T23:00:00+00:00,0.3498389131338476
1,profitable_after_fees,E_no_regime,hist_gradient,development|BTC/USDT|2023-04-30T18:00:00+00:00,0.4083001776764673
1,profitable_after_fees,E_no_regime,hist_gradient,development|ETH/USDT|2023-05-02T23:00:00+00:00,0.31237050827546653
1,profitable_after_fees,E_no_regime,hist_gradient,development|BTC/USDT|2023-05-03T02:00:00+00:00,0.34851228589560174
1,profitable_after_fees,E_no_regime,hist_gradient,development|BTC/USDT|2023-05-10T13:00:00+00:00,0.3299194872827728
1,profitable_after_fees,E_no_regime,hist_gradient,development|ETH/USDT|2023-05-10T13:00:00+00:00,0.3299194872827728
1,profitable_after_fees,E_no_regime,hist_gradient,development|ETH/USDT|2023-05-13T09:00:00+00:00,0.31237050827546653
1,profitable_after_fees,E_no_regime,hist_gradient,development|BTC/USDT|2023-05-13T14:00:00+00:00,0.4765063806865637
1,profitable_after_fees,E_no_regime,hist_gradient,development|BTC/USDT|2023-05-18T04:00:00+00:00,0.31237050827546653
1,profitable_after_fees,E_no_regime,hist_gradient,development|ETH/USDT|2023-05-18T09:00:00+00:00,0.4765063806865637
1,profitable_after_fees,E_no_regime,hist_gradient,development|ETH/USDT|2023-05-20T03:00:00+00:00,0.44705392828739243
1,profitable_after_fees,E_no_regime,hist_gradient,development|BTC/USDT|2023-05-20T16:00:00+00:00,0.49376336911601726
1,profitable_after_fees,E_no_regime,hist_gradient,development|ETH/USDT|2023-05-22T22:00:00+00:00,0.5373144675885855
1,profitable_after_fees,E_no_regime,hist_gradient,development|BTC/USDT|2023-05-23T04:00:00+00:00,0.3299194872827728
1,profitable_after_fees,E_no_regime,hist_gradient,development|ETH/USDT|2023-05-26T05:00:00+00:00,0.3669135949469735
1,profitable_after_fees,E_no_regime,hist_gradient,development|BTC/USDT|2023-05-26T07:00:00+00:00,0.39374525286283096
1,profitable_after_fees,E_no_regime,hist_gradient,development|ETH/USDT|2023-06-02T04:00:00+00:00,0.34851228589560174
1,profitable_after_fees,E_no_regime,hist_gradient,development|BTC/USDT|2023-06-02T12:00:00+00:00,0.28749167958059213
1,profitable_after_fees,E_no_regime,hist_gradient,development|BTC/USDT|2023-06-04T21:00:00+00:00,0.49376336911601726
1,profitable_after_fees,E_no_regime,hist_gradient,development|ETH/USDT|2023-06-04T21:00:00+00:00,0.4765063806865637
1,profitable_after_fees,E_no_regime,hist_gradient,development|ETH/USDT|2023-06-07T01:00:00+00:00,0.4483049592903862
1,profitable_after_fees,E_no_regime,hist_gradient,development|BTC/USDT|2023-06-07T02:00:00+00:00,0.39169251618856665
1,profitable_after_fees,E_no_regime,hist_gradient,development|BTC/USDT|2023-06-09T07:00:00+00:00,0.4877259297230379
1,profitable_after_fees,E_no_regime,hist_gradient,development|ETH/USDT|2023-06-09T14:00:00+00:00,0.50774897430072
1,profitable_after_fees,E_no_regime,hist_gradient,development|BTC/USDT|2023-06-12T01:00:00+00:00,0.40564330265695586
1,profitable_after_fees,E_no_regime,hist_gradient,development|ETH/USDT|2023-06-12T06:00:00+00:00,0.4877259297230379
1,profitable_after_fees,E_no_regime,hist_gradient,development|ETH/USDT|2023-06-13T21:00:00+00:00,0.4877259297230379
1,profitable_after_fees,E_no_regime,hist_gradient,development|ETH/USDT|2023-06-14T14:00:00+00:00,0.46419008333051986
1,profitable_after_fees,E_no_regime,hist_gradient,development|BTC/USDT|2023-06-14T19:00:00+00:00,0.46419008333051986
1,profitable_after_fees,E_no_regime,hist_gradient,development|BTC/USDT|2023-06-16T10:00:00+00:00,0.4333684349038902
1,profitable_after_fees,E_no_regime,hist_gradient,development|ETH/USDT|2023-06-16T15:00:00+00:00,0.4938649538552475
1,profitable_after_fees,E_no_regime,hist_gradient,development|BTC/USDT|2023-06-19T23:00:00+00:00,0.33541750572871765
1,profitable_after_fees,E_no_regime,hist_gradient,development|ETH/USDT|2023-06-20T12:00:00+00:00,0.4333684349038902
1,profitable_after_fees,E_no_regime,hist_gradient,development|BTC/USDT|2023-06-23T16:00:00+00:00,0.26689411099125127
1,profitable_after_fees,E_no_regime,hist_gradient,development|ETH/USDT|2023-06-24T04:00:00+00:00,0.3342658256950436
1,profitable_after_fees,E_no_regime,hist_gradient,development|BTC/USDT|2023-06-25T12:00:00+00:00,0.22200541618496988
1,profitable_after_fees,E_no_regime,hist_gradient,development|ETH/USDT|2023-06-25T12:00:00+00:00,0.2977016115222927
1,profitable_after_fees,E_no_regime,hist_gradient,development|BTC/USDT|2023-06-25T20:00:00+00:00,0.4443342474463874
1,profitable_after_fees,E_no_regime,hist_gradient,development|BTC/USDT|2023-06-27T15:00:00+00:00,0.3670080021683855
1,profitable_after_fees,E_no_regime,hist_gradient,development|ETH/USDT|2023-06-27T20:00:00+00:00,0.3890989441146629
1,profitable_after_fees,E_no_regime,hist_gradient,development|BTC/USDT|2023-06-29T20:00:00+00:00,0.34851228589560174
1,profitable_after_fees,E_no_regime,hist_gradient,development|ETH/USDT|2023-06-30T01:00:00+00:00,0.4877259297230379
1,return_above_0_5_percent,A_all,dummy,development|BTC/USDT|2023-04-01T04:00:00+00:00,0.34
1,return_above_0_5_percent,A_all,dummy,development|ETH/USDT|2023-04-04T02:00:00+00:00,0.34
1,return_above_0_5_percent,A_all,dummy,development|BTC/USDT|2023-04-04T18:00:00+00:00,0.34
1,return_above_0_5_percent,A_all,dummy,development|BTC/USDT|2023-04-08T11:00:00+00:00,0.34
1,return_above_0_5_percent,A_all,dummy,development|ETH/USDT|2023-04-08T15:00:00+00:00,0.34
1,return_above_0_5_percent,A_all,dummy,development|BTC/USDT|2023-04-09T23:00:00+00:00,0.34
1,return_above_0_5_percent,A_all,dummy,development|ETH/USDT|2023-04-10T10:00:00+00:00,0.34
1,return_above_0_5_percent,A_all,dummy,development|ETH/USDT|2023-04-13T05:00:00+00:00,0.34
1,return_above_0_5_percent,A_all,dummy,development|BTC/USDT|2023-04-13T15:00:00+00:00,0.34
1,return_above_0_5_percent,A_all,dummy,development|ETH/USDT|2023-04-16T20:00:00+00:00,0.34
1,return_above_0_5_percent,A_all,dummy,development|BTC/USDT|2023-04-18T19:00:00+00:00,0.34
1,return_above_0_5_percent,A_all,dummy,development|ETH/USDT|2023-04-18T21:00:00+00:00,0.34
1,return_above_0_5_percent,A_all,dummy,development|BTC/USDT|2023-04-23T09:00:00+00:00,0.34
1,return_above_0_5_percent,A_all,dummy,development|ETH/USDT|2023-04-23T12:00:00+00:00,0.34
1,return_above_0_5_percent,A_all,dummy,development|BTC/USDT|2023-04-25T23:00:00+00:00,0.34
1,return_above_0_5_percent,A_all,dummy,development|ETH/USDT|2023-04-26T04:00:00+00:00,0.34
1,return_above_0_5_percent,A_all,dummy,development|BTC/USDT|2023-04-29T10:00:00+00:00,0.34
1,return_above_0_5_percent,A_all,dummy,development|ETH/USDT|2023-04-29T23:00:00+00:00,0.34
1,return_above_0_5_percent,A_all,dummy,development|BTC/USDT|2023-04-30T18:00:00+00:00,0.34
1,return_above_0_5_percent,A_all,dummy,development|ETH/USDT|2023-05-02T23:00:00+00:00,0.34
1,return_above_0_5_percent,A_all,dummy,development|BTC/USDT|2023-05-03T02:00:00+00:00,0.34
1,return_above_0_5_percent,A_all,dummy,development|BTC/USDT|2023-05-10T13:00:00+00:00,0.34
1,return_above_0_5_percent,A_all,dummy,development|ETH/USDT|2023-05-10T13:00:00+00:00,0.34
1,return_above_0_5_percent,A_all,dummy,development|ETH/USDT|2023-05-13T09:00:00+00:00,0.34
1,return_above_0_5_percent,A_all,dummy,development|BTC/USDT|2023-05-13T14:00:00+00:00,0.34
1,return_above_0_5_percent,A_all,dummy,development|BTC/USDT|2023-05-18T04:00:00+00:00,0.34
1,return_above_0_5_percent,A_all,dummy,development|ETH/USDT|2023-05-18T09:00:00+00:00,0.34
1,return_above_0_5_percent,A_all,dummy,development|ETH/USDT|2023-05-20T03:00:00+00:00,0.34
1,return_above_0_5_percent,A_all,dummy,development|BTC/USDT|2023-05-20T16:00:00+00:00,0.34
1,return_above_0_5_percent,A_all,dummy,development|ETH/USDT|2023-05-22T22:00:00+00:00,0.34
1,return_above_0_5_percent,A_all,dummy,development|BTC/USDT|2023-05-23T04:00:00+00:00,0.34
1,return_above_0_5_percent,A_all,dummy,development|ETH/USDT|2023-05-26T05:00:00+00:00,0.34
1,return_above_0_5_percent,A_all,dummy,development|BTC/USDT|2023-05-26T07:00:00+00:00,0.34
1,return_above_0_5_percent,A_all,dummy,development|ETH/USDT|2023-06-02T04:00:00+00:00,0.34
1,return_above_0_5_percent,A_all,dummy,development|BTC/USDT|2023-06-02T12:00:00+00:00,0.34
1,return_above_0_5_percent,A_all,dummy,development|BTC/USDT|2023-06-04T21:00:00+00:00,0.34
1,return_above_0_5_percent,A_all,dummy,development|ETH/USDT|2023-06-04T21:00:00+00:00,0.34
1,return_above_0_5_percent,A_all,dummy,development|ETH/USDT|2023-06-07T01:00:00+00:00,0.34
1,return_above_0_5_percent,A_all,dummy,development|BTC/USDT|2023-06-07T02:00:00+00:00,0.34
1,return_above_0_5_percent,A_all,dummy,development|BTC/USDT|2023-06-09T07:00:00+00:00,0.34
1,return_above_0_5_percent,A_all,dummy,development|ETH/USDT|2023-06-09T14:00:00+00:00,0.34
1,return_above_0_5_percent,A_all,dummy,development|BTC/USDT|2023-06-12T01:00:00+00:00,0.34
1,return_above_0_5_percent,A_all,dummy,development|ETH/USDT|2023-06-12T06:00:00+00:00,0.34
1,return_above_0_5_percent,A_all,dummy,development|ETH/USDT|2023-06-13T21:00:00+00:00,0.34
1,return_above_0_5_percent,A_all,dummy,development|ETH/USDT|2023-06-14T14:00:00+00:00,0.34
1,return_above_0_5_percent,A_all,dummy,development|BTC/USDT|2023-06-14T19:00:00+00:00,0.34
1,return_above_0_5_percent,A_all,dummy,development|BTC/USDT|2023-06-16T10:00:00+00:00,0.34
1,return_above_0_5_percent,A_all,dummy,development|ETH/USDT|2023-06-16T15:00:00+00:00,0.34
1,return_above_0_5_percent,A_all,dummy,development|BTC/USDT|2023-06-19T23:00:00+00:00,0.34
1,return_above_0_5_percent,A_all,dummy,development|ETH/USDT|2023-06-20T12:00:00+00:00,0.34
1,return_above_0_5_percent,A_all,dummy,development|BTC/USDT|2023-06-23T16:00:00+00:00,0.34
1,return_above_0_5_percent,A_all,dummy,development|ETH/USDT|2023-06-24T04:00:00+00:00,0.34
1,return_above_0_5_percent,A_all,dummy,development|BTC/USDT|2023-06-25T12:00:00+00:00,0.34
1,return_above_0_5_percent,A_all,dummy,development|ETH/USDT|2023-06-25T12:00:00+00:00,0.34
1,return_above_0_5_percent,A_all,dummy,development|BTC/USDT|2023-06-25T20:00:00+00:00,0.34
1,return_above_0_5_percent,A_all,dummy,development|BTC/USDT|2023-06-27T15:00:00+00:00,0.34
1,return_above_0_5_percent,A_all,dummy,development|ETH/USDT|2023-06-27T20:00:00+00:00,0.34
1,return_above_0_5_percent,A_all,dummy,development|BTC/USDT|2023-06-29T20:00:00+00:00,0.34
1,return_above_0_5_percent,A_all,dummy,development|ETH/USDT|2023-06-30T01:00:00+00:00,0.34
1,return_above_0_5_percent,A_all,logistic,development|BTC/USDT|2023-04-01T04:00:00+00:00,0.2960202746087409
1,return_above_0_5_percent,A_all,logistic,development|ETH/USDT|2023-04-04T02:00:00+00:00,0.45509258680239734
1,return_above_0_5_percent,A_all,logistic,development|BTC/USDT|2023-04-04T18:00:00+00:00,0.10381685665257513
1,return_above_0_5_percent,A_all,logistic,development|BTC/USDT|2023-04-08T11:00:00+00:00,0.13883937286623313
1,return_above_0_5_percent,A_all,logistic,development|ETH/USDT|2023-04-08T15:00:00+00:00,0.37476575415853186
1,return_above_0_5_percent,A_all,logistic,development|BTC/USDT|2023-04-09T23:00:00+00:00,0.3268260599730075
1,return_above_0_5_percent,A_all,logistic,development|ETH/USDT|2023-04-10T10:00:00+00:00,0.4471124446266711
1,return_above_0_5_percent,A_all,logistic,development|ETH/USDT|2023-04-13T05:00:00+00:00,0.41727585024029185
1,return_above_0_5_percent,A_all,logistic,development|BTC/USDT|2023-04-13T15:00:00+00:00,0.20876967163091684
1,return_above_0_5_percent,A_all,logistic,development|ETH/USDT|2023-04-16T20:00:00+00:00,0.6087274094324987
1,return_above_0_5_percent,A_all,logistic,development|BTC/USDT|2023-04-18T19:00:00+00:00,0.297016121166375
1,return_above_0_5_percent,A_all,logistic,development|ETH/USDT|2023-04-18T21:00:00+00:00,0.32610690046866925
1,return_above_0_5_percent,A_all,logistic,development|BTC/USDT|2023-04-23T09:00:00+00:00,0.6705725740276721
1,return_above_0_5_percent,A_all,logistic,development|ETH/USDT|2023-04-23T12:00:00+00:00,0.46716432745906666
1,return_above_0_5_percent,A_all,logistic,development|BTC/USDT|2023-04-25T23:00:00+00:00,0.541267352095773
1,return_above_0_5_percent,A_all,logistic,development|ETH/USDT|2023-04-26T04:00:00+00:00,0.28285780510932274
1,return_above_0_5_percent,A_all,logistic,development|BTC/USDT|2023-04-29T10:00:00+00:00,0.46854627648375796
1,return_above_0_5_percent,A_all,logistic,development|ETH/USDT|2023-04-29T23:00:00+00:00,0.24838887594440956
1,return_above_0_5_percent,A_all,logistic,development|BTC/USDT|2023-04-30T18:00:00+00:00,0.26232274922127713
1,return_above_0_5_percent,A_all,logistic,development|ETH/USDT|2023-05-02T23:00:00+00:00,0.26251517758693377
1,return_above_0_5_percent,A_all,logistic,development|BTC/USDT|2023-05-03T02:00:00+00:00,0.26388417722116797
1,return_above_0_5_percent,A_all,logistic,development|BTC/USDT|2023-05-10T13:00:00+00:00,0.47635525147165664
1,return_above_0_5_percent,A_all,logistic,development|ETH/USDT|2023-05-10T13:00:00+00:00,0.27191992317205116
1,return_above_0_5_percent,A_all,logistic,development|ETH/USDT|2023-05-13T09:00:00+00:00,0.38156795559228773
1,return_above_0_5_percent,A_all,logistic,development|BTC/USDT|2023-05-13T14:00:00+00:00,0.6297160406322536
1,return_above_0_5_percent,A_all,logistic,development|BTC/USDT|2023-05-18T04:00:00+00:00,0.28561534874395406
1,return_above_0_5_percent,A_all,logistic,development|ETH/USDT|2023-05-18T09:00:00+00:00,0.4052083313846035
1,return_above_0_5_percent,A_all,logistic,development|ETH/USDT|2023-05-20T03:00:00+00:00,0.15752384967497784
1,return_above_0_5_percent,A_all,logistic,development|BTC/USDT|2023-05-20T16:00:00+00:00,0.41783960777784673
1,return_above_0_5_percent,A_all,logistic,development|ETH/USDT|2023-05-22T22:00:00+00:00,0.3682015555569038
1,return_above_0_5_percent,A_all,logistic,development|BTC/USDT|2023-05-23T04:00:00+00:00,0.15578046701561835
1,return_above_0_5_percent,A_all,logistic,development|ETH/USDT|2023-05-26T05:00:00+00:00,0.4696259463647737
1,return_above_0_5_percent,A_all,logistic,development|BTC/USDT|2023-05-26T07:00:00+00:00,0.332940893428346
1,return_above_0_5_percent,A_all,logistic,development|ETH/USDT|2023-06-02T04:00:00+00:00,0.4734356383935293
1,return_above_0_5_percent,A_all,logistic,development|BTC/USDT|2023-06-02T12:00:00+00:00,0.3152403354261448
1,return_above_0_5_percent,A_all,logistic,development|BTC/USDT|2023-06-04T21:00:00+00:00,0.3326182691774319
1,return_above_0_5_percent,A_all,logistic,development|ETH/USDT|2023-06-04T21:00:00+00:00,0.4428771890145242
1,return_above_0_5_percent,A_all,logistic,development|ETH/USDT|2023-06-07T01:00:00+00:00,0.3781748564327911
1,return_above_0_5_percent,A_all,logistic,development|BTC/USDT|2023-06-07T02:00:00+00:00,0.08671247504695057
1,return_above_0_5_percent,A_all,logistic,development|BTC/USDT|2023-06-09T07:00:00+00:00,0.31195545156950927
1,return_above_0_5_percent,A_all,logistic,development|ETH/USDT|2023-06-09T14:00:00+00:00,0.30246665302590997
1,return_above_0_5_percent,A_all,logistic,development|BTC/USDT|2023-06-12T01:00:00+00:00,0.3644457408928868
1,return_above_0_5_percent,A_all,logistic,development|ETH/USDT|2023-06-12T06:00:00+00:00,0.7489223610824673
1,return_above_0_5_percent,A_all,logistic,development|ETH/USDT|2023-06-13T21:00:00+00:00,0.7009536647880631
1,return_above_0_5_percent,A_all,logistic,development|ETH/USDT|2023-06-14T14:00:00+00:00,0.29235765524857044
1,return_above_0_5_percent,A_all,logistic,development|BTC/USDT|2023-06-14T19:00:00+00:00,0.5689495133684941
1,return_above_0_5_percent,A_all,logistic,development|BTC/USDT|2023-06-16T10:00:00+00:00,0.2419436132444464
1,return_above_0_5_percent,A_all,logistic,development|ETH/USDT|2023-06-16T15:00:00+00:00,0.6795335834781255
1,return_above_0_5_percent,A_all,logistic,development|BTC/USDT|2023-06-19T23:00:00+00:00,0.45612353022539026
1,return_above_0_5_percent,A_all,logistic,development|ETH/USDT|2023-06-20T12:00:00+00:00,0.15453466040533181
1,return_above_0_5_percent,A_all,logistic,development|BTC/USDT|2023-06-23T16:00:00+00:00,0.08152636741249097
1,return_above_0_5_percent,A_all,logistic,development|ETH/USDT|2023-06-24T04:00:00+00:00,0.4338904267349916
1,return_above_0_5_percent,A_all,logistic,development|BTC/USDT|2023-06-25T12:00:00+00:00,0.12289599855313121
1,return_above_0_5_percent,A_all,logistic,development|ETH/USDT|2023-06-25T12:00:00+00:00,0.25735585131012007
1,return_above_0_5_percent,A_all,logistic,development|BTC/USDT|2023-06-25T20:00:00+00:00,0.35370430349620297
1,return_above_0_5_percent,A_all,logistic,development|BTC/USDT|2023-06-27T15:00:00+00:00,0.08937186868153282
1,return_above_0_5_percent,A_all,logistic,development|ETH/USDT|2023-06-27T20:00:00+00:00,0.2106551649959447
1,return_above_0_5_percent,A_all,logistic,development|BTC/USDT|2023-06-29T20:00:00+00:00,0.3088067299148756
1,return_above_0_5_percent,A_all,logistic,development|ETH/USDT|2023-06-30T01:00:00+00:00,0.5977511119423614
1,return_above_0_5_percent,A_all,forest,development|BTC/USDT|2023-04-01T04:00:00+00:00,0.22810829379598738
1,return_above_0_5_percent,A_all,forest,development|ETH/USDT|2023-04-04T02:00:00+00:00,0.46148787912294104
1,return_above_0_5_percent,A_all,forest,development|BTC/USDT|2023-04-04T18:00:00+00:00,0.35422959988868236
1,return_above_0_5_percent,A_all,forest,development|BTC/USDT|2023-04-08T11:00:00+00:00,0.4626579254508821
1,return_above_0_5_percent,A_all,forest,development|ETH/USDT|2023-04-08T15:00:00+00:00,0.5092379808873617
1,return_above_0_5_percent,A_all,forest,development|BTC/USDT|2023-04-09T23:00:00+00:00,0.34967397409892326
1,return_above_0_5_percent,A_all,forest,development|ETH/USDT|2023-04-10T10:00:00+00:00,0.5352922993758908
1,return_above_0_5_percent,A_all,forest,development|ETH/USDT|2023-04-13T05:00:00+00:00,0.2643435879136345
1,return_above_0_5_percent,A_all,forest,development|BTC/USDT|2023-04-13T15:00:00+00:00,0.17364354374496366
1,return_above_0_5_percent,A_all,forest,development|ETH/USDT|2023-04-16T20:00:00+00:00,0.21430292615821603
1,return_above_0_5_percent,A_all,forest,development|BTC/USDT|2023-04-18T19:00:00+00:00,0.2676493956072396
1,return_above_0_5_percent,A_all,forest,development|ETH/USDT|2023-04-18T21:00:00+00:00,0.4701729397193794
1,return_above_0_5_percent,A_all,forest,development|BTC/USDT|2023-04-23T09:00:00+00:00,0.5460001927896665
1,return_above_0_5_percent,A_all,forest,development|ETH/USDT|2023-04-23T12:00:00+00:00,0.48912142613148807
1,return_above_0_5_percent,A_all,forest,development|BTC/USDT|2023-04-25T23:00:00+00:00,0.32278985426279105
1,return_above_0_5_percent,A_all,forest,development|ETH/USDT|2023-04-26T04:00:00+00:00,0.3650885867050993
1,return_above_0_5_percent,A_all,forest,development|BTC/USDT|2023-04-29T10:00:00+00:00,0.4069437402552727
1,return_above_0_5_percent,A_all,forest,development|ETH/USDT|2023-04-29T23:00:00+00:00,0.3964429271708685
1,return_above_0_5_percent,A_all,forest,development|BTC/USDT|2023-04-30T18:00:00+00:00,0.2465174084423577
1,return_above_0_5_percent,A_all,forest,development|ETH/USDT|2023-05-02T23:00:00+00:00,0.3435901520042652
1,return_above_0_5_percent,A_all,forest,development|BTC/USDT|2023-05-03T02:00:00+00:00,0.3607975884876303
1,return_above_0_5_percent,A_all,forest,development|BTC/USDT|2023-05-10T13:00:00+00:00,0.400923475414601
1,return_above_0_5_percent,A_all,forest,development|ETH/USDT|2023-05-10T13:00:00+00:00,0.39754193946688865
1,return_above_0_5_percent,A_all,forest,development|ETH/USDT|2023-05-13T09:00:00+00:00,0.3776373053153504
1,return_above_0_5_percent,A_all,forest,development|BTC/USDT|2023-05-13T14:00:00+00:00,0.48048222885645486
1,return_above_0_5_percent,A_all,forest,development|BTC/USDT|2023-05-18T04:00:00+00:00,0.21154437914966898
1,return_above_0_5_percent,A_all,forest,development|ETH/USDT|2023-05-18T09:00:00+00:00,0.4628784706865202
1,return_above_0_5_percent,A_all,forest,development|ETH/USDT|2023-05-20T03:00:00+00:00,0.49798308884957493
1,return_above_0_5_percent,A_all,forest,development|BTC/USDT|2023-05-20T16:00:00+00:00,0.4942984384037015
1,return_above_0_5_percent,A_all,forest,development|ETH/USDT|2023-05-22T22:00:00+00:00,0.45476113201384094
1,return_above_0_5_percent,A_all,forest,development|BTC/USDT|2023-05-23T04:00:00+00:00,0.30945288717930697
1,return_above_0_5_percent,A_all,forest,development|ETH/USDT|2023-05-26T05:00:00+00:00,0.4307455316693199
1,return_above_0_5_percent,A_all,forest,development|BTC/USDT|2023-05-26T07:00:00+00:00,0.47075138101492586
1,return_above_0_5_percent,A_all,forest,development|ETH/USDT|2023-06-02T04:00:00+00:00,0.3698410806851476
1,return_above_0_5_percent,A_all,forest,development|BTC/USDT|2023-06-02T12:00:00+00:00,0.36336703293207484
1,return_above_0_5_percent,A_all,forest,development|BTC/USDT|2023-06-04T21:00:00+00:00,0.47752840056400414
1,return_above_0_5_percent,A_all,forest,development|ETH/USDT|2023-06-04T21:00:00+00:00,0.4881685463659148
1,return_above_0_5_percent,A_all,forest,development|ETH/USDT|2023-06-07T01:00:00+00:00,0.2521256385765167
1,return_above_0_5_percent,A_all,forest,development|BTC/USDT|2023-06-07T02:00:00+00:00,0.22471142289024215
1,return_above_0_5_percent,A_all,forest,development|BTC/USDT|2023-06-09T07:00:00+00:00,0.43117538331121935
1,return_above_0_5_percent,A_all,forest,development|ETH/USDT|2023-06-09T14:00:00+00:00,0.5023772567731546
1,return_above_0_5_percent,A_all,forest,development|BTC/USDT|2023-06-12T01:00:00+00:00,0.3862730687607113
1,return_above_0_5_percent,A_all,forest,development|ETH/USDT|2023-06-12T06:00:00+00:00,0.5411975281340607
1,return_above_0_5_percent,A_all,forest,development|ETH/USDT|2023-06-13T21:00:00+00:00,0.5409258993070913
1,return_above_0_5_percent,A_all,forest,development|ETH/USDT|2023-06-14T14:00:00+00:00,0.5238531339661371
1,return_above_0_5_percent,A_all,forest,development|BTC/USDT|2023-06-14T19:00:00+00:00,0.49449941879585846
1,return_above_0_5_percent,A_all,forest,development|BTC/USDT|2023-06-16T10:00:00+00:00,0.41777794865952744
1,return_above_0_5_percent,A_all,forest,development|ETH/USDT|2023-06-16T15:00:00+00:00,0.5229069868470023
1,return_above_0_5_percent,A_all,forest,development|BTC/USDT|2023-06-19T23:00:00+00:00,0.2549892535906735
1,return_above_0_5_percent,A_all,forest,development|ETH/USDT|2023-06-20T12:00:00+00:00,0.4386704986619847
1,return_above_0_5_percent,A_all,forest,development|BTC/USDT|2023-06-23T16:00:00+00:00,0.14569909930051922
1,return_above_0_5_percent,A_all,forest,development|ETH/USDT|2023-06-24T04:00:00+00:00,0.33244649223325723
1,return_above_0_5_percent,A_all,forest,development|BTC/USDT|2023-06-25T12:00:00+00:00,0.25627058079460147
1,return_above_0_5_percent,A_all,forest,development|ETH/USDT|2023-06-25T12:00:00+00:00,0.19403489353724218
1,return_above_0_5_percent,A_all,forest,development|BTC/USDT|2023-06-25T20:00:00+00:00,0.4259012995947979
1,return_above_0_5_percent,A_all,forest,development|BTC/USDT|2023-06-27T15:00:00+00:00,0.2585023367837101
1,return_above_0_5_percent,A_all,forest,development|ETH/USDT|2023-06-27T20:00:00+00:00,0.315503662384494
1,return_above_0_5_percent,A_all,forest,development|BTC/USDT|2023-06-29T20:00:00+00:00,0.3628623716576769
1,return_above_0_5_percent,A_all,forest,development|ETH/USDT|2023-06-30T01:00:00+00:00,0.5401746523170672
1,return_above_0_5_percent,A_all,hist_gradient,development|BTC/USDT|2023-04-01T04:00:00+00:00,0.319046883111796
1,return_above_0_5_percent,A_all,hist_gradient,development|ETH/USDT|2023-04-04T02:00:00+00:00,0.3516396931655039
1,return_above_0_5_percent,A_all,hist_gradient,development|BTC/USDT|2023-04-04T18:00:00+00:00,0.29195096326911235
1,return_above_0_5_percent,A_all,hist_gradient,development|BTC/USDT|2023-04-08T11:00:00+00:00,0.3834975925520493
1,return_above_0_5_percent,A_all,hist_gradient,development|ETH/USDT|2023-04-08T15:00:00+00:00,0.4119477146868522
1,return_above_0_5_percent,A_all,hist_gradient,development|BTC/USDT|2023-04-09T23:00:00+00:00,0.349593543781869
1,return_above_0_5_percent,A_all,hist_gradient,development|ETH/USDT|2023-04-10T10:00:00+00:00,0.4782591974800809
1,return_above_0_5_percent,A_all,hist_gradient,development|ETH/USDT|2023-04-13T05:00:00+00:00,0.3864044833712915
1,return_above_0_5_percent,A_all,hist_gradient,development|BTC/USDT|2023-04-13T15:00:00+00:00,0.23792758060395008
1,return_above_0_5_percent,A_all,hist_gradient,development|ETH/USDT|2023-04-16T20:00:00+00:00,0.32036718912455825
1,return_above_0_5_percent,A_all,hist_gradient,development|BTC/USDT|2023-04-18T19:00:00+00:00,0.33315792799200783
1,return_above_0_5_percent,A_all,hist_gradient,development|ETH/USDT|2023-04-18T21:00:00+00:00,0.41968669917940876
1,return_above_0_5_percent,A_all,hist_gradient,development|BTC/USDT|2023-04-23T09:00:00+00:00,0.5064453922362085
1,return_above_0_5_percent,A_all,hist_gradient,development|ETH/USDT|2023-04-23T12:00:00+00:00,0.44872401452651967
1,return_above_0_5_percent,A_all,hist_gradient,development|BTC/USDT|2023-04-25T23:00:00+00:00,0.439720466998975
1,return_above_0_5_percent,A_all,hist_gradient,development|ETH/USDT|2023-04-26T04:00:00+00:00,0.4030035408973731
1,return_above_0_5_percent,A_all,hist_gradient,development|BTC/USDT|2023-04-29T10:00:00+00:00,0.36421512472948925
1,return_above_0_5_percent,A_all,hist_gradient,development|ETH/USDT|2023-04-29T23:00:00+00:00,0.3590770119529882
1,return_above_0_5_percent,A_all,hist_gradient,development|BTC/USDT|2023-04-30T18:00:00+00:00,0.3066104179397668
1,return_above_0_5_percent,A_all,hist_gradient,development|ETH/USDT|2023-05-02T23:00:00+00:00,0.4106918469871337
1,return_above_0_5_percent,A_all,hist_gradient,development|BTC/USDT|2023-05-03T02:00:00+00:00,0.4015588209566567
1,return_above_0_5_percent,A_all,hist_gradient,development|BTC/USDT|2023-05-10T13:00:00+00:00,0.4015588209566567
1,return_above_0_5_percent,A_all,hist_gradient,development|ETH/USDT|2023-05-10T13:00:00+00:00,0.3747774486405554
1,return_above_0_5_percent,A_all,hist_gradient,development|ETH/USDT|2023-05-13T09:00:00+00:00,0.4015588209566567
1,return_above_0_5_percent,A_all,hist_gradient,development|BTC/USDT|2023-05-13T14:00:00+00:00,0.5064453922362085
1,return_above_0_5_percent,A_all,hist_gradient,development|BTC/USDT|2023-05-18T04:00:00+00:00,0.2835352651019781
1,return_above_0_5_percent,A_all,hist_gradient,development|ETH/USDT|2023-05-18T09:00:00+00:00,0.4119477146868522
1,return_above_0_5_percent,A_all,hist_gradient,development|ETH/USDT|2023-05-20T03:00:00+00:00,0.4119477146868522
1,return_above_0_5_percent,A_all,hist_gradient,development|BTC/USDT|2023-05-20T16:00:00+00:00,0.41968669917940876
1,return_above_0_5_percent,A_all,hist_gradient,development|ETH/USDT|2023-05-22T22:00:00+00:00,0.4488668345953873
1,return_above_0_5_percent,A_all,hist_gradient,development|BTC/USDT|2023-05-23T04:00:00+00:00,0.3044119340460442
1,return_above_0_5_percent,A_all,hist_gradient,development|ETH/USDT|2023-05-26T05:00:00+00:00,0.31417407289437016
1,return_above_0_5_percent,A_all,hist_gradient,development|BTC/USDT|2023-05-26T07:00:00+00:00,0.4104929779180174
1,return_above_0_5_percent,A_all,hist_gradient,development|ETH/USDT|2023-06-02T04:00:00+00:00,0.31417407289437016
1,return_above_0_5_percent,A_all,hist_gradient,development|BTC/USDT|2023-06-02T12:00:00+00:00,0.3747774486405554
1,return_above_0_5_percent,A_all,hist_gradient,development|BTC/USDT|2023-06-04T21:00:00+00:00,0.41968669917940876
1,return_above_0_5_percent,A_all,hist_gradient,development|ETH/USDT|2023-06-04T21:00:00+00:00,0.4488668345953873
1,return_above_0_5_percent,A_all,hist_gradient,development|ETH/USDT|2023-06-07T01:00:00+00:00,0.2910129640079162
1,return_above_0_5_percent,A_all,hist_gradient,development|BTC/USDT|2023-06-07T02:00:00+00:00,0.2479077460420877
1,return_above_0_5_percent,A_all,hist_gradient,development|BTC/USDT|2023-06-09T07:00:00+00:00,0.4119477146868522
1,return_above_0_5_percent,A_all,hist_gradient,development|ETH/USDT|2023-06-09T14:00:00+00:00,0.4119477146868522
1,return_above_0_5_percent,A_all,hist_gradient,development|BTC/USDT|2023-06-12T01:00:00+00:00,0.3747774486405554
1,return_above_0_5_percent,A_all,hist_gradient,development|ETH/USDT|2023-06-12T06:00:00+00:00,0.5064453922362085
1,return_above_0_5_percent,A_all,hist_gradient,development|ETH/USDT|2023-06-13T21:00:00+00:00,0.5159074180257518
1,return_above_0_5_percent,A_all,hist_gradient,development|ETH/USDT|2023-06-14T14:00:00+00:00,0.44872401452651967
1,return_above_0_5_percent,A_all,hist_gradient,development|BTC/USDT|2023-06-14T19:00:00+00:00,0.41968669917940876
1,return_above_0_5_percent,A_all,hist_gradient,development|BTC/USDT|2023-06-16T10:00:00+00:00,0.4767601427658046
1,return_above_0_5_percent,A_all,hist_gradient,development|ETH/USDT|2023-06-16T15:00:00+00:00,0.4767601427658046
1,return_above_0_5_percent,A_all,hist_gradient,development|BTC/USDT|2023-06-19T23:00:00+00:00,0.3066104179397668
1,return_above_0_5_percent,A_all,hist_gradient,development|ETH/USDT|2023-06-20T12:00:00+00:00,0.3834975925520493
1,return_above_0_5_percent,A_all,hist_gradient,development|BTC/USDT|2023-06-23T16:00:00+00:00,0.19060923537490668
1,return_above_0_5_percent,A_all,hist_gradient,development|ETH/USDT|2023-06-24T04:00:00+00:00,0.25571729519441294
1,return_above_0_5_percent,A_all,hist_gradient,development|BTC/USDT|2023-06-25T12:00:00+00:00,0.2259754606331956
1,return_above_0_5_percent,A_all,hist_gradient,development|ETH/USDT|2023-06-25T12:00:00+00:00,0.27434431945432214
1,return_above_0_5_percent,A_all,hist_gradient,development|BTC/USDT|2023-06-25T20:00:00+00:00,0.41968669917940876
1,return_above_0_5_percent,A_all,hist_gradient,development|BTC/USDT|2023-06-27T15:00:00+00:00,0.29104689116988397
1,return_above_0_5_percent,A_all,hist_gradient,development|ETH/USDT|2023-06-27T20:00:00+00:00,0.30342368178514273
1,return_above_0_5_percent,A_all,hist_gradient,development|BTC/USDT|2023-06-29T20:00:00+00:00,0.3475088578593427
1,return_above_0_5_percent,A_all,hist_gradient,development|ETH/USDT|2023-06-30T01:00:00+00:00,0.5064453922362085
1,return_above_0_5_percent,B_reduced,dummy,development|BTC/USDT|2023-04-01T04:00:00+00:00,0.34
1,return_above_0_5_percent,B_reduced,dummy,development|ETH/USDT|2023-04-04T02:00:00+00:00,0.34
1,return_above_0_5_percent,B_reduced,dummy,development|BTC/USDT|2023-04-04T18:00:00+00:00,0.34
1,return_above_0_5_percent,B_reduced,dummy,development|BTC/USDT|2023-04-08T11:00:00+00:00,0.34
1,return_above_0_5_percent,B_reduced,dummy,development|ETH/USDT|2023-04-08T15:00:00+00:00,0.34
1,return_above_0_5_percent,B_reduced,dummy,development|BTC/USDT|2023-04-09T23:00:00+00:00,0.34
1,return_above_0_5_percent,B_reduced,dummy,development|ETH/USDT|2023-04-10T10:00:00+00:00,0.34
1,return_above_0_5_percent,B_reduced,dummy,development|ETH/USDT|2023-04-13T05:00:00+00:00,0.34
1,return_above_0_5_percent,B_reduced,dummy,development|BTC/USDT|2023-04-13T15:00:00+00:00,0.34
1,return_above_0_5_percent,B_reduced,dummy,development|ETH/USDT|2023-04-16T20:00:00+00:00,0.34
1,return_above_0_5_percent,B_reduced,dummy,development|BTC/USDT|2023-04-18T19:00:00+00:00,0.34
1,return_above_0_5_percent,B_reduced,dummy,development|ETH/USDT|2023-04-18T21:00:00+00:00,0.34
1,return_above_0_5_percent,B_reduced,dummy,development|BTC/USDT|2023-04-23T09:00:00+00:00,0.34
1,return_above_0_5_percent,B_reduced,dummy,development|ETH/USDT|2023-04-23T12:00:00+00:00,0.34
1,return_above_0_5_percent,B_reduced,dummy,development|BTC/USDT|2023-04-25T23:00:00+00:00,0.34
1,return_above_0_5_percent,B_reduced,dummy,development|ETH/USDT|2023-04-26T04:00:00+00:00,0.34
1,return_above_0_5_percent,B_reduced,dummy,development|BTC/USDT|2023-04-29T10:00:00+00:00,0.34
1,return_above_0_5_percent,B_reduced,dummy,development|ETH/USDT|2023-04-29T23:00:00+00:00,0.34
1,return_above_0_5_percent,B_reduced,dummy,development|BTC/USDT|2023-04-30T18:00:00+00:00,0.34
1,return_above_0_5_percent,B_reduced,dummy,development|ETH/USDT|2023-05-02T23:00:00+00:00,0.34
1,return_above_0_5_percent,B_reduced,dummy,development|BTC/USDT|2023-05-03T02:00:00+00:00,0.34
1,return_above_0_5_percent,B_reduced,dummy,development|BTC/USDT|2023-05-10T13:00:00+00:00,0.34
1,return_above_0_5_percent,B_reduced,dummy,development|ETH/USDT|2023-05-10T13:00:00+00:00,0.34
1,return_above_0_5_percent,B_reduced,dummy,development|ETH/USDT|2023-05-13T09:00:00+00:00,0.34
1,return_above_0_5_percent,B_reduced,dummy,development|BTC/USDT|2023-05-13T14:00:00+00:00,0.34
1,return_above_0_5_percent,B_reduced,dummy,development|BTC/USDT|2023-05-18T04:00:00+00:00,0.34
1,return_above_0_5_percent,B_reduced,dummy,development|ETH/USDT|2023-05-18T09:00:00+00:00,0.34
1,return_above_0_5_percent,B_reduced,dummy,development|ETH/USDT|2023-05-20T03:00:00+00:00,0.34
1,return_above_0_5_percent,B_reduced,dummy,development|BTC/USDT|2023-05-20T16:00:00+00:00,0.34
1,return_above_0_5_percent,B_reduced,dummy,development|ETH/USDT|2023-05-22T22:00:00+00:00,0.34
1,return_above_0_5_percent,B_reduced,dummy,development|BTC/USDT|2023-05-23T04:00:00+00:00,0.34
1,return_above_0_5_percent,B_reduced,dummy,development|ETH/USDT|2023-05-26T05:00:00+00:00,0.34
1,return_above_0_5_percent,B_reduced,dummy,development|BTC/USDT|2023-05-26T07:00:00+00:00,0.34
1,return_above_0_5_percent,B_reduced,dummy,development|ETH/USDT|2023-06-02T04:00:00+00:00,0.34
1,return_above_0_5_percent,B_reduced,dummy,development|BTC/USDT|2023-06-02T12:00:00+00:00,0.34
1,return_above_0_5_percent,B_reduced,dummy,development|BTC/USDT|2023-06-04T21:00:00+00:00,0.34
1,return_above_0_5_percent,B_reduced,dummy,development|ETH/USDT|2023-06-04T21:00:00+00:00,0.34
1,return_above_0_5_percent,B_reduced,dummy,development|ETH/USDT|2023-06-07T01:00:00+00:00,0.34
1,return_above_0_5_percent,B_reduced,dummy,development|BTC/USDT|2023-06-07T02:00:00+00:00,0.34
1,return_above_0_5_percent,B_reduced,dummy,development|BTC/USDT|2023-06-09T07:00:00+00:00,0.34
1,return_above_0_5_percent,B_reduced,dummy,development|ETH/USDT|2023-06-09T14:00:00+00:00,0.34
1,return_above_0_5_percent,B_reduced,dummy,development|BTC/USDT|2023-06-12T01:00:00+00:00,0.34
1,return_above_0_5_percent,B_reduced,dummy,development|ETH/USDT|2023-06-12T06:00:00+00:00,0.34
1,return_above_0_5_percent,B_reduced,dummy,development|ETH/USDT|2023-06-13T21:00:00+00:00,0.34
1,return_above_0_5_percent,B_reduced,dummy,development|ETH/USDT|2023-06-14T14:00:00+00:00,0.34
1,return_above_0_5_percent,B_reduced,dummy,development|BTC/USDT|2023-06-14T19:00:00+00:00,0.34
1,return_above_0_5_percent,B_reduced,dummy,development|BTC/USDT|2023-06-16T10:00:00+00:00,0.34
1,return_above_0_5_percent,B_reduced,dummy,development|ETH/USDT|2023-06-16T15:00:00+00:00,0.34
1,return_above_0_5_percent,B_reduced,dummy,development|BTC/USDT|2023-06-19T23:00:00+00:00,0.34
1,return_above_0_5_percent,B_reduced,dummy,development|ETH/USDT|2023-06-20T12:00:00+00:00,0.34
1,return_above_0_5_percent,B_reduced,dummy,development|BTC/USDT|2023-06-23T16:00:00+00:00,0.34
1,return_above_0_5_percent,B_reduced,dummy,development|ETH/USDT|2023-06-24T04:00:00+00:00,0.34
1,return_above_0_5_percent,B_reduced,dummy,development|BTC/USDT|2023-06-25T12:00:00+00:00,0.34
1,return_above_0_5_percent,B_reduced,dummy,development|ETH/USDT|2023-06-25T12:00:00+00:00,0.34
1,return_above_0_5_percent,B_reduced,dummy,development|BTC/USDT|2023-06-25T20:00:00+00:00,0.34
1,return_above_0_5_percent,B_reduced,dummy,development|BTC/USDT|2023-06-27T15:00:00+00:00,0.34
1,return_above_0_5_percent,B_reduced,dummy,development|ETH/USDT|2023-06-27T20:00:00+00:00,0.34
1,return_above_0_5_percent,B_reduced,dummy,development|BTC/USDT|2023-06-29T20:00:00+00:00,0.34
1,return_above_0_5_percent,B_reduced,dummy,development|ETH/USDT|2023-06-30T01:00:00+00:00,0.34
1,return_above_0_5_percent,B_reduced,logistic,development|BTC/USDT|2023-04-01T04:00:00+00:00,0.30235892136555714
1,return_above_0_5_percent,B_reduced,logistic,development|ETH/USDT|2023-04-04T02:00:00+00:00,0.45337431057858013
1,return_above_0_5_percent,B_reduced,logistic,development|BTC/USDT|2023-04-04T18:00:00+00:00,0.11471841129327416
1,return_above_0_5_percent,B_reduced,logistic,development|BTC/USDT|2023-04-08T11:00:00+00:00,0.13800660370870463
1,return_above_0_5_percent,B_reduced,logistic,development|ETH/USDT|2023-04-08T15:00:00+00:00,0.37296970315509054
1,return_above_0_5_percent,B_reduced,logistic,development|BTC/USDT|2023-04-09T23:00:00+00:00,0.32119201070744535
1,return_above_0_5_percent,B_reduced,logistic,development|ETH/USDT|2023-04-10T10:00:00+00:00,0.4486592606783513
1,return_above_0_5_percent,B_reduced,logistic,development|ETH/USDT|2023-04-13T05:00:00+00:00,0.40813783711411483
1,return_above_0_5_percent,B_reduced,logistic,development|BTC/USDT|2023-04-13T15:00:00+00:00,0.2378519469072682
1,return_above_0_5_percent,B_reduced,logistic,development|ETH/USDT|2023-04-16T20:00:00+00:00,0.5736383223507795
1,return_above_0_5_percent,B_reduced,logistic,development|BTC/USDT|2023-04-18T19:00:00+00:00,0.3310369741374422
1,return_above_0_5_percent,B_reduced,logistic,development|ETH/USDT|2023-04-18T21:00:00+00:00,0.3372806804116956
1,return_above_0_5_percent,B_reduced,logistic,development|BTC/USDT|2023-04-23T09:00:00+00:00,0.6757645816035251
1,return_above_0_5_percent,B_reduced,logistic,development|ETH/USDT|2023-04-23T12:00:00+00:00,0.47721970976275363
1,return_above_0_5_percent,B_reduced,logistic,development|BTC/USDT|2023-04-25T23:00:00+00:00,0.5449610214310189
1,return_above_0_5_percent,B_reduced,logistic,development|ETH/USDT|2023-04-26T04:00:00+00:00,0.2765646716522097
1,return_above_0_5_percent,B_reduced,logistic,development|BTC/USDT|2023-04-29T10:00:00+00:00,0.46962295196369735
1,return_above_0_5_percent,B_reduced,logistic,development|ETH/USDT|2023-04-29T23:00:00+00:00,0.2416974240848983
1,return_above_0_5_percent,B_reduced,logistic,development|BTC/USDT|2023-04-30T18:00:00+00:00,0.2612114724386536
1,return_above_0_5_percent,B_reduced,logistic,development|ETH/USDT|2023-05-02T23:00:00+00:00,0.26268886251970625
1,return_above_0_5_percent,B_reduced,logistic,development|BTC/USDT|2023-05-03T02:00:00+00:00,0.28821870176855635
1,return_above_0_5_percent,B_reduced,logistic,development|BTC/USDT|2023-05-10T13:00:00+00:00,0.5475282250115866
1,return_above_0_5_percent,B_reduced,logistic,development|ETH/USDT|2023-05-10T13:00:00+00:00,0.30515695895643313
1,return_above_0_5_percent,B_reduced,logistic,development|ETH/USDT|2023-05-13T09:00:00+00:00,0.3732575205247445
1,return_above_0_5_percent,B_reduced,logistic,development|BTC/USDT|2023-05-13T14:00:00+00:00,0.6382517872759321
1,return_above_0_5_percent,B_reduced,logistic,development|BTC/USDT|2023-05-18T04:00:00+00:00,0.28836936836527344
1,return_above_0_5_percent,B_reduced,logistic,development|ETH/USDT|2023-05-18T09:00:00+00:00,0.39280583387212387
1,return_above_0_5_percent,B_reduced,logistic,development|ETH/USDT|2023-05-20T03:00:00+00:00,0.15337106899760322
1,return_above_0_5_percent,B_reduced,logistic,development|BTC/USDT|2023-05-20T16:00:00+00:00,0.41923138711244745
1,return_above_0_5_percent,B_reduced,logistic,development|ETH/USDT|2023-05-22T22:00:00+00:00,0.36789227196982627
1,return_above_0_5_percent,B_reduced,logistic,development|BTC/USDT|2023-05-23T04:00:00+00:00,0.17216518262558278
1,return_above_0_5_percent,B_reduced,logistic,development|ETH/USDT|2023-05-26T05:00:00+00:00,0.45698598756159214
1,return_above_0_5_percent,B_reduced,logistic,development|BTC/USDT|2023-05-26T07:00:00+00:00,0.34677532775567627
1,return_above_0_5_percent,B_reduced,logistic,development|ETH/USDT|2023-06-02T04:00:00+00:00,0.45218514144538535
1,return_above_0_5_percent,B_reduced,logistic,development|BTC/USDT|2023-06-02T12:00:00+00:00,0.3221424328082778
1,return_above_0_5_percent,B_reduced,logistic,development|BTC/USDT|2023-06-04T21:00:00+00:00,0.33241311452054995
1,return_above_0_5_percent,B_reduced,logistic,development|ETH/USDT|2023-06-04T21:00:00+00:00,0.43717307171229314
1,return_above_0_5_percent,B_reduced,logistic,development|ETH/USDT|2023-06-07T01:00:00+00:00,0.37191592806765156
1,return_above_0_5_percent,B_reduced,logistic,development|BTC/USDT|2023-06-07T02:00:00+00:00,0.09133179680167733
1,return_above_0_5_percent,B_reduced,logistic,development|BTC/USDT|2023-06-09T07:00:00+00:00,0.3190941516740393
1,return_above_0_5_percent,B_reduced,logistic,development|ETH/USDT|2023-06-09T14:00:00+00:00,0.291425064932445
1,return_above_0_5_percent,B_reduced,logistic,development|BTC/USDT|2023-06-12T01:00:00+00:00,0.3826392414329956
1,return_above_0_5_percent,B_reduced,logistic,development|ETH/USDT|2023-06-12T06:00:00+00:00,0.7405732264877445
1,return_above_0_5_percent,B_reduced,logistic,development|ETH/USDT|2023-06-13T21:00:00+00:00,0.6963406036671043
1,return_above_0_5_percent,B_reduced,logistic,development|ETH/USDT|2023-06-14T14:00:00+00:00,0.2819474437682325
1,return_above_0_5_percent,B_reduced,logistic,development|BTC/USDT|2023-06-14T19:00:00+00:00,0.5633102129865231
1,return_above_0_5_percent,B_reduced,logistic,development|BTC/USDT|2023-06-16T10:00:00+00:00,0.2494512298674384
1,return_above_0_5_percent,B_reduced,logistic,development|ETH/USDT|2023-06-16T15:00:00+00:00,0.6928097074869085
1,return_above_0_5_percent,B_reduced,logistic,development|BTC/USDT|2023-06-19T23:00:00+00:00,0.46648064350604973
1,return_above_0_5_percent,B_reduced,logistic,development|ETH/USDT|2023-06-20T12:00:00+00:00,0.14889939815935643
1,return_above_0_5_percent,B_reduced,logistic,development|BTC/USDT|2023-06-23T16:00:00+00:00,0.1379817756148339
1,return_above_0_5_percent,B_reduced,logistic,development|ETH/USDT|2023-06-24T04:00:00+00:00,0.41520855759336145
1,return_above_0_5_percent,B_reduced,logistic,development|BTC/USDT|2023-06-25T12:00:00+00:00,0.1325470411672036
1,return_above_0_5_percent,B_reduced,logistic,development|ETH/USDT|2023-06-25T12:00:00+00:00,0.2493665207685988
1,return_above_0_5_percent,B_reduced,logistic,development|BTC/USDT|2023-06-25T20:00:00+00:00,0.364065592967065
1,return_above_0_5_percent,B_reduced,logistic,development|BTC/USDT|2023-06-27T15:00:00+00:00,0.102959157184384
1,return_above_0_5_percent,B_reduced,logistic,development|ETH/USDT|2023-06-27T20:00:00+00:00,0.2043161997487401
1,return_above_0_5_percent,B_reduced,logistic,development|BTC/USDT|2023-06-29T20:00:00+00:00,0.3166502457586618
1,return_above_0_5_percent,B_reduced,logistic,development|ETH/USDT|2023-06-30T01:00:00+00:00,0.5929043577868585
1,return_above_0_5_percent,B_reduced,forest,development|BTC/USDT|2023-04-01T04:00:00+00:00,0.2534968805704101
1,return_above_0_5_percent,B_reduced,forest,development|ETH/USDT|2023-04-04T02:00:00+00:00,0.46346406405771723
1,return_above_0_5_percent,B_reduced,forest,development|BTC/USDT|2023-04-04T18:00:00+00:00,0.3201314743463242
1,return_above_0_5_percent,B_reduced,forest,development|BTC/USDT|2023-04-08T11:00:00+00:00,0.45724625572226185
1,return_above_0_5_percent,B_reduced,forest,development|ETH/USDT|2023-04-08T15:00:00+00:00,0.5093894181154242
1,return_above_0_5_percent,B_reduced,forest,development|BTC/USDT|2023-04-09T23:00:00+00:00,0.3333886534417386
1,return_above_0_5_percent,B_reduced,forest,development|ETH/USDT|2023-04-10T10:00:00+00:00,0.5329772498743088
1,return_above_0_5_percent,B_reduced,forest,development|ETH/USDT|2023-04-13T05:00:00+00:00,0.28149688057040995
1,return_above_0_5_percent,B_reduced,forest,development|BTC/USDT|2023-04-13T15:00:00+00:00,0.17848793127089274
1,return_above_0_5_percent,B_reduced,forest,development|ETH/USDT|2023-04-16T20:00:00+00:00,0.231327312477921
1,return_above_0_5_percent,B_reduced,forest,development|BTC/USDT|2023-04-18T19:00:00+00:00,0.2620246367394867
1,return_above_0_5_percent,B_reduced,forest,development|ETH/USDT|2023-04-18T21:00:00+00:00,0.4874144159933633
1,return_above_0_5_percent,B_reduced,forest,development|BTC/USDT|2023-04-23T09:00:00+00:00,0.5474308697838112
1,return_above_0_5_percent,B_reduced,forest,development|ETH/USDT|2023-04-23T12:00:00+00:00,0.5250800506682862
1,return_above_0_5_percent,B_reduced,forest,development|BTC/USDT|2023-04-25T23:00:00+00:00,0.3006343763291025
1,return_above_0_5_percent,B_reduced,forest,development|ETH/USDT|2023-04-26T04:00:00+00:00,0.33760707846356935
1,return_above_0_5_percent,B_reduced,forest,development|BTC/USDT|2023-04-29T10:00:00+00:00,0.39089509707698555
1,return_above_0_5_percent,B_reduced,forest,development|ETH/USDT|2023-04-29T23:00:00+00:00,0.40594457013574664
1,return_above_0_5_percent,B_reduced,forest,development|BTC/USDT|2023-04-30T18:00:00+00:00,0.2501159261690115
1,return_above_0_5_percent,B_reduced,forest,development|ETH/USDT|2023-05-02T23:00:00+00:00,0.3070503769951031
1,return_above_0_5_percent,B_reduced,forest,development|BTC/USDT|2023-05-03T02:00:00+00:00,0.3707106334053595
1,return_above_0_5_percent,B_reduced,forest,development|BTC/USDT|2023-05-10T13:00:00+00:00,0.37509059821179513
1,return_above_0_5_percent,B_reduced,forest,development|ETH/USDT|2023-05-10T13:00:00+00:00,0.3855580441645351
1,return_above_0_5_percent,B_reduced,forest,development|ETH/USDT|2023-05-13T09:00:00+00:00,0.34310381048971306
1,return_above_0_5_percent,B_reduced,forest,development|BTC/USDT|2023-05-13T14:00:00+00:00,0.4946797385620917
1,return_above_0_5_percent,B_reduced,forest,development|BTC/USDT|2023-05-18T04:00:00+00:00,0.19006577533944896
1,return_above_0_5_percent,B_reduced,forest,development|ETH/USDT|2023-05-18T09:00:00+00:00,0.46207958905559515
1,return_above_0_5_percent,B_reduced,forest,development|ETH/USDT|2023-05-20T03:00:00+00:00,0.5099194583366409
1,return_above_0_5_percent,B_reduced,forest,development|BTC/USDT|2023-05-20T16:00:00+00:00,0.49281098674287527
1,return_above_0_5_percent,B_reduced,forest,development|ETH/USDT|2023-05-22T22:00:00+00:00,0.46918238984957233
1,return_above_0_5_percent,B_reduced,forest,development|BTC/USDT|2023-05-23T04:00:00+00:00,0.28513574785059775
1,return_above_0_5_percent,B_reduced,forest,development|ETH/USDT|2023-05-26T05:00:00+00:00,0.4209589148796472
1,return_above_0_5_percent,B_reduced,forest,development|BTC/USDT|2023-05-26T07:00:00+00:00,0.4891209268028153
1,return_above_0_5_percent,B_reduced,forest,development|ETH/USDT|2023-06-02T04:00:00+00:00,0.35230594856491615
1,return_above_0_5_percent,B_reduced,forest,development|BTC/USDT|2023-06-02T12:00:00+00:00,0.38127109092169936
1,return_above_0_5_percent,B_reduced,forest,development|BTC/USDT|2023-06-04T21:00:00+00:00,0.46339268608928047
1,return_above_0_5_percent,B_reduced,forest,development|ETH/USDT|2023-06-04T21:00:00+00:00,0.47622011193141206
1,return_above_0_5_percent,B_reduced,forest,development|ETH/USDT|2023-06-07T01:00:00+00:00,0.21876449328816694
1,return_above_0_5_percent,B_reduced,forest,development|BTC/USDT|2023-06-07T02:00:00+00:00,0.21063704230777475
1,return_above_0_5_percent,B_reduced,forest,development|BTC/USDT|2023-06-09T07:00:00+00:00,0.462326923076923
1,return_above_0_5_percent,B_reduced,forest,development|ETH/USDT|2023-06-09T14:00:00+00:00,0.5121181762853588
1,return_above_0_5_percent,B_reduced,forest,development|BTC/USDT|2023-06-12T01:00:00+00:00,0.4146952990664959
1,return_above_0_5_percent,B_reduced,forest,development|ETH/USDT|2023-06-12T06:00:00+00:00,0.5427321518350933
1,return_above_0_5_percent,B_reduced,forest,development|ETH/USDT|2023-06-13T21:00:00+00:00,0.5382060080442436
1,return_above_0_5_percent,B_reduced,forest,development|ETH/USDT|2023-06-14T14:00:00+00:00,0.5267380593262949
1,return_above_0_5_percent,B_reduced,forest,development|BTC/USDT|2023-06-14T19:00:00+00:00,0.4959515096186923
1,return_above_0_5_percent,B_reduced,forest,development|BTC/USDT|2023-06-16T10:00:00+00:00,0.40746780833545565
1,return_above_0_5_percent,B_reduced,forest,development|ETH/USDT|2023-06-16T15:00:00+00:00,0.5271061944591359
1,return_above_0_5_percent,B_reduced,forest,development|BTC/USDT|2023-06-19T23:00:00+00:00,0.25059367880852884
1,return_above_0_5_percent,B_reduced,forest,development|ETH/USDT|2023-06-20T12:00:00+00:00,0.4328366130773251
1,return_above_0_5_percent,B_reduced,forest,development|BTC/USDT|2023-06-23T16:00:00+00:00,0.1378276748606363
1,return_above_0_5_percent,B_reduced,forest,development|ETH/USDT|2023-06-24T04:00:00+00:00,0.34133850952968603
1,return_above_0_5_percent,B_reduced,forest,development|BTC/USDT|2023-06-25T12:00:00+00:00,0.26339705645942957
1,return_above_0_5_percent,B_reduced,forest,development|ETH/USDT|2023-06-25T12:00:00+00:00,0.17975090393634224
1,return_above_0_5_percent,B_reduced,forest,development|BTC/USDT|2023-06-25T20:00:00+00:00,0.43774150230574377
1,return_above_0_5_percent,B_reduced,forest,development|BTC/USDT|2023-06-27T15:00:00+00:00,0.23990698968066315
1,return_above_0_5_percent,B_reduced,forest,development|ETH/USDT|2023-06-27T20:00:00+00:00,0.3077471250355044
1,return_above_0_5_percent,B_reduced,forest,development|BTC/USDT|2023-06-29T20:00:00+00:00,0.334118040068184
1,return_above_0_5_percent,B_reduced,forest,development|ETH/USDT|2023-06-30T01:00:00+00:00,0.5427321518350933
1,return_above_0_5_percent,B_reduced,hist_gradient,development|BTC/USDT|2023-04-01T04:00:00+00:00,0.319046883111796
1,return_above_0_5_percent,B_reduced,hist_gradient,development|ETH/USDT|2023-04-04T02:00:00+00:00,0.3516396931655039
1,return_above_0_5_percent,B_reduced,hist_gradient,development|BTC/USDT|2023-04-04T18:00:00+00:00,0.29195096326911235
1,return_above_0_5_percent,B_reduced,hist_gradient,development|BTC/USDT|2023-04-08T11:00:00+00:00,0.3834975925520493
1,return_above_0_5_percent,B_reduced,hist_gradient,development|ETH/USDT|2023-04-08T15:00:00+00:00,0.4119477146868522
1,return_above_0_5_percent,B_reduced,hist_gradient,development|BTC/USDT|2023-04-09T23:00:00+00:00,0.349593543781869
1,return_above_0_5_percent,B_reduced,hist_gradient,development|ETH/USDT|2023-04-10T10:00:00+00:00,0.4782591974800809
1,return_above_0_5_percent,B_reduced,hist_gradient,development|ETH/USDT|2023-04-13T05:00:00+00:00,0.3864044833712915
1,return_above_0_5_percent,B_reduced,hist_gradient,development|BTC/USDT|2023-04-13T15:00:00+00:00,0.23792758060395008
1,return_above_0_5_percent,B_reduced,hist_gradient,development|ETH/USDT|2023-04-16T20:00:00+00:00,0.32036718912455825
1,return_above_0_5_percent,B_reduced,hist_gradient,development|BTC/USDT|2023-04-18T19:00:00+00:00,0.33315792799200783
1,return_above_0_5_percent,B_reduced,hist_gradient,development|ETH/USDT|2023-04-18T21:00:00+00:00,0.41968669917940876
1,return_above_0_5_percent,B_reduced,hist_gradient,development|BTC/USDT|2023-04-23T09:00:00+00:00,0.5064453922362085
1,return_above_0_5_percent,B_reduced,hist_gradient,development|ETH/USDT|2023-04-23T12:00:00+00:00,0.44872401452651967
1,return_above_0_5_percent,B_reduced,hist_gradient,development|BTC/USDT|2023-04-25T23:00:00+00:00,0.439720466998975
1,return_above_0_5_percent,B_reduced,hist_gradient,development|ETH/USDT|2023-04-26T04:00:00+00:00,0.4030035408973731
1,return_above_0_5_percent,B_reduced,hist_gradient,development|BTC/USDT|2023-04-29T10:00:00+00:00,0.36421512472948925
1,return_above_0_5_percent,B_reduced,hist_gradient,development|ETH/USDT|2023-04-29T23:00:00+00:00,0.3590770119529882
1,return_above_0_5_percent,B_reduced,hist_gradient,development|BTC/USDT|2023-04-30T18:00:00+00:00,0.3066104179397668
1,return_above_0_5_percent,B_reduced,hist_gradient,development|ETH/USDT|2023-05-02T23:00:00+00:00,0.4106918469871337
1,return_above_0_5_percent,B_reduced,hist_gradient,development|BTC/USDT|2023-05-03T02:00:00+00:00,0.4015588209566567
1,return_above_0_5_percent,B_reduced,hist_gradient,development|BTC/USDT|2023-05-10T13:00:00+00:00,0.4015588209566567
1,return_above_0_5_percent,B_reduced,hist_gradient,development|ETH/USDT|2023-05-10T13:00:00+00:00,0.3747774486405554
1,return_above_0_5_percent,B_reduced,hist_gradient,development|ETH/USDT|2023-05-13T09:00:00+00:00,0.4015588209566567
1,return_above_0_5_percent,B_reduced,hist_gradient,development|BTC/USDT|2023-05-13T14:00:00+00:00,0.5064453922362085
1,return_above_0_5_percent,B_reduced,hist_gradient,development|BTC/USDT|2023-05-18T04:00:00+00:00,0.2835352651019781
1,return_above_0_5_percent,B_reduced,hist_gradient,development|ETH/USDT|2023-05-18T09:00:00+00:00,0.4119477146868522
1,return_above_0_5_percent,B_reduced,hist_gradient,development|ETH/USDT|2023-05-20T03:00:00+00:00,0.4119477146868522
1,return_above_0_5_percent,B_reduced,hist_gradient,development|BTC/USDT|2023-05-20T16:00:00+00:00,0.41968669917940876
1,return_above_0_5_percent,B_reduced,hist_gradient,development|ETH/USDT|2023-05-22T22:00:00+00:00,0.4488668345953873
1,return_above_0_5_percent,B_reduced,hist_gradient,development|BTC/USDT|2023-05-23T04:00:00+00:00,0.3044119340460442
1,return_above_0_5_percent,B_reduced,hist_gradient,development|ETH/USDT|2023-05-26T05:00:00+00:00,0.31417407289437016
1,return_above_0_5_percent,B_reduced,hist_gradient,development|BTC/USDT|2023-05-26T07:00:00+00:00,0.4104929779180174
1,return_above_0_5_percent,B_reduced,hist_gradient,development|ETH/USDT|2023-06-02T04:00:00+00:00,0.31417407289437016
1,return_above_0_5_percent,B_reduced,hist_gradient,development|BTC/USDT|2023-06-02T12:00:00+00:00,0.3747774486405554
1,return_above_0_5_percent,B_reduced,hist_gradient,development|BTC/USDT|2023-06-04T21:00:00+00:00,0.41968669917940876
1,return_above_0_5_percent,B_reduced,hist_gradient,development|ETH/USDT|2023-06-04T21:00:00+00:00,0.4488668345953873
1,return_above_0_5_percent,B_reduced,hist_gradient,development|ETH/USDT|2023-06-07T01:00:00+00:00,0.2910129640079162
1,return_above_0_5_percent,B_reduced,hist_gradient,development|BTC/USDT|2023-06-07T02:00:00+00:00,0.2479077460420877
1,return_above_0_5_percent,B_reduced,hist_gradient,development|BTC/USDT|2023-06-09T07:00:00+00:00,0.4119477146868522
1,return_above_0_5_percent,B_reduced,hist_gradient,development|ETH/USDT|2023-06-09T14:00:00+00:00,0.4119477146868522
1,return_above_0_5_percent,B_reduced,hist_gradient,development|BTC/USDT|2023-06-12T01:00:00+00:00,0.3747774486405554
1,return_above_0_5_percent,B_reduced,hist_gradient,development|ETH/USDT|2023-06-12T06:00:00+00:00,0.5064453922362085
1,return_above_0_5_percent,B_reduced,hist_gradient,development|ETH/USDT|2023-06-13T21:00:00+00:00,0.5159074180257518
1,return_above_0_5_percent,B_reduced,hist_gradient,development|ETH/USDT|2023-06-14T14:00:00+00:00,0.44872401452651967
1,return_above_0_5_percent,B_reduced,hist_gradient,development|BTC/USDT|2023-06-14T19:00:00+00:00,0.41968669917940876
1,return_above_0_5_percent,B_reduced,hist_gradient,development|BTC/USDT|2023-06-16T10:00:00+00:00,0.4767601427658046
1,return_above_0_5_percent,B_reduced,hist_gradient,development|ETH/USDT|2023-06-16T15:00:00+00:00,0.4767601427658046
1,return_above_0_5_percent,B_reduced,hist_gradient,development|BTC/USDT|2023-06-19T23:00:00+00:00,0.3066104179397668
1,return_above_0_5_percent,B_reduced,hist_gradient,development|ETH/USDT|2023-06-20T12:00:00+00:00,0.3834975925520493
1,return_above_0_5_percent,B_reduced,hist_gradient,development|BTC/USDT|2023-06-23T16:00:00+00:00,0.19060923537490668
1,return_above_0_5_percent,B_reduced,hist_gradient,development|ETH/USDT|2023-06-24T04:00:00+00:00,0.25571729519441294
1,return_above_0_5_percent,B_reduced,hist_gradient,development|BTC/USDT|2023-06-25T12:00:00+00:00,0.2259754606331956
1,return_above_0_5_percent,B_reduced,hist_gradient,development|ETH/USDT|2023-06-25T12:00:00+00:00,0.27434431945432214
1,return_above_0_5_percent,B_reduced,hist_gradient,development|BTC/USDT|2023-06-25T20:00:00+00:00,0.41968669917940876
1,return_above_0_5_percent,B_reduced,hist_gradient,development|BTC/USDT|2023-06-27T15:00:00+00:00,0.29104689116988397
1,return_above_0_5_percent,B_reduced,hist_gradient,development|ETH/USDT|2023-06-27T20:00:00+00:00,0.30342368178514273
1,return_above_0_5_percent,B_reduced,hist_gradient,development|BTC/USDT|2023-06-29T20:00:00+00:00,0.3475088578593427
1,return_above_0_5_percent,B_reduced,hist_gradient,development|ETH/USDT|2023-06-30T01:00:00+00:00,0.5064453922362085
1,return_above_0_5_percent,C_price,dummy,development|BTC/USDT|2023-04-01T04:00:00+00:00,0.34
1,return_above_0_5_percent,C_price,dummy,development|ETH/USDT|2023-04-04T02:00:00+00:00,0.34
1,return_above_0_5_percent,C_price,dummy,development|BTC/USDT|2023-04-04T18:00:00+00:00,0.34
1,return_above_0_5_percent,C_price,dummy,development|BTC/USDT|2023-04-08T11:00:00+00:00,0.34
1,return_above_0_5_percent,C_price,dummy,development|ETH/USDT|2023-04-08T15:00:00+00:00,0.34
1,return_above_0_5_percent,C_price,dummy,development|BTC/USDT|2023-04-09T23:00:00+00:00,0.34
1,return_above_0_5_percent,C_price,dummy,development|ETH/USDT|2023-04-10T10:00:00+00:00,0.34
1,return_above_0_5_percent,C_price,dummy,development|ETH/USDT|2023-04-13T05:00:00+00:00,0.34
1,return_above_0_5_percent,C_price,dummy,development|BTC/USDT|2023-04-13T15:00:00+00:00,0.34
1,return_above_0_5_percent,C_price,dummy,development|ETH/USDT|2023-04-16T20:00:00+00:00,0.34
1,return_above_0_5_percent,C_price,dummy,development|BTC/USDT|2023-04-18T19:00:00+00:00,0.34
1,return_above_0_5_percent,C_price,dummy,development|ETH/USDT|2023-04-18T21:00:00+00:00,0.34
1,return_above_0_5_percent,C_price,dummy,development|BTC/USDT|2023-04-23T09:00:00+00:00,0.34
1,return_above_0_5_percent,C_price,dummy,development|ETH/USDT|2023-04-23T12:00:00+00:00,0.34
1,return_above_0_5_percent,C_price,dummy,development|BTC/USDT|2023-04-25T23:00:00+00:00,0.34
1,return_above_0_5_percent,C_price,dummy,development|ETH/USDT|2023-04-26T04:00:00+00:00,0.34
1,return_above_0_5_percent,C_price,dummy,development|BTC/USDT|2023-04-29T10:00:00+00:00,0.34
1,return_above_0_5_percent,C_price,dummy,development|ETH/USDT|2023-04-29T23:00:00+00:00,0.34
1,return_above_0_5_percent,C_price,dummy,development|BTC/USDT|2023-04-30T18:00:00+00:00,0.34
1,return_above_0_5_percent,C_price,dummy,development|ETH/USDT|2023-05-02T23:00:00+00:00,0.34
1,return_above_0_5_percent,C_price,dummy,development|BTC/USDT|2023-05-03T02:00:00+00:00,0.34
1,return_above_0_5_percent,C_price,dummy,development|BTC/USDT|2023-05-10T13:00:00+00:00,0.34
1,return_above_0_5_percent,C_price,dummy,development|ETH/USDT|2023-05-10T13:00:00+00:00,0.34
1,return_above_0_5_percent,C_price,dummy,development|ETH/USDT|2023-05-13T09:00:00+00:00,0.34
1,return_above_0_5_percent,C_price,dummy,development|BTC/USDT|2023-05-13T14:00:00+00:00,0.34
1,return_above_0_5_percent,C_price,dummy,development|BTC/USDT|2023-05-18T04:00:00+00:00,0.34
1,return_above_0_5_percent,C_price,dummy,development|ETH/USDT|2023-05-18T09:00:00+00:00,0.34
1,return_above_0_5_percent,C_price,dummy,development|ETH/USDT|2023-05-20T03:00:00+00:00,0.34
1,return_above_0_5_percent,C_price,dummy,development|BTC/USDT|2023-05-20T16:00:00+00:00,0.34
1,return_above_0_5_percent,C_price,dummy,development|ETH/USDT|2023-05-22T22:00:00+00:00,0.34
1,return_above_0_5_percent,C_price,dummy,development|BTC/USDT|2023-05-23T04:00:00+00:00,0.34
1,return_above_0_5_percent,C_price,dummy,development|ETH/USDT|2023-05-26T05:00:00+00:00,0.34
1,return_above_0_5_percent,C_price,dummy,development|BTC/USDT|2023-05-26T07:00:00+00:00,0.34
1,return_above_0_5_percent,C_price,dummy,development|ETH/USDT|2023-06-02T04:00:00+00:00,0.34
1,return_above_0_5_percent,C_price,dummy,development|BTC/USDT|2023-06-02T12:00:00+00:00,0.34
1,return_above_0_5_percent,C_price,dummy,development|BTC/USDT|2023-06-04T21:00:00+00:00,0.34
1,return_above_0_5_percent,C_price,dummy,development|ETH/USDT|2023-06-04T21:00:00+00:00,0.34
1,return_above_0_5_percent,C_price,dummy,development|ETH/USDT|2023-06-07T01:00:00+00:00,0.34
1,return_above_0_5_percent,C_price,dummy,development|BTC/USDT|2023-06-07T02:00:00+00:00,0.34
1,return_above_0_5_percent,C_price,dummy,development|BTC/USDT|2023-06-09T07:00:00+00:00,0.34
1,return_above_0_5_percent,C_price,dummy,development|ETH/USDT|2023-06-09T14:00:00+00:00,0.34
1,return_above_0_5_percent,C_price,dummy,development|BTC/USDT|2023-06-12T01:00:00+00:00,0.34
1,return_above_0_5_percent,C_price,dummy,development|ETH/USDT|2023-06-12T06:00:00+00:00,0.34
1,return_above_0_5_percent,C_price,dummy,development|ETH/USDT|2023-06-13T21:00:00+00:00,0.34
1,return_above_0_5_percent,C_price,dummy,development|ETH/USDT|2023-06-14T14:00:00+00:00,0.34
1,return_above_0_5_percent,C_price,dummy,development|BTC/USDT|2023-06-14T19:00:00+00:00,0.34
1,return_above_0_5_percent,C_price,dummy,development|BTC/USDT|2023-06-16T10:00:00+00:00,0.34
1,return_above_0_5_percent,C_price,dummy,development|ETH/USDT|2023-06-16T15:00:00+00:00,0.34
1,return_above_0_5_percent,C_price,dummy,development|BTC/USDT|2023-06-19T23:00:00+00:00,0.34
1,return_above_0_5_percent,C_price,dummy,development|ETH/USDT|2023-06-20T12:00:00+00:00,0.34
1,return_above_0_5_percent,C_price,dummy,development|BTC/USDT|2023-06-23T16:00:00+00:00,0.34
1,return_above_0_5_percent,C_price,dummy,development|ETH/USDT|2023-06-24T04:00:00+00:00,0.34
1,return_above_0_5_percent,C_price,dummy,development|BTC/USDT|2023-06-25T12:00:00+00:00,0.34
1,return_above_0_5_percent,C_price,dummy,development|ETH/USDT|2023-06-25T12:00:00+00:00,0.34
1,return_above_0_5_percent,C_price,dummy,development|BTC/USDT|2023-06-25T20:00:00+00:00,0.34
1,return_above_0_5_percent,C_price,dummy,development|BTC/USDT|2023-06-27T15:00:00+00:00,0.34
1,return_above_0_5_percent,C_price,dummy,development|ETH/USDT|2023-06-27T20:00:00+00:00,0.34
1,return_above_0_5_percent,C_price,dummy,development|BTC/USDT|2023-06-29T20:00:00+00:00,0.34
1,return_above_0_5_percent,C_price,dummy,development|ETH/USDT|2023-06-30T01:00:00+00:00,0.34
1,return_above_0_5_percent,C_price,logistic,development|BTC/USDT|2023-04-01T04:00:00+00:00,0.26985621345645255
1,return_above_0_5_percent,C_price,logistic,development|ETH/USDT|2023-04-04T02:00:00+00:00,0.4563344545091283
1,return_above_0_5_percent,C_price,logistic,development|BTC/USDT|2023-04-04T18:00:00+00:00,0.16651784488447005
1,return_above_0_5_percent,C_price,logistic,development|BTC/USDT|2023-04-08T11:00:00+00:00,0.28660091653642467
1,return_above_0_5_percent,C_price,logistic,development|ETH/USDT|2023-04-08T15:00:00+00:00,0.4294519296825181
1,return_above_0_5_percent,C_price,logistic,development|BTC/USDT|2023-04-09T23:00:00+00:00,0.27675597224218046
1,return_above_0_5_percent,C_price,logistic,development|ETH/USDT|2023-04-10T10:00:00+00:00,0.5177181673372797
1,return_above_0_5_percent,C_price,logistic,development|ETH/USDT|2023-04-13T05:00:00+00:00,0.38402250661739756
1,return_above_0_5_percent,C_price,logistic,development|BTC/USDT|2023-04-13T15:00:00+00:00,0.09591871435302972
1,return_above_0_5_percent,C_price,logistic,development|ETH/USDT|2023-04-16T20:00:00+00:00,0.37413783641048287
1,return_above_0_5_percent,C_price,logistic,development|BTC/USDT|2023-04-18T19:00:00+00:00,0.2724552833552258
1,return_above_0_5_percent,C_price,logistic,development|ETH/USDT|2023-04-18T21:00:00+00:00,0.2701120370779835
1,return_above_0_5_percent,C_price,logistic,development|BTC/USDT|2023-04-23T09:00:00+00:00,0.7143184810563908
1,return_above_0_5_percent,C_price,logistic,development|ETH/USDT|2023-04-23T12:00:00+00:00,0.5003076584152142
1,return_above_0_5_percent,C_price,logistic,development|BTC/USDT|2023-04-25T23:00:00+00:00,0.36735820078893466
1,return_above_0_5_percent,C_price,logistic,development|ETH/USDT|2023-04-26T04:00:00+00:00,0.37350008407300667
1,return_above_0_5_percent,C_price,logistic,development|BTC/USDT|2023-04-29T10:00:00+00:00,0.4021999237408627
1,return_above_0_5_percent,C_price,logistic,development|ETH/USDT|2023-04-29T23:00:00+00:00,0.4208604363147462
1,return_above_0_5_percent,C_price,logistic,development|BTC/USDT|2023-04-30T18:00:00+00:00,0.32088455682687983
1,return_above_0_5_percent,C_price,logistic,development|ETH/USDT|2023-05-02T23:00:00+00:00,0.32017344110155516
1,return_above_0_5_percent,C_price,logistic,development|BTC/USDT|2023-05-03T02:00:00+00:00,0.34116074333679774
1,return_above_0_5_percent,C_price,logistic,development|BTC/USDT|2023-05-10T13:00:00+00:00,0.19101753691821954
1,return_above_0_5_percent,C_price,logistic,development|ETH/USDT|2023-05-10T13:00:00+00:00,0.295893217028795
1,return_above_0_5_percent,C_price,logistic,development|ETH/USDT|2023-05-13T09:00:00+00:00,0.4773120102503954
1,return_above_0_5_percent,C_price,logistic,development|BTC/USDT|2023-05-13T14:00:00+00:00,0.6653913047663202
1,return_above_0_5_percent,C_price,logistic,development|BTC/USDT|2023-05-18T04:00:00+00:00,0.21727102410017918
1,return_above_0_5_percent,C_price,logistic,development|ETH/USDT|2023-05-18T09:00:00+00:00,0.48662023530361814
1,return_above_0_5_percent,C_price,logistic,development|ETH/USDT|2023-05-20T03:00:00+00:00,0.3462957442365537
1,return_above_0_5_percent,C_price,logistic,development|BTC/USDT|2023-05-20T16:00:00+00:00,0.3550524473921172
1,return_above_0_5_percent,C_price,logistic,development|ETH/USDT|2023-05-22T22:00:00+00:00,0.359125272013672
1,return_above_0_5_percent,C_price,logistic,development|BTC/USDT|2023-05-23T04:00:00+00:00,0.13049426662001795
1,return_above_0_5_percent,C_price,logistic,development|ETH/USDT|2023-05-26T05:00:00+00:00,0.5101404808273599
1,return_above_0_5_percent,C_price,logistic,development|BTC/USDT|2023-05-26T07:00:00+00:00,0.2578344814699754
1,return_above_0_5_percent,C_price,logistic,development|ETH/USDT|2023-06-02T04:00:00+00:00,0.5299718989959962
1,return_above_0_5_percent,C_price,logistic,development|BTC/USDT|2023-06-02T12:00:00+00:00,0.4127915160423569
1,return_above_0_5_percent,C_price,logistic,development|BTC/USDT|2023-06-04T21:00:00+00:00,0.3614961633005381
1,return_above_0_5_percent,C_price,logistic,development|ETH/USDT|2023-06-04T21:00:00+00:00,0.41115115247830336
1,return_above_0_5_percent,C_price,logistic,development|ETH/USDT|2023-06-07T01:00:00+00:00,0.2457099297130857
1,return_above_0_5_percent,C_price,logistic,development|BTC/USDT|2023-06-07T02:00:00+00:00,0.1026836678074353
1,return_above_0_5_percent,C_price,logistic,development|BTC/USDT|2023-06-09T07:00:00+00:00,0.40326297636842334
1,return_above_0_5_percent,C_price,logistic,development|ETH/USDT|2023-06-09T14:00:00+00:00,0.3100019556459285
1,return_above_0_5_percent,C_price,logistic,development|BTC/USDT|2023-06-12T01:00:00+00:00,0.4106729584165863
1,return_above_0_5_percent,C_price,logistic,development|ETH/USDT|2023-06-12T06:00:00+00:00,0.5370565464078083
1,return_above_0_5_percent,C_price,logistic,development|ETH/USDT|2023-06-13T21:00:00+00:00,0.5891870952193896
1,return_above_0_5_percent,C_price,logistic,development|ETH/USDT|2023-06-14T14:00:00+00:00,0.3503617151200461
1,return_above_0_5_percent,C_price,logistic,development|BTC/USDT|2023-06-14T19:00:00+00:00,0.4532365152871332
1,return_above_0_5_percent,C_price,logistic,development|BTC/USDT|2023-06-16T10:00:00+00:00,0.28686874695983094
1,return_above_0_5_percent,C_price,logistic,development|ETH/USDT|2023-06-16T15:00:00+00:00,0.5049221777984135
1,return_above_0_5_percent,C_price,logistic,development|BTC/USDT|2023-06-19T23:00:00+00:00,0.33737792086634405
1,return_above_0_5_percent,C_price,logistic,development|ETH/USDT|2023-06-20T12:00:00+00:00,0.22633719139087377
1,return_above_0_5_percent,C_price,logistic,development|BTC/USDT|2023-06-23T16:00:00+00:00,0.019827714405042083
1,return_above_0_5_percent,C_price,logistic,development|ETH/USDT|2023-06-24T04:00:00+00:00,0.35283749088837096
1,return_above_0_5_percent,C_price,logistic,development|BTC/USDT|2023-06-25T12:00:00+00:00,0.17085288094445314
1,return_above_0_5_percent,C_price,logistic,development|ETH/USDT|2023-06-25T12:00:00+00:00,0.16432513416489875
1,return_above_0_5_percent,C_price,logistic,development|BTC/USDT|2023-06-25T20:00:00+00:00,0.40817688079606634
1,return_above_0_5_percent,C_price,logistic,development|BTC/USDT|2023-06-27T15:00:00+00:00,0.21554431521050363
1,return_above_0_5_percent,C_price,logistic,development|ETH/USDT|2023-06-27T20:00:00+00:00,0.3271607365779211
1,return_above_0_5_percent,C_price,logistic,development|BTC/USDT|2023-06-29T20:00:00+00:00,0.3903740794233381
1,return_above_0_5_percent,C_price,logistic,development|ETH/USDT|2023-06-30T01:00:00+00:00,0.5345416420739264
1,return_above_0_5_percent,C_price,forest,development|BTC/USDT|2023-04-01T04:00:00+00:00,0.2551282892137221
1,return_above_0_5_percent,C_price,forest,development|ETH/USDT|2023-04-04T02:00:00+00:00,0.45866977883064947
1,return_above_0_5_percent,C_price,forest,development|BTC/USDT|2023-04-04T18:00:00+00:00,0.34074996108271166
1,return_above_0_5_percent,C_price,forest,development|BTC/USDT|2023-04-08T11:00:00+00:00,0.4285573287414459
1,return_above_0_5_percent,C_price,forest,development|ETH/USDT|2023-04-08T15:00:00+00:00,0.5078927690579232
1,return_above_0_5_percent,C_price,forest,development|BTC/USDT|2023-04-09T23:00:00+00:00,0.3419459973365306
1,return_above_0_5_percent,C_price,forest,development|ETH/USDT|2023-04-10T10:00:00+00:00,0.5398251178897733
1,return_above_0_5_percent,C_price,forest,development|ETH/USDT|2023-04-13T05:00:00+00:00,0.2887423243014415
1,return_above_0_5_percent,C_price,forest,development|BTC/USDT|2023-04-13T15:00:00+00:00,0.1566337856344929
1,return_above_0_5_percent,C_price,forest,development|ETH/USDT|2023-04-16T20:00:00+00:00,0.2340950528422504
1,return_above_0_5_percent,C_price,forest,development|BTC/USDT|2023-04-18T19:00:00+00:00,0.2651643917672662
1,return_above_0_5_percent,C_price,forest,development|ETH/USDT|2023-04-18T21:00:00+00:00,0.43956863093047305
1,return_above_0_5_percent,C_price,forest,development|BTC/USDT|2023-04-23T09:00:00+00:00,0.5440820965433038
1,return_above_0_5_percent,C_price,forest,development|ETH/USDT|2023-04-23T12:00:00+00:00,0.48785438991041147
1,return_above_0_5_percent,C_price,forest,development|BTC/USDT|2023-04-25T23:00:00+00:00,0.34434183863833184
1,return_above_0_5_percent,C_price,forest,development|ETH/USDT|2023-04-26T04:00:00+00:00,0.3920700739763541
1,return_above_0_5_percent,C_price,forest,development|BTC/USDT|2023-04-29T10:00:00+00:00,0.4028123792464964
1,return_above_0_5_percent,C_price,forest,development|ETH/USDT|2023-04-29T23:00:00+00:00,0.40146010651922365
1,return_above_0_5_percent,C_price,forest,development|BTC/USDT|2023-04-30T18:00:00+00:00,0.26267327006380337
1,return_above_0_5_percent,C_price,forest,development|ETH/USDT|2023-05-02T23:00:00+00:00,0.33629399273045857
1,return_above_0_5_percent,C_price,forest,development|BTC/USDT|2023-05-03T02:00:00+00:00,0.3699820690219831
1,return_above_0_5_percent,C_price,forest,development|BTC/USDT|2023-05-10T13:00:00+00:00,0.3860484216950269
1,return_above_0_5_percent,C_price,forest,development|ETH/USDT|2023-05-10T13:00:00+00:00,0.3889556615140314
1,return_above_0_5_percent,C_price,forest,development|ETH/USDT|2023-05-13T09:00:00+00:00,0.3851588252663439
1,return_above_0_5_percent,C_price,forest,development|BTC/USDT|2023-05-13T14:00:00+00:00,0.49274060319832746
1,return_above_0_5_percent,C_price,forest,development|BTC/USDT|2023-05-18T04:00:00+00:00,0.2191709707146347
1,return_above_0_5_percent,C_price,forest,development|ETH/USDT|2023-05-18T09:00:00+00:00,0.4840424078608128
1,return_above_0_5_percent,C_price,forest,development|ETH/USDT|2023-05-20T03:00:00+00:00,0.5009800886500069
1,return_above_0_5_percent,C_price,forest,development|BTC/USDT|2023-05-20T16:00:00+00:00,0.47214675531667377
1,return_above_0_5_percent,C_price,forest,development|ETH/USDT|2023-05-22T22:00:00+00:00,0.45576310164071715
1,return_above_0_5_percent,C_price,forest,development|BTC/USDT|2023-05-23T04:00:00+00:00,0.2780730477886583
1,return_above_0_5_percent,C_price,forest,development|ETH/USDT|2023-05-26T05:00:00+00:00,0.43380597859461156
1,return_above_0_5_percent,C_price,forest,development|BTC/USDT|2023-05-26T07:00:00+00:00,0.4500318064910785
1,return_above_0_5_percent,C_price,forest,development|ETH/USDT|2023-06-02T04:00:00+00:00,0.4016492264200575
1,return_above_0_5_percent,C_price,forest,development|BTC/USDT|2023-06-02T12:00:00+00:00,0.3667488515970821
1,return_above_0_5_percent,C_price,forest,development|BTC/USDT|2023-06-04T21:00:00+00:00,0.45834631672018245
1,return_above_0_5_percent,C_price,forest,development|ETH/USDT|2023-06-04T21:00:00+00:00,0.4903949620403793
1,return_above_0_5_percent,C_price,forest,development|ETH/USDT|2023-06-07T01:00:00+00:00,0.2612824131137359
1,return_above_0_5_percent,C_price,forest,development|BTC/USDT|2023-06-07T02:00:00+00:00,0.24133504469268327
1,return_above_0_5_percent,C_price,forest,development|BTC/USDT|2023-06-09T07:00:00+00:00,0.44824267399267415
1,return_above_0_5_percent,C_price,forest,development|ETH/USDT|2023-06-09T14:00:00+00:00,0.4947926531494909
1,return_above_0_5_percent,C_price,forest,development|BTC/USDT|2023-06-12T01:00:00+00:00,0.3916074687281452
1,return_above_0_5_percent,C_price,forest,development|ETH/USDT|2023-06-12T06:00:00+00:00,0.5346287376135249
1,return_above_0_5_percent,C_price,forest,development|ETH/USDT|2023-06-13T21:00:00+00:00,0.5425065628815632
1,return_above_0_5_percent,C_price,forest,development|ETH/USDT|2023-06-14T14:00:00+00:00,0.510036805196275
1,return_above_0_5_percent,C_price,forest,development|BTC/USDT|2023-06-14T19:00:00+00:00,0.48658355853160756
1,return_above_0_5_percent,C_price,forest,development|BTC/USDT|2023-06-16T10:00:00+00:00,0.3904868076362152
1,return_above_0_5_percent,C_price,forest,development|ETH/USDT|2023-06-16T15:00:00+00:00,0.4901664257047655
1,return_above_0_5_percent,C_price,forest,development|BTC/USDT|2023-06-19T23:00:00+00:00,0.27438406708678675
1,return_above_0_5_percent,C_price,forest,development|ETH/USDT|2023-06-20T12:00:00+00:00,0.40759914395237873
1,return_above_0_5_percent,C_price,forest,development|BTC/USDT|2023-06-23T16:00:00+00:00,0.12356968307039035
1,return_above_0_5_percent,C_price,forest,development|ETH/USDT|2023-06-24T04:00:00+00:00,0.3367645930721356
1,return_above_0_5_percent,C_price,forest,development|BTC/USDT|2023-06-25T12:00:00+00:00,0.2446842299501502
1,return_above_0_5_percent,C_price,forest,development|ETH/USDT|2023-06-25T12:00:00+00:00,0.1774059706707299
1,return_above_0_5_percent,C_price,forest,development|BTC/USDT|2023-06-25T20:00:00+00:00,0.4415028414567888
1,return_above_0_5_percent,C_price,forest,development|BTC/USDT|2023-06-27T15:00:00+00:00,0.22490251115295157
1,return_above_0_5_percent,C_price,forest,development|ETH/USDT|2023-06-27T20:00:00+00:00,0.3475753833014428
1,return_above_0_5_percent,C_price,forest,development|BTC/USDT|2023-06-29T20:00:00+00:00,0.36351503021283904
1,return_above_0_5_percent,C_price,forest,development|ETH/USDT|2023-06-30T01:00:00+00:00,0.5425065628815632
1,return_above_0_5_percent,C_price,hist_gradient,development|BTC/USDT|2023-04-01T04:00:00+00:00,0.3034575867681175
1,return_above_0_5_percent,C_price,hist_gradient,development|ETH/USDT|2023-04-04T02:00:00+00:00,0.4352938503200781
1,return_above_0_5_percent,C_price,hist_gradient,development|BTC/USDT|2023-04-04T18:00:00+00:00,0.326819734124946
1,return_above_0_5_percent,C_price,hist_gradient,development|BTC/USDT|2023-04-08T11:00:00+00:00,0.4056488245515887
1,return_above_0_5_percent,C_price,hist_gradient,development|ETH/USDT|2023-04-08T15:00:00+00:00,0.4352938503200781
1,return_above_0_5_percent,C_price,hist_gradient,development|BTC/USDT|2023-04-09T23:00:00+00:00,0.291548188194804
1,return_above_0_5_percent,C_price,hist_gradient,development|ETH/USDT|2023-04-10T10:00:00+00:00,0.5131166799598794
1,return_above_0_5_percent,C_price,hist_gradient,development|ETH/USDT|2023-04-13T05:00:00+00:00,0.37507376228999256
1,return_above_0_5_percent,C_price,hist_gradient,development|BTC/USDT|2023-04-13T15:00:00+00:00,0.21924447071932882
1,return_above_0_5_percent,C_price,hist_gradient,development|ETH/USDT|2023-04-16T20:00:00+00:00,0.29343441356643596
1,return_above_0_5_percent,C_price,hist_gradient,development|BTC/USDT|2023-04-18T19:00:00+00:00,0.27250582705635557
1,return_above_0_5_percent,C_price,hist_gradient,development|ETH/USDT|2023-04-18T21:00:00+00:00,0.4056488245515887
1,return_above_0_5_percent,C_price,hist_gradient,development|BTC/USDT|2023-04-23T09:00:00+00:00,0.5131166799598794
1,return_above_0_5_percent,C_price,hist_gradient,development|ETH/USDT|2023-04-23T12:00:00+00:00,0.4827020107483737
1,return_above_0_5_percent,C_price,hist_gradient,development|BTC/USDT|2023-04-25T23:00:00+00:00,0.4434655906171548
1,return_above_0_5_percent,C_price,hist_gradient,development|ETH/USDT|2023-04-26T04:00:00+00:00,0.4434655906171548
1,return_above_0_5_percent,C_price,hist_gradient,development|BTC/USDT|2023-04-29T10:00:00+00:00,0.34700976389127763
1,return_above_0_5_percent,C_price,hist_gradient,development|ETH/USDT|2023-04-29T23:00:00+00:00,0.34262975350867003
1,return_above_0_5_percent,C_price,hist_gradient,development|BTC/USDT|2023-04-30T18:00:00+00:00,0.24266873625474855
1,return_above_0_5_percent,C_price,hist_gradient,development|ETH/USDT|2023-05-02T23:00:00+00:00,0.4136717188025389
1,return_above_0_5_percent,C_price,hist_gradient,development|BTC/USDT|2023-05-03T02:00:00+00:00,0.4136717188025389
1,return_above_0_5_percent,C_price,hist_gradient,development|BTC/USDT|2023-05-10T13:00:00+00:00,0.4136717188025389
1,return_above_0_5_percent,C_price,hist_gradient,development|ETH/USDT|2023-05-10T13:00:00+00:00,0.4136717188025389
1,return_above_0_5_percent,C_price,hist_gradient,development|ETH/USDT|2023-05-13T09:00:00+00:00,0.4136717188025389
1,return_above_0_5_percent,C_price,hist_gradient,development|BTC/USDT|2023-05-13T14:00:00+00:00,0.5131166799598794
1,return_above_0_5_percent,C_price,hist_gradient,development|BTC/USDT|2023-05-18T04:00:00+00:00,0.22580137464282843
1,return_above_0_5_percent,C_price,hist_gradient,development|ETH/USDT|2023-05-18T09:00:00+00:00,0.4352938503200781
1,return_above_0_5_percent,C_price,hist_gradient,development|ETH/USDT|2023-05-20T03:00:00+00:00,0.4352938503200781
1,return_above_0_5_percent,C_price,hist_gradient,development|BTC/USDT|2023-05-20T16:00:00+00:00,0.4056488245515887
1,return_above_0_5_percent,C_price,hist_gradient,development|ETH/USDT|2023-05-22T22:00:00+00:00,0.4352938503200781
1,return_above_0_5_percent,C_price,hist_gradient,development|BTC/USDT|2023-05-23T04:00:00+00:00,0.32077042654338606
1,return_above_0_5_percent,C_price,hist_gradient,development|ETH/USDT|2023-05-26T05:00:00+00:00,0.34038700393098037
1,return_above_0_5_percent,C_price,hist_gradient,development|BTC/USDT|2023-05-26T07:00:00+00:00,0.4056488245515887
1,return_above_0_5_percent,C_price,hist_gradient,development|ETH/USDT|2023-06-02T04:00:00+00:00,0.34038700393098037
1,return_above_0_5_percent,C_price,hist_gradient,development|BTC/USDT|2023-06-02T12:00:00+00:00,0.4136717188025389
1,return_above_0_5_percent,C_price,hist_gradient,development|BTC/USDT|2023-06-04T21:00:00+00:00,0.4056488245515887
1,return_above_0_5_percent,C_price,hist_gradient,development|ETH/USDT|2023-06-04T21:00:00+00:00,0.4352938503200781
1,return_above_0_5_percent,C_price,hist_gradient,development|ETH/USDT|2023-06-07T01:00:00+00:00,0.2791038685737969
1,return_above_0_5_percent,C_price,hist_gradient,development|BTC/USDT|2023-06-07T02:00:00+00:00,0.23162863348624402
1,return_above_0_5_percent,C_price,hist_gradient,development|BTC/USDT|2023-06-09T07:00:00+00:00,0.4352938503200781
1,return_above_0_5_percent,C_price,hist_gradient,development|ETH/USDT|2023-06-09T14:00:00+00:00,0.4352938503200781
1,return_above_0_5_percent,C_price,hist_gradient,development|BTC/USDT|2023-06-12T01:00:00+00:00,0.4136717188025389
1,return_above_0_5_percent,C_price,hist_gradient,development|ETH/USDT|2023-06-12T06:00:00+00:00,0.5131166799598794
1,return_above_0_5_percent,C_price,hist_gradient,development|ETH/USDT|2023-06-13T21:00:00+00:00,0.5131166799598794
1,return_above_0_5_percent,C_price,hist_gradient,development|ETH/USDT|2023-06-14T14:00:00+00:00,0.4827020107483737
1,return_above_0_5_percent,C_price,hist_gradient,development|BTC/USDT|2023-06-14T19:00:00+00:00,0.4056488245515887
1,return_above_0_5_percent,C_price,hist_gradient,development|BTC/USDT|2023-06-16T10:00:00+00:00,0.4827020107483737
1,return_above_0_5_percent,C_price,hist_gradient,development|ETH/USDT|2023-06-16T15:00:00+00:00,0.4827020107483737
1,return_above_0_5_percent,C_price,hist_gradient,development|BTC/USDT|2023-06-19T23:00:00+00:00,0.24266873625474855
1,return_above_0_5_percent,C_price,hist_gradient,development|ETH/USDT|2023-06-20T12:00:00+00:00,0.4056488245515887
1,return_above_0_5_percent,C_price,hist_gradient,development|BTC/USDT|2023-06-23T16:00:00+00:00,0.16932051268437076
1,return_above_0_5_percent,C_price,hist_gradient,development|ETH/USDT|2023-06-24T04:00:00+00:00,0.2886758699158702
1,return_above_0_5_percent,C_price,hist_gradient,development|BTC/USDT|2023-06-25T12:00:00+00:00,0.2347985442409722
1,return_above_0_5_percent,C_price,hist_gradient,development|ETH/USDT|2023-06-25T12:00:00+00:00,0.22100801096025566
1,return_above_0_5_percent,C_price,hist_gradient,development|BTC/USDT|2023-06-25T20:00:00+00:00,0.4056488245515887
1,return_above_0_5_percent,C_price,hist_gradient,development|BTC/USDT|2023-06-27T15:00:00+00:00,0.2552872092876109
1,return_above_0_5_percent,C_price,hist_gradient,development|ETH/USDT|2023-06-27T20:00:00+00:00,0.3101938214339588
1,return_above_0_5_percent,C_price,hist_gradient,development|BTC/USDT|2023-06-29T20:00:00+00:00,0.34038700393098037
1,return_above_0_5_percent,C_price,hist_gradient,development|ETH/USDT|2023-06-30T01:00:00+00:00,0.5131166799598794
1,return_above_0_5_percent,D_price_volatility,dummy,development|BTC/USDT|2023-04-01T04:00:00+00:00,0.34
1,return_above_0_5_percent,D_price_volatility,dummy,development|ETH/USDT|2023-04-04T02:00:00+00:00,0.34
1,return_above_0_5_percent,D_price_volatility,dummy,development|BTC/USDT|2023-04-04T18:00:00+00:00,0.34
1,return_above_0_5_percent,D_price_volatility,dummy,development|BTC/USDT|2023-04-08T11:00:00+00:00,0.34
1,return_above_0_5_percent,D_price_volatility,dummy,development|ETH/USDT|2023-04-08T15:00:00+00:00,0.34
1,return_above_0_5_percent,D_price_volatility,dummy,development|BTC/USDT|2023-04-09T23:00:00+00:00,0.34
1,return_above_0_5_percent,D_price_volatility,dummy,development|ETH/USDT|2023-04-10T10:00:00+00:00,0.34
1,return_above_0_5_percent,D_price_volatility,dummy,development|ETH/USDT|2023-04-13T05:00:00+00:00,0.34
1,return_above_0_5_percent,D_price_volatility,dummy,development|BTC/USDT|2023-04-13T15:00:00+00:00,0.34
1,return_above_0_5_percent,D_price_volatility,dummy,development|ETH/USDT|2023-04-16T20:00:00+00:00,0.34
1,return_above_0_5_percent,D_price_volatility,dummy,development|BTC/USDT|2023-04-18T19:00:00+00:00,0.34
1,return_above_0_5_percent,D_price_volatility,dummy,development|ETH/USDT|2023-04-18T21:00:00+00:00,0.34
1,return_above_0_5_percent,D_price_volatility,dummy,development|BTC/USDT|2023-04-23T09:00:00+00:00,0.34
1,return_above_0_5_percent,D_price_volatility,dummy,development|ETH/USDT|2023-04-23T12:00:00+00:00,0.34
1,return_above_0_5_percent,D_price_volatility,dummy,development|BTC/USDT|2023-04-25T23:00:00+00:00,0.34
1,return_above_0_5_percent,D_price_volatility,dummy,development|ETH/USDT|2023-04-26T04:00:00+00:00,0.34
1,return_above_0_5_percent,D_price_volatility,dummy,development|BTC/USDT|2023-04-29T10:00:00+00:00,0.34
1,return_above_0_5_percent,D_price_volatility,dummy,development|ETH/USDT|2023-04-29T23:00:00+00:00,0.34
1,return_above_0_5_percent,D_price_volatility,dummy,development|BTC/USDT|2023-04-30T18:00:00+00:00,0.34
1,return_above_0_5_percent,D_price_volatility,dummy,development|ETH/USDT|2023-05-02T23:00:00+00:00,0.34
1,return_above_0_5_percent,D_price_volatility,dummy,development|BTC/USDT|2023-05-03T02:00:00+00:00,0.34
1,return_above_0_5_percent,D_price_volatility,dummy,development|BTC/USDT|2023-05-10T13:00:00+00:00,0.34
1,return_above_0_5_percent,D_price_volatility,dummy,development|ETH/USDT|2023-05-10T13:00:00+00:00,0.34
1,return_above_0_5_percent,D_price_volatility,dummy,development|ETH/USDT|2023-05-13T09:00:00+00:00,0.34
1,return_above_0_5_percent,D_price_volatility,dummy,development|BTC/USDT|2023-05-13T14:00:00+00:00,0.34
1,return_above_0_5_percent,D_price_volatility,dummy,development|BTC/USDT|2023-05-18T04:00:00+00:00,0.34
1,return_above_0_5_percent,D_price_volatility,dummy,development|ETH/USDT|2023-05-18T09:00:00+00:00,0.34
1,return_above_0_5_percent,D_price_volatility,dummy,development|ETH/USDT|2023-05-20T03:00:00+00:00,0.34
1,return_above_0_5_percent,D_price_volatility,dummy,development|BTC/USDT|2023-05-20T16:00:00+00:00,0.34
1,return_above_0_5_percent,D_price_volatility,dummy,development|ETH/USDT|2023-05-22T22:00:00+00:00,0.34
1,return_above_0_5_percent,D_price_volatility,dummy,development|BTC/USDT|2023-05-23T04:00:00+00:00,0.34
1,return_above_0_5_percent,D_price_volatility,dummy,development|ETH/USDT|2023-05-26T05:00:00+00:00,0.34
1,return_above_0_5_percent,D_price_volatility,dummy,development|BTC/USDT|2023-05-26T07:00:00+00:00,0.34
1,return_above_0_5_percent,D_price_volatility,dummy,development|ETH/USDT|2023-06-02T04:00:00+00:00,0.34
1,return_above_0_5_percent,D_price_volatility,dummy,development|BTC/USDT|2023-06-02T12:00:00+00:00,0.34
1,return_above_0_5_percent,D_price_volatility,dummy,development|BTC/USDT|2023-06-04T21:00:00+00:00,0.34
1,return_above_0_5_percent,D_price_volatility,dummy,development|ETH/USDT|2023-06-04T21:00:00+00:00,0.34
1,return_above_0_5_percent,D_price_volatility,dummy,development|ETH/USDT|2023-06-07T01:00:00+00:00,0.34
1,return_above_0_5_percent,D_price_volatility,dummy,development|BTC/USDT|2023-06-07T02:00:00+00:00,0.34
1,return_above_0_5_percent,D_price_volatility,dummy,development|BTC/USDT|2023-06-09T07:00:00+00:00,0.34
1,return_above_0_5_percent,D_price_volatility,dummy,development|ETH/USDT|2023-06-09T14:00:00+00:00,0.34
1,return_above_0_5_percent,D_price_volatility,dummy,development|BTC/USDT|2023-06-12T01:00:00+00:00,0.34
1,return_above_0_5_percent,D_price_volatility,dummy,development|ETH/USDT|2023-06-12T06:00:00+00:00,0.34
1,return_above_0_5_percent,D_price_volatility,dummy,development|ETH/USDT|2023-06-13T21:00:00+00:00,0.34
1,return_above_0_5_percent,D_price_volatility,dummy,development|ETH/USDT|2023-06-14T14:00:00+00:00,0.34
1,return_above_0_5_percent,D_price_volatility,dummy,development|BTC/USDT|2023-06-14T19:00:00+00:00,0.34
1,return_above_0_5_percent,D_price_volatility,dummy,development|BTC/USDT|2023-06-16T10:00:00+00:00,0.34
1,return_above_0_5_percent,D_price_volatility,dummy,development|ETH/USDT|2023-06-16T15:00:00+00:00,0.34
1,return_above_0_5_percent,D_price_volatility,dummy,development|BTC/USDT|2023-06-19T23:00:00+00:00,0.34
1,return_above_0_5_percent,D_price_volatility,dummy,development|ETH/USDT|2023-06-20T12:00:00+00:00,0.34
1,return_above_0_5_percent,D_price_volatility,dummy,development|BTC/USDT|2023-06-23T16:00:00+00:00,0.34
1,return_above_0_5_percent,D_price_volatility,dummy,development|ETH/USDT|2023-06-24T04:00:00+00:00,0.34
1,return_above_0_5_percent,D_price_volatility,dummy,development|BTC/USDT|2023-06-25T12:00:00+00:00,0.34
1,return_above_0_5_percent,D_price_volatility,dummy,development|ETH/USDT|2023-06-25T12:00:00+00:00,0.34
1,return_above_0_5_percent,D_price_volatility,dummy,development|BTC/USDT|2023-06-25T20:00:00+00:00,0.34
1,return_above_0_5_percent,D_price_volatility,dummy,development|BTC/USDT|2023-06-27T15:00:00+00:00,0.34
1,return_above_0_5_percent,D_price_volatility,dummy,development|ETH/USDT|2023-06-27T20:00:00+00:00,0.34
1,return_above_0_5_percent,D_price_volatility,dummy,development|BTC/USDT|2023-06-29T20:00:00+00:00,0.34
1,return_above_0_5_percent,D_price_volatility,dummy,development|ETH/USDT|2023-06-30T01:00:00+00:00,0.34
1,return_above_0_5_percent,D_price_volatility,logistic,development|BTC/USDT|2023-04-01T04:00:00+00:00,0.23602816996059262
1,return_above_0_5_percent,D_price_volatility,logistic,development|ETH/USDT|2023-04-04T02:00:00+00:00,0.4716947655789402
1,return_above_0_5_percent,D_price_volatility,logistic,development|BTC/USDT|2023-04-04T18:00:00+00:00,0.14611968323008395
1,return_above_0_5_percent,D_price_volatility,logistic,development|BTC/USDT|2023-04-08T11:00:00+00:00,0.26524146961591205
1,return_above_0_5_percent,D_price_volatility,logistic,development|ETH/USDT|2023-04-08T15:00:00+00:00,0.39301538007263187
1,return_above_0_5_percent,D_price_volatility,logistic,development|BTC/USDT|2023-04-09T23:00:00+00:00,0.2581430398197455
1,return_above_0_5_percent,D_price_volatility,logistic,development|ETH/USDT|2023-04-10T10:00:00+00:00,0.4873921751214668
1,return_above_0_5_percent,D_price_volatility,logistic,development|ETH/USDT|2023-04-13T05:00:00+00:00,0.42366827412246
1,return_above_0_5_percent,D_price_volatility,logistic,development|BTC/USDT|2023-04-13T15:00:00+00:00,0.09025088682744263
1,return_above_0_5_percent,D_price_volatility,logistic,development|ETH/USDT|2023-04-16T20:00:00+00:00,0.3515973349760848
1,return_above_0_5_percent,D_price_volatility,logistic,development|BTC/USDT|2023-04-18T19:00:00+00:00,0.28163287306251755
1,return_above_0_5_percent,D_price_volatility,logistic,development|ETH/USDT|2023-04-18T21:00:00+00:00,0.24763129037481318
1,return_above_0_5_percent,D_price_volatility,logistic,development|BTC/USDT|2023-04-23T09:00:00+00:00,0.7011543962276325
1,return_above_0_5_percent,D_price_volatility,logistic,development|ETH/USDT|2023-04-23T12:00:00+00:00,0.471878772714
1,return_above_0_5_percent,D_price_volatility,logistic,development|BTC/USDT|2023-04-25T23:00:00+00:00,0.4064430843007223
1,return_above_0_5_percent,D_price_volatility,logistic,development|ETH/USDT|2023-04-26T04:00:00+00:00,0.4041993887545144
1,return_above_0_5_percent,D_price_volatility,logistic,development|BTC/USDT|2023-04-29T10:00:00+00:00,0.30815938432467654
1,return_above_0_5_percent,D_price_volatility,logistic,development|ETH/USDT|2023-04-29T23:00:00+00:00,0.32626396407519526
1,return_above_0_5_percent,D_price_volatility,logistic,development|BTC/USDT|2023-04-30T18:00:00+00:00,0.24752419539771356
1,return_above_0_5_percent,D_price_volatility,logistic,development|ETH/USDT|2023-05-02T23:00:00+00:00,0.2781663510900381
1,return_above_0_5_percent,D_price_volatility,logistic,development|BTC/USDT|2023-05-03T02:00:00+00:00,0.30159179531648694
1,return_above_0_5_percent,D_price_volatility,logistic,development|BTC/USDT|2023-05-10T13:00:00+00:00,0.16651193206022585
1,return_above_0_5_percent,D_price_volatility,logistic,development|ETH/USDT|2023-05-10T13:00:00+00:00,0.2596820453377097
1,return_above_0_5_percent,D_price_volatility,logistic,development|ETH/USDT|2023-05-13T09:00:00+00:00,0.4634936651429854
1,return_above_0_5_percent,D_price_volatility,logistic,development|BTC/USDT|2023-05-13T14:00:00+00:00,0.6407594037480855
1,return_above_0_5_percent,D_price_volatility,logistic,development|BTC/USDT|2023-05-18T04:00:00+00:00,0.21518849957327774
1,return_above_0_5_percent,D_price_volatility,logistic,development|ETH/USDT|2023-05-18T09:00:00+00:00,0.4663224733381952
1,return_above_0_5_percent,D_price_volatility,logistic,development|ETH/USDT|2023-05-20T03:00:00+00:00,0.3413231375904844
1,return_above_0_5_percent,D_price_volatility,logistic,development|BTC/USDT|2023-05-20T16:00:00+00:00,0.3355233256181283
1,return_above_0_5_percent,D_price_volatility,logistic,development|ETH/USDT|2023-05-22T22:00:00+00:00,0.36904406104503407
1,return_above_0_5_percent,D_price_volatility,logistic,development|BTC/USDT|2023-05-23T04:00:00+00:00,0.1283320808910824
1,return_above_0_5_percent,D_price_volatility,logistic,development|ETH/USDT|2023-05-26T05:00:00+00:00,0.5319768735623089
1,return_above_0_5_percent,D_price_volatility,logistic,development|BTC/USDT|2023-05-26T07:00:00+00:00,0.26715071301979953
1,return_above_0_5_percent,D_price_volatility,logistic,development|ETH/USDT|2023-06-02T04:00:00+00:00,0.6034051944419087
1,return_above_0_5_percent,D_price_volatility,logistic,development|BTC/USDT|2023-06-02T12:00:00+00:00,0.4421347194881417
1,return_above_0_5_percent,D_price_volatility,logistic,development|BTC/USDT|2023-06-04T21:00:00+00:00,0.34931039382610085
1,return_above_0_5_percent,D_price_volatility,logistic,development|ETH/USDT|2023-06-04T21:00:00+00:00,0.4003461267678291
1,return_above_0_5_percent,D_price_volatility,logistic,development|ETH/USDT|2023-06-07T01:00:00+00:00,0.33577869246447895
1,return_above_0_5_percent,D_price_volatility,logistic,development|BTC/USDT|2023-06-07T02:00:00+00:00,0.13968964667250194
1,return_above_0_5_percent,D_price_volatility,logistic,development|BTC/USDT|2023-06-09T07:00:00+00:00,0.417861573998466
1,return_above_0_5_percent,D_price_volatility,logistic,development|ETH/USDT|2023-06-09T14:00:00+00:00,0.33098592799650284
1,return_above_0_5_percent,D_price_volatility,logistic,development|BTC/USDT|2023-06-12T01:00:00+00:00,0.4600677661498052
1,return_above_0_5_percent,D_price_volatility,logistic,development|ETH/USDT|2023-06-12T06:00:00+00:00,0.6534340881628944
1,return_above_0_5_percent,D_price_volatility,logistic,development|ETH/USDT|2023-06-13T21:00:00+00:00,0.6947985870759054
1,return_above_0_5_percent,D_price_volatility,logistic,development|ETH/USDT|2023-06-14T14:00:00+00:00,0.36762718730416366
1,return_above_0_5_percent,D_price_volatility,logistic,development|BTC/USDT|2023-06-14T19:00:00+00:00,0.46399773486797186
1,return_above_0_5_percent,D_price_volatility,logistic,development|BTC/USDT|2023-06-16T10:00:00+00:00,0.29449114296168427
1,return_above_0_5_percent,D_price_volatility,logistic,development|ETH/USDT|2023-06-16T15:00:00+00:00,0.5374739859092869
1,return_above_0_5_percent,D_price_volatility,logistic,development|BTC/USDT|2023-06-19T23:00:00+00:00,0.3949537494125746
1,return_above_0_5_percent,D_price_volatility,logistic,development|ETH/USDT|2023-06-20T12:00:00+00:00,0.22581893062217911
1,return_above_0_5_percent,D_price_volatility,logistic,development|BTC/USDT|2023-06-23T16:00:00+00:00,0.019855301152081076
1,return_above_0_5_percent,D_price_volatility,logistic,development|ETH/USDT|2023-06-24T04:00:00+00:00,0.44055837576217693
1,return_above_0_5_percent,D_price_volatility,logistic,development|BTC/USDT|2023-06-25T12:00:00+00:00,0.16546630264624557
1,return_above_0_5_percent,D_price_volatility,logistic,development|ETH/USDT|2023-06-25T12:00:00+00:00,0.20280190489517036
1,return_above_0_5_percent,D_price_volatility,logistic,development|BTC/USDT|2023-06-25T20:00:00+00:00,0.3920007632395229
1,return_above_0_5_percent,D_price_volatility,logistic,development|BTC/USDT|2023-06-27T15:00:00+00:00,0.22268383637342237
1,return_above_0_5_percent,D_price_volatility,logistic,development|ETH/USDT|2023-06-27T20:00:00+00:00,0.4110466998591977
1,return_above_0_5_percent,D_price_volatility,logistic,development|BTC/USDT|2023-06-29T20:00:00+00:00,0.39199490116618474
1,return_above_0_5_percent,D_price_volatility,logistic,development|ETH/USDT|2023-06-30T01:00:00+00:00,0.5587133418085175
1,return_above_0_5_percent,D_price_volatility,forest,development|BTC/USDT|2023-04-01T04:00:00+00:00,0.2528777524016261
1,return_above_0_5_percent,D_price_volatility,forest,development|ETH/USDT|2023-04-04T02:00:00+00:00,0.4421269092904887
1,return_above_0_5_percent,D_price_volatility,forest,development|BTC/USDT|2023-04-04T18:00:00+00:00,0.3174136474861626
1,return_above_0_5_percent,D_price_volatility,forest,development|BTC/USDT|2023-04-08T11:00:00+00:00,0.4378201475108168
1,return_above_0_5_percent,D_price_volatility,forest,development|ETH/USDT|2023-04-08T15:00:00+00:00,0.5061371409748687
1,return_above_0_5_percent,D_price_volatility,forest,development|BTC/USDT|2023-04-09T23:00:00+00:00,0.3483246563318891
1,return_above_0_5_percent,D_price_volatility,forest,development|ETH/USDT|2023-04-10T10:00:00+00:00,0.5545051623213387
1,return_above_0_5_percent,D_price_volatility,forest,development|ETH/USDT|2023-04-13T05:00:00+00:00,0.2833221968460705
1,return_above_0_5_percent,D_price_volatility,forest,development|BTC/USDT|2023-04-13T15:00:00+00:00,0.1390702853099832
1,return_above_0_5_percent,D_price_volatility,forest,development|ETH/USDT|2023-04-16T20:00:00+00:00,0.21799645266687812
1,return_above_0_5_percent,D_price_volatility,forest,development|BTC/USDT|2023-04-18T19:00:00+00:00,0.2783260141872289
1,return_above_0_5_percent,D_price_volatility,forest,development|ETH/USDT|2023-04-18T21:00:00+00:00,0.43745515595515577
1,return_above_0_5_percent,D_price_volatility,forest,development|BTC/USDT|2023-04-23T09:00:00+00:00,0.5571444939160455
1,return_above_0_5_percent,D_price_volatility,forest,development|ETH/USDT|2023-04-23T12:00:00+00:00,0.506533213040059
1,return_above_0_5_percent,D_price_volatility,forest,development|BTC/USDT|2023-04-25T23:00:00+00:00,0.3702111041633834
1,return_above_0_5_percent,D_price_volatility,forest,development|ETH/USDT|2023-04-26T04:00:00+00:00,0.4016386194526207
1,return_above_0_5_percent,D_price_volatility,forest,development|BTC/USDT|2023-04-29T10:00:00+00:00,0.4038754450684361
1,return_above_0_5_percent,D_price_volatility,forest,development|ETH/USDT|2023-04-29T23:00:00+00:00,0.37459745229237845
1,return_above_0_5_percent,D_price_volatility,forest,development|BTC/USDT|2023-04-30T18:00:00+00:00,0.27817432953450355
1,return_above_0_5_percent,D_price_volatility,forest,development|ETH/USDT|2023-05-02T23:00:00+00:00,0.3582652986729531
1,return_above_0_5_percent,D_price_volatility,forest,development|BTC/USDT|2023-05-03T02:00:00+00:00,0.38528357546573083
1,return_above_0_5_percent,D_price_volatility,forest,development|BTC/USDT|2023-05-10T13:00:00+00:00,0.39273472591753505
1,return_above_0_5_percent,D_price_volatility,forest,development|ETH/USDT|2023-05-10T13:00:00+00:00,0.3994654951483042
1,return_above_0_5_percent,D_price_volatility,forest,development|ETH/USDT|2023-05-13T09:00:00+00:00,0.4030563181110313
1,return_above_0_5_percent,D_price_volatility,forest,development|BTC/USDT|2023-05-13T14:00:00+00:00,0.5177997325972133
1,return_above_0_5_percent,D_price_volatility,forest,development|BTC/USDT|2023-05-18T04:00:00+00:00,0.24468518808007164
1,return_above_0_5_percent,D_price_volatility,forest,development|ETH/USDT|2023-05-18T09:00:00+00:00,0.48634255033159385
1,return_above_0_5_percent,D_price_volatility,forest,development|ETH/USDT|2023-05-20T03:00:00+00:00,0.5094128420599006
1,return_above_0_5_percent,D_price_volatility,forest,development|BTC/USDT|2023-05-20T16:00:00+00:00,0.46941284205990075
1,return_above_0_5_percent,D_price_volatility,forest,development|ETH/USDT|2023-05-22T22:00:00+00:00,0.4574994583100965
1,return_above_0_5_percent,D_price_volatility,forest,development|BTC/USDT|2023-05-23T04:00:00+00:00,0.27213869497642296
1,return_above_0_5_percent,D_price_volatility,forest,development|ETH/USDT|2023-05-26T05:00:00+00:00,0.4359319347544496
1,return_above_0_5_percent,D_price_volatility,forest,development|BTC/USDT|2023-05-26T07:00:00+00:00,0.45569579473940514
1,return_above_0_5_percent,D_price_volatility,forest,development|ETH/USDT|2023-06-02T04:00:00+00:00,0.3876322885801904
1,return_above_0_5_percent,D_price_volatility,forest,development|BTC/USDT|2023-06-02T12:00:00+00:00,0.39902421424998025
1,return_above_0_5_percent,D_price_volatility,forest,development|BTC/USDT|2023-06-04T21:00:00+00:00,0.45287336837569014
1,return_above_0_5_percent,D_price_volatility,forest,development|ETH/USDT|2023-06-04T21:00:00+00:00,0.48642059470723886
1,return_above_0_5_percent,D_price_volatility,forest,development|ETH/USDT|2023-06-07T01:00:00+00:00,0.27894721527449456
1,return_above_0_5_percent,D_price_volatility,forest,development|BTC/USDT|2023-06-07T02:00:00+00:00,0.24141840550497273
1,return_above_0_5_percent,D_price_volatility,forest,development|BTC/USDT|2023-06-09T07:00:00+00:00,0.429621175393234
1,return_above_0_5_percent,D_price_volatility,forest,development|ETH/USDT|2023-06-09T14:00:00+00:00,0.4946579400991162
1,return_above_0_5_percent,D_price_volatility,forest,development|BTC/USDT|2023-06-12T01:00:00+00:00,0.4239652617216006
1,return_above_0_5_percent,D_price_volatility,forest,development|ETH/USDT|2023-06-12T06:00:00+00:00,0.5470072390140848
1,return_above_0_5_percent,D_price_volatility,forest,development|ETH/USDT|2023-06-13T21:00:00+00:00,0.5553875152625152
1,return_above_0_5_percent,D_price_volatility,forest,development|ETH/USDT|2023-06-14T14:00:00+00:00,0.5284169270272212
1,return_above_0_5_percent,D_price_volatility,forest,development|BTC/USDT|2023-06-14T19:00:00+00:00,0.49433648738009767
1,return_above_0_5_percent,D_price_volatility,forest,development|BTC/USDT|2023-06-16T10:00:00+00:00,0.41309532018549056
1,return_above_0_5_percent,D_price_volatility,forest,development|ETH/USDT|2023-06-16T15:00:00+00:00,0.512345248834413
1,return_above_0_5_percent,D_price_volatility,forest,development|BTC/USDT|2023-06-19T23:00:00+00:00,0.2819678578956363
1,return_above_0_5_percent,D_price_volatility,forest,development|ETH/USDT|2023-06-20T12:00:00+00:00,0.40740292408237017
1,return_above_0_5_percent,D_price_volatility,forest,development|BTC/USDT|2023-06-23T16:00:00+00:00,0.10867284941254728
1,return_above_0_5_percent,D_price_volatility,forest,development|ETH/USDT|2023-06-24T04:00:00+00:00,0.2910609025847763
1,return_above_0_5_percent,D_price_volatility,forest,development|BTC/USDT|2023-06-25T12:00:00+00:00,0.21994112620532502
1,return_above_0_5_percent,D_price_volatility,forest,development|ETH/USDT|2023-06-25T12:00:00+00:00,0.19726790894271143
1,return_above_0_5_percent,D_price_volatility,forest,development|BTC/USDT|2023-06-25T20:00:00+00:00,0.4523246067657829
1,return_above_0_5_percent,D_price_volatility,forest,development|BTC/USDT|2023-06-27T15:00:00+00:00,0.24249223814807772
1,return_above_0_5_percent,D_price_volatility,forest,development|ETH/USDT|2023-06-27T20:00:00+00:00,0.34040897865731057
1,return_above_0_5_percent,D_price_volatility,forest,development|BTC/USDT|2023-06-29T20:00:00+00:00,0.36629561313566306
1,return_above_0_5_percent,D_price_volatility,forest,development|ETH/USDT|2023-06-30T01:00:00+00:00,0.5553875152625152
1,return_above_0_5_percent,D_price_volatility,hist_gradient,development|BTC/USDT|2023-04-01T04:00:00+00:00,0.29595952731623315
1,return_above_0_5_percent,D_price_volatility,hist_gradient,development|ETH/USDT|2023-04-04T02:00:00+00:00,0.36393604971459526
1,return_above_0_5_percent,D_price_volatility,hist_gradient,development|BTC/USDT|2023-04-04T18:00:00+00:00,0.27292938014811063
1,return_above_0_5_percent,D_price_volatility,hist_gradient,development|BTC/USDT|2023-04-08T11:00:00+00:00,0.40943027465065995
1,return_above_0_5_percent,D_price_volatility,hist_gradient,development|ETH/USDT|2023-04-08T15:00:00+00:00,0.4378979725853669
1,return_above_0_5_percent,D_price_volatility,hist_gradient,development|BTC/USDT|2023-04-09T23:00:00+00:00,0.3358183227590186
1,return_above_0_5_percent,D_price_volatility,hist_gradient,development|ETH/USDT|2023-04-10T10:00:00+00:00,0.5122588287296033
1,return_above_0_5_percent,D_price_volatility,hist_gradient,development|ETH/USDT|2023-04-13T05:00:00+00:00,0.3765231610070162
1,return_above_0_5_percent,D_price_volatility,hist_gradient,development|BTC/USDT|2023-04-13T15:00:00+00:00,0.234179016640894
1,return_above_0_5_percent,D_price_volatility,hist_gradient,development|ETH/USDT|2023-04-16T20:00:00+00:00,0.30431538360472593
1,return_above_0_5_percent,D_price_volatility,hist_gradient,development|BTC/USDT|2023-04-18T19:00:00+00:00,0.32018757589079666
1,return_above_0_5_percent,D_price_volatility,hist_gradient,development|ETH/USDT|2023-04-18T21:00:00+00:00,0.4060128930068367
1,return_above_0_5_percent,D_price_volatility,hist_gradient,development|BTC/USDT|2023-04-23T09:00:00+00:00,0.5122588287296033
1,return_above_0_5_percent,D_price_volatility,hist_gradient,development|ETH/USDT|2023-04-23T12:00:00+00:00,0.4795788357534449
1,return_above_0_5_percent,D_price_volatility,hist_gradient,development|BTC/USDT|2023-04-25T23:00:00+00:00,0.4363913272983108
1,return_above_0_5_percent,D_price_volatility,hist_gradient,development|ETH/USDT|2023-04-26T04:00:00+00:00,0.4329138712746835
1,return_above_0_5_percent,D_price_volatility,hist_gradient,development|BTC/USDT|2023-04-29T10:00:00+00:00,0.3559719422748426
1,return_above_0_5_percent,D_price_volatility,hist_gradient,development|ETH/USDT|2023-04-29T23:00:00+00:00,0.3461441898225788
1,return_above_0_5_percent,D_price_volatility,hist_gradient,development|BTC/USDT|2023-04-30T18:00:00+00:00,0.2872956801262883
1,return_above_0_5_percent,D_price_volatility,hist_gradient,development|ETH/USDT|2023-05-02T23:00:00+00:00,0.4045369995003575
1,return_above_0_5_percent,D_price_volatility,hist_gradient,development|BTC/USDT|2023-05-03T02:00:00+00:00,0.4045369995003575
1,return_above_0_5_percent,D_price_volatility,hist_gradient,development|BTC/USDT|2023-05-10T13:00:00+00:00,0.4079504904231409
1,return_above_0_5_percent,D_price_volatility,hist_gradient,development|ETH/USDT|2023-05-10T13:00:00+00:00,0.4079504904231409
1,return_above_0_5_percent,D_price_volatility,hist_gradient,development|ETH/USDT|2023-05-13T09:00:00+00:00,0.4079504904231409
1,return_above_0_5_percent,D_price_volatility,hist_gradient,development|BTC/USDT|2023-05-13T14:00:00+00:00,0.5122588287296033
1,return_above_0_5_percent,D_price_volatility,hist_gradient,development|BTC/USDT|2023-05-18T04:00:00+00:00,0.2758127905306246
1,return_above_0_5_percent,D_price_volatility,hist_gradient,development|ETH/USDT|2023-05-18T09:00:00+00:00,0.4378979725853669
1,return_above_0_5_percent,D_price_volatility,hist_gradient,development|ETH/USDT|2023-05-20T03:00:00+00:00,0.4378979725853669
1,return_above_0_5_percent,D_price_volatility,hist_gradient,development|BTC/USDT|2023-05-20T16:00:00+00:00,0.40943027465065995
1,return_above_0_5_percent,D_price_volatility,hist_gradient,development|ETH/USDT|2023-05-22T22:00:00+00:00,0.4378979725853669
1,return_above_0_5_percent,D_price_volatility,hist_gradient,development|BTC/USDT|2023-05-23T04:00:00+00:00,0.32807903678317824
1,return_above_0_5_percent,D_price_volatility,hist_gradient,development|ETH/USDT|2023-05-26T05:00:00+00:00,0.3382310983448839
1,return_above_0_5_percent,D_price_volatility,hist_gradient,development|BTC/USDT|2023-05-26T07:00:00+00:00,0.40943027465065995
1,return_above_0_5_percent,D_price_volatility,hist_gradient,development|ETH/USDT|2023-06-02T04:00:00+00:00,0.3382310983448839
1,return_above_0_5_percent,D_price_volatility,hist_gradient,development|BTC/USDT|2023-06-02T12:00:00+00:00,0.4079504904231409
1,return_above_0_5_percent,D_price_volatility,hist_gradient,development|BTC/USDT|2023-06-04T21:00:00+00:00,0.40943027465065995
1,return_above_0_5_percent,D_price_volatility,hist_gradient,development|ETH/USDT|2023-06-04T21:00:00+00:00,0.4378979725853669
1,return_above_0_5_percent,D_price_volatility,hist_gradient,development|ETH/USDT|2023-06-07T01:00:00+00:00,0.2806566030348591
1,return_above_0_5_percent,D_price_volatility,hist_gradient,development|BTC/USDT|2023-06-07T02:00:00+00:00,0.23221579840434226
1,return_above_0_5_percent,D_price_volatility,hist_gradient,development|BTC/USDT|2023-06-09T07:00:00+00:00,0.4378979725853669
1,return_above_0_5_percent,D_price_volatility,hist_gradient,development|ETH/USDT|2023-06-09T14:00:00+00:00,0.4378979725853669
1,return_above_0_5_percent,D_price_volatility,hist_gradient,development|BTC/USDT|2023-06-12T01:00:00+00:00,0.4096870034863672
1,return_above_0_5_percent,D_price_volatility,hist_gradient,development|ETH/USDT|2023-06-12T06:00:00+00:00,0.5140538345532675
1,return_above_0_5_percent,D_price_volatility,hist_gradient,development|ETH/USDT|2023-06-13T21:00:00+00:00,0.5140538345532675
1,return_above_0_5_percent,D_price_volatility,hist_gradient,development|ETH/USDT|2023-06-14T14:00:00+00:00,0.48311179888588324
1,return_above_0_5_percent,D_price_volatility,hist_gradient,development|BTC/USDT|2023-06-14T19:00:00+00:00,0.40943027465065995
1,return_above_0_5_percent,D_price_volatility,hist_gradient,development|BTC/USDT|2023-06-16T10:00:00+00:00,0.48311179888588324
1,return_above_0_5_percent,D_price_volatility,hist_gradient,development|ETH/USDT|2023-06-16T15:00:00+00:00,0.4795788357534449
1,return_above_0_5_percent,D_price_volatility,hist_gradient,development|BTC/USDT|2023-06-19T23:00:00+00:00,0.29168424948323596
1,return_above_0_5_percent,D_price_volatility,hist_gradient,development|ETH/USDT|2023-06-20T12:00:00+00:00,0.40943027465065995
1,return_above_0_5_percent,D_price_volatility,hist_gradient,development|BTC/USDT|2023-06-23T16:00:00+00:00,0.17249827016017094
1,return_above_0_5_percent,D_price_volatility,hist_gradient,development|ETH/USDT|2023-06-24T04:00:00+00:00,0.24310409507890554
1,return_above_0_5_percent,D_price_volatility,hist_gradient,development|BTC/USDT|2023-06-25T12:00:00+00:00,0.24247398883586893
1,return_above_0_5_percent,D_price_volatility,hist_gradient,development|ETH/USDT|2023-06-25T12:00:00+00:00,0.26677896215528407
1,return_above_0_5_percent,D_price_volatility,hist_gradient,development|BTC/USDT|2023-06-25T20:00:00+00:00,0.40943027465065995
1,return_above_0_5_percent,D_price_volatility,hist_gradient,development|BTC/USDT|2023-06-27T15:00:00+00:00,0.3103231309621005
1,return_above_0_5_percent,D_price_volatility,hist_gradient,development|ETH/USDT|2023-06-27T20:00:00+00:00,0.2813601583732994
1,return_above_0_5_percent,D_price_volatility,hist_gradient,development|BTC/USDT|2023-06-29T20:00:00+00:00,0.3382310983448839
1,return_above_0_5_percent,D_price_volatility,hist_gradient,development|ETH/USDT|2023-06-30T01:00:00+00:00,0.5122588287296033
1,return_above_0_5_percent,E_no_regime,dummy,development|BTC/USDT|2023-04-01T04:00:00+00:00,0.34
1,return_above_0_5_percent,E_no_regime,dummy,development|ETH/USDT|2023-04-04T02:00:00+00:00,0.34
1,return_above_0_5_percent,E_no_regime,dummy,development|BTC/USDT|2023-04-04T18:00:00+00:00,0.34
1,return_above_0_5_percent,E_no_regime,dummy,development|BTC/USDT|2023-04-08T11:00:00+00:00,0.34
1,return_above_0_5_percent,E_no_regime,dummy,development|ETH/USDT|2023-04-08T15:00:00+00:00,0.34
1,return_above_0_5_percent,E_no_regime,dummy,development|BTC/USDT|2023-04-09T23:00:00+00:00,0.34
1,return_above_0_5_percent,E_no_regime,dummy,development|ETH/USDT|2023-04-10T10:00:00+00:00,0.34
1,return_above_0_5_percent,E_no_regime,dummy,development|ETH/USDT|2023-04-13T05:00:00+00:00,0.34
1,return_above_0_5_percent,E_no_regime,dummy,development|BTC/USDT|2023-04-13T15:00:00+00:00,0.34
1,return_above_0_5_percent,E_no_regime,dummy,development|ETH/USDT|2023-04-16T20:00:00+00:00,0.34
1,return_above_0_5_percent,E_no_regime,dummy,development|BTC/USDT|2023-04-18T19:00:00+00:00,0.34
1,return_above_0_5_percent,E_no_regime,dummy,development|ETH/USDT|2023-04-18T21:00:00+00:00,0.34
1,return_above_0_5_percent,E_no_regime,dummy,development|BTC/USDT|2023-04-23T09:00:00+00:00,0.34
1,return_above_0_5_percent,E_no_regime,dummy,development|ETH/USDT|2023-04-23T12:00:00+00:00,0.34
1,return_above_0_5_percent,E_no_regime,dummy,development|BTC/USDT|2023-04-25T23:00:00+00:00,0.34
1,return_above_0_5_percent,E_no_regime,dummy,development|ETH/USDT|2023-04-26T04:00:00+00:00,0.34
1,return_above_0_5_percent,E_no_regime,dummy,development|BTC/USDT|2023-04-29T10:00:00+00:00,0.34
1,return_above_0_5_percent,E_no_regime,dummy,development|ETH/USDT|2023-04-29T23:00:00+00:00,0.34
1,return_above_0_5_percent,E_no_regime,dummy,development|BTC/USDT|2023-04-30T18:00:00+00:00,0.34
1,return_above_0_5_percent,E_no_regime,dummy,development|ETH/USDT|2023-05-02T23:00:00+00:00,0.34
1,return_above_0_5_percent,E_no_regime,dummy,development|BTC/USDT|2023-05-03T02:00:00+00:00,0.34
1,return_above_0_5_percent,E_no_regime,dummy,development|BTC/USDT|2023-05-10T13:00:00+00:00,0.34
1,return_above_0_5_percent,E_no_regime,dummy,development|ETH/USDT|2023-05-10T13:00:00+00:00,0.34
1,return_above_0_5_percent,E_no_regime,dummy,development|ETH/USDT|2023-05-13T09:00:00+00:00,0.34
1,return_above_0_5_percent,E_no_regime,dummy,development|BTC/USDT|2023-05-13T14:00:00+00:00,0.34
1,return_above_0_5_percent,E_no_regime,dummy,development|BTC/USDT|2023-05-18T04:00:00+00:00,0.34
1,return_above_0_5_percent,E_no_regime,dummy,development|ETH/USDT|2023-05-18T09:00:00+00:00,0.34
1,return_above_0_5_percent,E_no_regime,dummy,development|ETH/USDT|2023-05-20T03:00:00+00:00,0.34
1,return_above_0_5_percent,E_no_regime,dummy,development|BTC/USDT|2023-05-20T16:00:00+00:00,0.34
1,return_above_0_5_percent,E_no_regime,dummy,development|ETH/USDT|2023-05-22T22:00:00+00:00,0.34
1,return_above_0_5_percent,E_no_regime,dummy,development|BTC/USDT|2023-05-23T04:00:00+00:00,0.34
1,return_above_0_5_percent,E_no_regime,dummy,development|ETH/USDT|2023-05-26T05:00:00+00:00,0.34
1,return_above_0_5_percent,E_no_regime,dummy,development|BTC/USDT|2023-05-26T07:00:00+00:00,0.34
1,return_above_0_5_percent,E_no_regime,dummy,development|ETH/USDT|2023-06-02T04:00:00+00:00,0.34
1,return_above_0_5_percent,E_no_regime,dummy,development|BTC/USDT|2023-06-02T12:00:00+00:00,0.34
1,return_above_0_5_percent,E_no_regime,dummy,development|BTC/USDT|2023-06-04T21:00:00+00:00,0.34
1,return_above_0_5_percent,E_no_regime,dummy,development|ETH/USDT|2023-06-04T21:00:00+00:00,0.34
1,return_above_0_5_percent,E_no_regime,dummy,development|ETH/USDT|2023-06-07T01:00:00+00:00,0.34
1,return_above_0_5_percent,E_no_regime,dummy,development|BTC/USDT|2023-06-07T02:00:00+00:00,0.34
1,return_above_0_5_percent,E_no_regime,dummy,development|BTC/USDT|2023-06-09T07:00:00+00:00,0.34
1,return_above_0_5_percent,E_no_regime,dummy,development|ETH/USDT|2023-06-09T14:00:00+00:00,0.34
1,return_above_0_5_percent,E_no_regime,dummy,development|BTC/USDT|2023-06-12T01:00:00+00:00,0.34
1,return_above_0_5_percent,E_no_regime,dummy,development|ETH/USDT|2023-06-12T06:00:00+00:00,0.34
1,return_above_0_5_percent,E_no_regime,dummy,development|ETH/USDT|2023-06-13T21:00:00+00:00,0.34
1,return_above_0_5_percent,E_no_regime,dummy,development|ETH/USDT|2023-06-14T14:00:00+00:00,0.34
1,return_above_0_5_percent,E_no_regime,dummy,development|BTC/USDT|2023-06-14T19:00:00+00:00,0.34
1,return_above_0_5_percent,E_no_regime,dummy,development|BTC/USDT|2023-06-16T10:00:00+00:00,0.34
1,return_above_0_5_percent,E_no_regime,dummy,development|ETH/USDT|2023-06-16T15:00:00+00:00,0.34
1,return_above_0_5_percent,E_no_regime,dummy,development|BTC/USDT|2023-06-19T23:00:00+00:00,0.34
1,return_above_0_5_percent,E_no_regime,dummy,development|ETH/USDT|2023-06-20T12:00:00+00:00,0.34
1,return_above_0_5_percent,E_no_regime,dummy,development|BTC/USDT|2023-06-23T16:00:00+00:00,0.34
1,return_above_0_5_percent,E_no_regime,dummy,development|ETH/USDT|2023-06-24T04:00:00+00:00,0.34
1,return_above_0_5_percent,E_no_regime,dummy,development|BTC/USDT|2023-06-25T12:00:00+00:00,0.34
1,return_above_0_5_percent,E_no_regime,dummy,development|ETH/USDT|2023-06-25T12:00:00+00:00,0.34
1,return_above_0_5_percent,E_no_regime,dummy,development|BTC/USDT|2023-06-25T20:00:00+00:00,0.34
1,return_above_0_5_percent,E_no_regime,dummy,development|BTC/USDT|2023-06-27T15:00:00+00:00,0.34
1,return_above_0_5_percent,E_no_regime,dummy,development|ETH/USDT|2023-06-27T20:00:00+00:00,0.34
1,return_above_0_5_percent,E_no_regime,dummy,development|BTC/USDT|2023-06-29T20:00:00+00:00,0.34
1,return_above_0_5_percent,E_no_regime,dummy,development|ETH/USDT|2023-06-30T01:00:00+00:00,0.34
1,return_above_0_5_percent,E_no_regime,logistic,development|BTC/USDT|2023-04-01T04:00:00+00:00,0.19252237018486246
1,return_above_0_5_percent,E_no_regime,logistic,development|ETH/USDT|2023-04-04T02:00:00+00:00,0.46500184716534565
1,return_above_0_5_percent,E_no_regime,logistic,development|BTC/USDT|2023-04-04T18:00:00+00:00,0.1704399626972005
1,return_above_0_5_percent,E_no_regime,logistic,development|BTC/USDT|2023-04-08T11:00:00+00:00,0.2536685516728381
1,return_above_0_5_percent,E_no_regime,logistic,development|ETH/USDT|2023-04-08T15:00:00+00:00,0.4026072496071579
1,return_above_0_5_percent,E_no_regime,logistic,development|BTC/USDT|2023-04-09T23:00:00+00:00,0.29467342326366436
1,return_above_0_5_percent,E_no_regime,logistic,development|ETH/USDT|2023-04-10T10:00:00+00:00,0.49366056351469145
1,return_above_0_5_percent,E_no_regime,logistic,development|ETH/USDT|2023-04-13T05:00:00+00:00,0.39313251790727455
1,return_above_0_5_percent,E_no_regime,logistic,development|BTC/USDT|2023-04-13T15:00:00+00:00,0.10543541041750747
1,return_above_0_5_percent,E_no_regime,logistic,development|ETH/USDT|2023-04-16T20:00:00+00:00,0.43058608424631606
1,return_above_0_5_percent,E_no_regime,logistic,development|BTC/USDT|2023-04-18T19:00:00+00:00,0.29497935165429756
1,return_above_0_5_percent,E_no_regime,logistic,development|ETH/USDT|2023-04-18T21:00:00+00:00,0.28652867114668973
1,return_above_0_5_percent,E_no_regime,logistic,development|BTC/USDT|2023-04-23T09:00:00+00:00,0.6644939791900966
1,return_above_0_5_percent,E_no_regime,logistic,development|ETH/USDT|2023-04-23T12:00:00+00:00,0.46994425015624774
1,return_above_0_5_percent,E_no_regime,logistic,development|BTC/USDT|2023-04-25T23:00:00+00:00,0.4280187859810414
1,return_above_0_5_percent,E_no_regime,logistic,development|ETH/USDT|2023-04-26T04:00:00+00:00,0.34643594628418856
1,return_above_0_5_percent,E_no_regime,logistic,development|BTC/USDT|2023-04-29T10:00:00+00:00,0.3217819211639456
1,return_above_0_5_percent,E_no_regime,logistic,development|ETH/USDT|2023-04-29T23:00:00+00:00,0.35217542680836855
1,return_above_0_5_percent,E_no_regime,logistic,development|BTC/USDT|2023-04-30T18:00:00+00:00,0.23668011824364668
1,return_above_0_5_percent,E_no_regime,logistic,development|ETH/USDT|2023-05-02T23:00:00+00:00,0.29446855147724
1,return_above_0_5_percent,E_no_regime,logistic,development|BTC/USDT|2023-05-03T02:00:00+00:00,0.26275195608129426
1,return_above_0_5_percent,E_no_regime,logistic,development|BTC/USDT|2023-05-10T13:00:00+00:00,0.22414271105314731
1,return_above_0_5_percent,E_no_regime,logistic,development|ETH/USDT|2023-05-10T13:00:00+00:00,0.3338341823462496
1,return_above_0_5_percent,E_no_regime,logistic,development|ETH/USDT|2023-05-13T09:00:00+00:00,0.40511450507208185
1,return_above_0_5_percent,E_no_regime,logistic,development|BTC/USDT|2023-05-13T14:00:00+00:00,0.6253423504394178
1,return_above_0_5_percent,E_no_regime,logistic,development|BTC/USDT|2023-05-18T04:00:00+00:00,0.1829702395166639
1,return_above_0_5_percent,E_no_regime,logistic,development|ETH/USDT|2023-05-18T09:00:00+00:00,0.45718250787514964
1,return_above_0_5_percent,E_no_regime,logistic,development|ETH/USDT|2023-05-20T03:00:00+00:00,0.31000335653797334
1,return_above_0_5_percent,E_no_regime,logistic,development|BTC/USDT|2023-05-20T16:00:00+00:00,0.3519082615337298
1,return_above_0_5_percent,E_no_regime,logistic,development|ETH/USDT|2023-05-22T22:00:00+00:00,0.42788132145202845
1,return_above_0_5_percent,E_no_regime,logistic,development|BTC/USDT|2023-05-23T04:00:00+00:00,0.14869799186688495
1,return_above_0_5_percent,E_no_regime,logistic,development|ETH/USDT|2023-05-26T05:00:00+00:00,0.5214296942215919
1,return_above_0_5_percent,E_no_regime,logistic,development|BTC/USDT|2023-05-26T07:00:00+00:00,0.2654037351041327
1,return_above_0_5_percent,E_no_regime,logistic,development|ETH/USDT|2023-06-02T04:00:00+00:00,0.5744336154643234
1,return_above_0_5_percent,E_no_regime,logistic,development|BTC/USDT|2023-06-02T12:00:00+00:00,0.43464231676821274
1,return_above_0_5_percent,E_no_regime,logistic,development|BTC/USDT|2023-06-04T21:00:00+00:00,0.35453595541858784
1,return_above_0_5_percent,E_no_regime,logistic,development|ETH/USDT|2023-06-04T21:00:00+00:00,0.4027991140857597
1,return_above_0_5_percent,E_no_regime,logistic,development|ETH/USDT|2023-06-07T01:00:00+00:00,0.27511743896596774
1,return_above_0_5_percent,E_no_regime,logistic,development|BTC/USDT|2023-06-07T02:00:00+00:00,0.09747822067635009
1,return_above_0_5_percent,E_no_regime,logistic,development|BTC/USDT|2023-06-09T07:00:00+00:00,0.4078340812732078
1,return_above_0_5_percent,E_no_regime,logistic,development|ETH/USDT|2023-06-09T14:00:00+00:00,0.3702893032307829
1,return_above_0_5_percent,E_no_regime,logistic,development|BTC/USDT|2023-06-12T01:00:00+00:00,0.433922683391094
1,return_above_0_5_percent,E_no_regime,logistic,development|ETH/USDT|2023-06-12T06:00:00+00:00,0.6869120792937887
1,return_above_0_5_percent,E_no_regime,logistic,development|ETH/USDT|2023-06-13T21:00:00+00:00,0.7469166503239564
1,return_above_0_5_percent,E_no_regime,logistic,development|ETH/USDT|2023-06-14T14:00:00+00:00,0.41085777169908777
1,return_above_0_5_percent,E_no_regime,logistic,development|BTC/USDT|2023-06-14T19:00:00+00:00,0.5935214843459847
1,return_above_0_5_percent,E_no_regime,logistic,development|BTC/USDT|2023-06-16T10:00:00+00:00,0.26519971424958777
1,return_above_0_5_percent,E_no_regime,logistic,development|ETH/USDT|2023-06-16T15:00:00+00:00,0.5733855113243219
1,return_above_0_5_percent,E_no_regime,logistic,development|BTC/USDT|2023-06-19T23:00:00+00:00,0.44160924284623826
1,return_above_0_5_percent,E_no_regime,logistic,development|ETH/USDT|2023-06-20T12:00:00+00:00,0.24541290137671715
1,return_above_0_5_percent,E_no_regime,logistic,development|BTC/USDT|2023-06-23T16:00:00+00:00,0.029607916793084808
1,return_above_0_5_percent,E_no_regime,logistic,development|ETH/USDT|2023-06-24T04:00:00+00:00,0.40207734641060255
1,return_above_0_5_percent,E_no_regime,logistic,development|BTC/USDT|2023-06-25T12:00:00+00:00,0.15706808792552832
1,return_above_0_5_percent,E_no_regime,logistic,development|ETH/USDT|2023-06-25T12:00:00+00:00,0.18031130675965715
1,return_above_0_5_percent,E_no_regime,logistic,development|BTC/USDT|2023-06-25T20:00:00+00:00,0.44411939322539745
1,return_above_0_5_percent,E_no_regime,logistic,development|BTC/USDT|2023-06-27T15:00:00+00:00,0.2625548718452688
1,return_above_0_5_percent,E_no_regime,logistic,development|ETH/USDT|2023-06-27T20:00:00+00:00,0.44077285630645047
1,return_above_0_5_percent,E_no_regime,logistic,development|BTC/USDT|2023-06-29T20:00:00+00:00,0.40035476022613203
1,return_above_0_5_percent,E_no_regime,logistic,development|ETH/USDT|2023-06-30T01:00:00+00:00,0.5227452714182829
1,return_above_0_5_percent,E_no_regime,forest,development|BTC/USDT|2023-04-01T04:00:00+00:00,0.22078686229757818
1,return_above_0_5_percent,E_no_regime,forest,development|ETH/USDT|2023-04-04T02:00:00+00:00,0.47416188072600207
1,return_above_0_5_percent,E_no_regime,forest,development|BTC/USDT|2023-04-04T18:00:00+00:00,0.35115690462788
1,return_above_0_5_percent,E_no_regime,forest,development|BTC/USDT|2023-04-08T11:00:00+00:00,0.4479396411922301
1,return_above_0_5_percent,E_no_regime,forest,development|ETH/USDT|2023-04-08T15:00:00+00:00,0.5143180977030394
1,return_above_0_5_percent,E_no_regime,forest,development|BTC/USDT|2023-04-09T23:00:00+00:00,0.33375639234939164
1,return_above_0_5_percent,E_no_regime,forest,development|ETH/USDT|2023-04-10T10:00:00+00:00,0.539279110767114
1,return_above_0_5_percent,E_no_regime,forest,development|ETH/USDT|2023-04-13T05:00:00+00:00,0.28510209277573445
1,return_above_0_5_percent,E_no_regime,forest,development|BTC/USDT|2023-04-13T15:00:00+00:00,0.18398868696662812
1,return_above_0_5_percent,E_no_regime,forest,development|ETH/USDT|2023-04-16T20:00:00+00:00,0.22705166415112238
1,return_above_0_5_percent,E_no_regime,forest,development|BTC/USDT|2023-04-18T19:00:00+00:00,0.2528906242965841
1,return_above_0_5_percent,E_no_regime,forest,development|ETH/USDT|2023-04-18T21:00:00+00:00,0.47905571840440236
1,return_above_0_5_percent,E_no_regime,forest,development|BTC/USDT|2023-04-23T09:00:00+00:00,0.542920952880198
1,return_above_0_5_percent,E_no_regime,forest,development|ETH/USDT|2023-04-23T12:00:00+00:00,0.49147424676553525
1,return_above_0_5_percent,E_no_regime,forest,development|BTC/USDT|2023-04-25T23:00:00+00:00,0.3240437395051599
1,return_above_0_5_percent,E_no_regime,forest,development|ETH/USDT|2023-04-26T04:00:00+00:00,0.3353804855275444
1,return_above_0_5_percent,E_no_regime,forest,development|BTC/USDT|2023-04-29T10:00:00+00:00,0.4539564775120848
1,return_above_0_5_percent,E_no_regime,forest,development|ETH/USDT|2023-04-29T23:00:00+00:00,0.44025788164630647
1,return_above_0_5_percent,E_no_regime,forest,development|BTC/USDT|2023-04-30T18:00:00+00:00,0.25205470441744066
1,return_above_0_5_percent,E_no_regime,forest,development|ETH/USDT|2023-05-02T23:00:00+00:00,0.3233767188693658
1,return_above_0_5_percent,E_no_regime,forest,development|BTC/USDT|2023-05-03T02:00:00+00:00,0.3415892780309615
1,return_above_0_5_percent,E_no_regime,forest,development|BTC/USDT|2023-05-10T13:00:00+00:00,0.41283794971798055
1,return_above_0_5_percent,E_no_regime,forest,development|ETH/USDT|2023-05-10T13:00:00+00:00,0.41429138109052954
1,return_above_0_5_percent,E_no_regime,forest,development|ETH/USDT|2023-05-13T09:00:00+00:00,0.3390504201680672
1,return_above_0_5_percent,E_no_regime,forest,development|BTC/USDT|2023-05-13T14:00:00+00:00,0.4403476649280402
1,return_above_0_5_percent,E_no_regime,forest,development|BTC/USDT|2023-05-18T04:00:00+00:00,0.21465463178891972
1,return_above_0_5_percent,E_no_regime,forest,development|ETH/USDT|2023-05-18T09:00:00+00:00,0.4717428747663614
1,return_above_0_5_percent,E_no_regime,forest,development|ETH/USDT|2023-05-20T03:00:00+00:00,0.4997790677674578
1,return_above_0_5_percent,E_no_regime,forest,development|BTC/USDT|2023-05-20T16:00:00+00:00,0.4997670014024502
1,return_above_0_5_percent,E_no_regime,forest,development|ETH/USDT|2023-05-22T22:00:00+00:00,0.46805930008510865
1,return_above_0_5_percent,E_no_regime,forest,development|BTC/USDT|2023-05-23T04:00:00+00:00,0.2971818482574327
1,return_above_0_5_percent,E_no_regime,forest,development|ETH/USDT|2023-05-26T05:00:00+00:00,0.4400903219587428
1,return_above_0_5_percent,E_no_regime,forest,development|BTC/USDT|2023-05-26T07:00:00+00:00,0.4803223124425483
1,return_above_0_5_percent,E_no_regime,forest,development|ETH/USDT|2023-06-02T04:00:00+00:00,0.3840907538453977
1,return_above_0_5_percent,E_no_regime,forest,development|BTC/USDT|2023-06-02T12:00:00+00:00,0.34980145104293703
1,return_above_0_5_percent,E_no_regime,forest,development|BTC/USDT|2023-06-04T21:00:00+00:00,0.49199287859543267
1,return_above_0_5_percent,E_no_regime,forest,development|ETH/USDT|2023-06-04T21:00:00+00:00,0.49456610318053407
1,return_above_0_5_percent,E_no_regime,forest,development|ETH/USDT|2023-06-07T01:00:00+00:00,0.24182336626814588
1,return_above_0_5_percent,E_no_regime,forest,development|BTC/USDT|2023-06-07T02:00:00+00:00,0.21753169960147922
1,return_above_0_5_percent,E_no_regime,forest,development|BTC/USDT|2023-06-09T07:00:00+00:00,0.4486916924664603
1,return_above_0_5_percent,E_no_regime,forest,development|ETH/USDT|2023-06-09T14:00:00+00:00,0.4981068706834958
1,return_above_0_5_percent,E_no_regime,forest,development|BTC/USDT|2023-06-12T01:00:00+00:00,0.3642377850907261
1,return_above_0_5_percent,E_no_regime,forest,development|ETH/USDT|2023-06-12T06:00:00+00:00,0.5364443281547345
1,return_above_0_5_percent,E_no_regime,forest,development|ETH/USDT|2023-06-13T21:00:00+00:00,0.539279110767114
1,return_above_0_5_percent,E_no_regime,forest,development|ETH/USDT|2023-06-14T14:00:00+00:00,0.5319694007832553
1,return_above_0_5_percent,E_no_regime,forest,development|BTC/USDT|2023-06-14T19:00:00+00:00,0.5056514310363728
1,return_above_0_5_percent,E_no_regime,forest,development|BTC/USDT|2023-06-16T10:00:00+00:00,0.3910965699676999
1,return_above_0_5_percent,E_no_regime,forest,development|ETH/USDT|2023-06-16T15:00:00+00:00,0.5218798498113515
1,return_above_0_5_percent,E_no_regime,forest,development|BTC/USDT|2023-06-19T23:00:00+00:00,0.25897244224643606
1,return_above_0_5_percent,E_no_regime,forest,development|ETH/USDT|2023-06-20T12:00:00+00:00,0.4646115281288228
1,return_above_0_5_percent,E_no_regime,forest,development|BTC/USDT|2023-06-23T16:00:00+00:00,0.15542728345785617
1,return_above_0_5_percent,E_no_regime,forest,development|ETH/USDT|2023-06-24T04:00:00+00:00,0.379189922644524
1,return_above_0_5_percent,E_no_regime,forest,development|BTC/USDT|2023-06-25T12:00:00+00:00,0.3137277173779924
1,return_above_0_5_percent,E_no_regime,forest,development|ETH/USDT|2023-06-25T12:00:00+00:00,0.18888816752296259
1,return_above_0_5_percent,E_no_regime,forest,development|BTC/USDT|2023-06-25T20:00:00+00:00,0.4590152883322385
1,return_above_0_5_percent,E_no_regime,forest,development|BTC/USDT|2023-06-27T15:00:00+00:00,0.2579278922890806
1,return_above_0_5_percent,E_no_regime,forest,development|ETH/USDT|2023-06-27T20:00:00+00:00,0.28763189180693444
1,return_above_0_5_percent,E_no_regime,forest,development|BTC/USDT|2023-06-29T20:00:00+00:00,0.36312060746863767
1,return_above_0_5_percent,E_no_regime,forest,development|ETH/USDT|2023-06-30T01:00:00+00:00,0.538029110767114
1,return_above_0_5_percent,E_no_regime,hist_gradient,development|BTC/USDT|2023-04-01T04:00:00+00:00,0.2978917512778016
1,return_above_0_5_percent,E_no_regime,hist_gradient,development|ETH/USDT|2023-04-04T02:00:00+00:00,0.3751186925528691
1,return_above_0_5_percent,E_no_regime,hist_gradient,development|BTC/USDT|2023-04-04T18:00:00+00:00,0.2897665536539717
1,return_above_0_5_percent,E_no_regime,hist_gradient,development|BTC/USDT|2023-04-08T11:00:00+00:00,0.38852899107326944
1,return_above_0_5_percent,E_no_regime,hist_gradient,development|ETH/USDT|2023-04-08T15:00:00+00:00,0.4367410173970867
1,return_above_0_5_percent,E_no_regime,hist_gradient,development|BTC/USDT|2023-04-09T23:00:00+00:00,0.3454619998141437
1,return_above_0_5_percent,E_no_regime,hist_gradient,development|ETH/USDT|2023-04-10T10:00:00+00:00,0.5036254880191078
1,return_above_0_5_percent,E_no_regime,hist_gradient,development|ETH/USDT|2023-04-13T05:00:00+00:00,0.3837333036117969
1,return_above_0_5_percent,E_no_regime,hist_gradient,development|BTC/USDT|2023-04-13T15:00:00+00:00,0.2212620295103451
1,return_above_0_5_percent,E_no_regime,hist_gradient,development|ETH/USDT|2023-04-16T20:00:00+00:00,0.31641301375020214
1,return_above_0_5_percent,E_no_regime,hist_gradient,development|BTC/USDT|2023-04-18T19:00:00+00:00,0.33080925189908755
1,return_above_0_5_percent,E_no_regime,hist_gradient,development|ETH/USDT|2023-04-18T21:00:00+00:00,0.42146011246877413
1,return_above_0_5_percent,E_no_regime,hist_gradient,development|BTC/USDT|2023-04-23T09:00:00+00:00,0.5036254880191078
1,return_above_0_5_percent,E_no_regime,hist_gradient,development|ETH/USDT|2023-04-23T12:00:00+00:00,0.4539810059406722
1,return_above_0_5_percent,E_no_regime,hist_gradient,development|BTC/USDT|2023-04-25T23:00:00+00:00,0.4352365519951296
1,return_above_0_5_percent,E_no_regime,hist_gradient,development|ETH/USDT|2023-04-26T04:00:00+00:00,0.4019769170011965
1,return_above_0_5_percent,E_no_regime,hist_gradient,development|BTC/USDT|2023-04-29T10:00:00+00:00,0.36337017681989053
1,return_above_0_5_percent,E_no_regime,hist_gradient,development|ETH/USDT|2023-04-29T23:00:00+00:00,0.3642634220452562
1,return_above_0_5_percent,E_no_regime,hist_gradient,development|BTC/USDT|2023-04-30T18:00:00+00:00,0.3027504002871808
1,return_above_0_5_percent,E_no_regime,hist_gradient,development|ETH/USDT|2023-05-02T23:00:00+00:00,0.40813111197374985
1,return_above_0_5_percent,E_no_regime,hist_gradient,development|BTC/USDT|2023-05-03T02:00:00+00:00,0.39639882657552505
1,return_above_0_5_percent,E_no_regime,hist_gradient,development|BTC/USDT|2023-05-10T13:00:00+00:00,0.37556537986957117
1,return_above_0_5_percent,E_no_regime,hist_gradient,development|ETH/USDT|2023-05-10T13:00:00+00:00,0.37556537986957117
1,return_above_0_5_percent,E_no_regime,hist_gradient,development|ETH/USDT|2023-05-13T09:00:00+00:00,0.39639882657552505
1,return_above_0_5_percent,E_no_regime,hist_gradient,development|BTC/USDT|2023-05-13T14:00:00+00:00,0.5036254880191078
1,return_above_0_5_percent,E_no_regime,hist_gradient,development|BTC/USDT|2023-05-18T04:00:00+00:00,0.2791843433110205
1,return_above_0_5_percent,E_no_regime,hist_gradient,development|ETH/USDT|2023-05-18T09:00:00+00:00,0.4367410173970867
1,return_above_0_5_percent,E_no_regime,hist_gradient,development|ETH/USDT|2023-05-20T03:00:00+00:00,0.4367410173970867
1,return_above_0_5_percent,E_no_regime,hist_gradient,development|BTC/USDT|2023-05-20T16:00:00+00:00,0.42146011246877413
1,return_above_0_5_percent,E_no_regime,hist_gradient,development|ETH/USDT|2023-05-22T22:00:00+00:00,0.44877956347497744
1,return_above_0_5_percent,E_no_regime,hist_gradient,development|BTC/USDT|2023-05-23T04:00:00+00:00,0.3051241255654872
1,return_above_0_5_percent,E_no_regime,hist_gradient,development|ETH/USDT|2023-05-26T05:00:00+00:00,0.33416785446290137
1,return_above_0_5_percent,E_no_regime,hist_gradient,development|BTC/USDT|2023-05-26T07:00:00+00:00,0.38852899107326944
1,return_above_0_5_percent,E_no_regime,hist_gradient,development|ETH/USDT|2023-06-02T04:00:00+00:00,0.33416785446290137
1,return_above_0_5_percent,E_no_regime,hist_gradient,development|BTC/USDT|2023-06-02T12:00:00+00:00,0.39639882657552505
1,return_above_0_5_percent,E_no_regime,hist_gradient,development|BTC/USDT|2023-06-04T21:00:00+00:00,0.42146011246877413
1,return_above_0_5_percent,E_no_regime,hist_gradient,development|ETH/USDT|2023-06-04T21:00:00+00:00,0.44877956347497744
1,return_above_0_5_percent,E_no_regime,hist_gradient,development|ETH/USDT|2023-06-07T01:00:00+00:00,0.28503571138868433
1,return_above_0_5_percent,E_no_regime,hist_gradient,development|BTC/USDT|2023-06-07T02:00:00+00:00,0.22672932611685473
1,return_above_0_5_percent,E_no_regime,hist_gradient,development|BTC/USDT|2023-06-09T07:00:00+00:00,0.4367410173970867
1,return_above_0_5_percent,E_no_regime,hist_gradient,development|ETH/USDT|2023-06-09T14:00:00+00:00,0.4152459396658904
1,return_above_0_5_percent,E_no_regime,hist_gradient,development|BTC/USDT|2023-06-12T01:00:00+00:00,0.39639882657552505
1,return_above_0_5_percent,E_no_regime,hist_gradient,development|ETH/USDT|2023-06-12T06:00:00+00:00,0.48165348359389165
1,return_above_0_5_percent,E_no_regime,hist_gradient,development|ETH/USDT|2023-06-13T21:00:00+00:00,0.5158193117266879
1,return_above_0_5_percent,E_no_regime,hist_gradient,development|ETH/USDT|2023-06-14T14:00:00+00:00,0.4539810059406722
1,return_above_0_5_percent,E_no_regime,hist_gradient,development|BTC/USDT|2023-06-14T19:00:00+00:00,0.42146011246877413
1,return_above_0_5_percent,E_no_regime,hist_gradient,development|BTC/USDT|2023-06-16T10:00:00+00:00,0.4539810059406722
1,return_above_0_5_percent,E_no_regime,hist_gradient,development|ETH/USDT|2023-06-16T15:00:00+00:00,0.47584951494831207
1,return_above_0_5_percent,E_no_regime,hist_gradient,development|BTC/USDT|2023-06-19T23:00:00+00:00,0.3027504002871808
1,return_above_0_5_percent,E_no_regime,hist_gradient,development|ETH/USDT|2023-06-20T12:00:00+00:00,0.38852899107326944
1,return_above_0_5_percent,E_no_regime,hist_gradient,development|BTC/USDT|2023-06-23T16:00:00+00:00,0.19131953771957114
1,return_above_0_5_percent,E_no_regime,hist_gradient,development|ETH/USDT|2023-06-24T04:00:00+00:00,0.2579193462309197
1,return_above_0_5_percent,E_no_regime,hist_gradient,development|BTC/USDT|2023-06-25T12:00:00+00:00,0.22923641973297434
1,return_above_0_5_percent,E_no_regime,hist_gradient,development|ETH/USDT|2023-06-25T12:00:00+00:00,0.27008126908910274
1,return_above_0_5_percent,E_no_regime,hist_gradient,development|BTC/USDT|2023-06-25T20:00:00+00:00,0.42146011246877413
1,return_above_0_5_percent,E_no_regime,hist_gradient,development|BTC/USDT|2023-06-27T15:00:00+00:00,0.2917409287714621
1,return_above_0_5_percent,E_no_regime,hist_gradient,development|ETH/USDT|2023-06-27T20:00:00+00:00,0.29958644920143757
1,return_above_0_5_percent,E_no_regime,hist_gradient,development|BTC/USDT|2023-06-29T20:00:00+00:00,0.3451113702240659
1,return_above_0_5_percent,E_no_regime,hist_gradient,development|ETH/USDT|2023-06-30T01:00:00+00:00,0.5036254880191078
1,return_above_1_percent,A_all,dummy,development|BTC/USDT|2023-04-01T04:00:00+00:00,0.26
1,return_above_1_percent,A_all,dummy,development|ETH/USDT|2023-04-04T02:00:00+00:00,0.26
1,return_above_1_percent,A_all,dummy,development|BTC/USDT|2023-04-04T18:00:00+00:00,0.26
1,return_above_1_percent,A_all,dummy,development|BTC/USDT|2023-04-08T11:00:00+00:00,0.26
1,return_above_1_percent,A_all,dummy,development|ETH/USDT|2023-04-08T15:00:00+00:00,0.26
1,return_above_1_percent,A_all,dummy,development|BTC/USDT|2023-04-09T23:00:00+00:00,0.26
1,return_above_1_percent,A_all,dummy,development|ETH/USDT|2023-04-10T10:00:00+00:00,0.26
1,return_above_1_percent,A_all,dummy,development|ETH/USDT|2023-04-13T05:00:00+00:00,0.26
1,return_above_1_percent,A_all,dummy,development|BTC/USDT|2023-04-13T15:00:00+00:00,0.26
1,return_above_1_percent,A_all,dummy,development|ETH/USDT|2023-04-16T20:00:00+00:00,0.26
1,return_above_1_percent,A_all,dummy,development|BTC/USDT|2023-04-18T19:00:00+00:00,0.26
1,return_above_1_percent,A_all,dummy,development|ETH/USDT|2023-04-18T21:00:00+00:00,0.26
1,return_above_1_percent,A_all,dummy,development|BTC/USDT|2023-04-23T09:00:00+00:00,0.26
1,return_above_1_percent,A_all,dummy,development|ETH/USDT|2023-04-23T12:00:00+00:00,0.26
1,return_above_1_percent,A_all,dummy,development|BTC/USDT|2023-04-25T23:00:00+00:00,0.26
1,return_above_1_percent,A_all,dummy,development|ETH/USDT|2023-04-26T04:00:00+00:00,0.26
1,return_above_1_percent,A_all,dummy,development|BTC/USDT|2023-04-29T10:00:00+00:00,0.26
1,return_above_1_percent,A_all,dummy,development|ETH/USDT|2023-04-29T23:00:00+00:00,0.26
1,return_above_1_percent,A_all,dummy,development|BTC/USDT|2023-04-30T18:00:00+00:00,0.26
1,return_above_1_percent,A_all,dummy,development|ETH/USDT|2023-05-02T23:00:00+00:00,0.26
1,return_above_1_percent,A_all,dummy,development|BTC/USDT|2023-05-03T02:00:00+00:00,0.26
1,return_above_1_percent,A_all,dummy,development|BTC/USDT|2023-05-10T13:00:00+00:00,0.26
1,return_above_1_percent,A_all,dummy,development|ETH/USDT|2023-05-10T13:00:00+00:00,0.26
1,return_above_1_percent,A_all,dummy,development|ETH/USDT|2023-05-13T09:00:00+00:00,0.26
1,return_above_1_percent,A_all,dummy,development|BTC/USDT|2023-05-13T14:00:00+00:00,0.26
1,return_above_1_percent,A_all,dummy,development|BTC/USDT|2023-05-18T04:00:00+00:00,0.26
1,return_above_1_percent,A_all,dummy,development|ETH/USDT|2023-05-18T09:00:00+00:00,0.26
1,return_above_1_percent,A_all,dummy,development|ETH/USDT|2023-05-20T03:00:00+00:00,0.26
1,return_above_1_percent,A_all,dummy,development|BTC/USDT|2023-05-20T16:00:00+00:00,0.26
1,return_above_1_percent,A_all,dummy,development|ETH/USDT|2023-05-22T22:00:00+00:00,0.26
1,return_above_1_percent,A_all,dummy,development|BTC/USDT|2023-05-23T04:00:00+00:00,0.26
1,return_above_1_percent,A_all,dummy,development|ETH/USDT|2023-05-26T05:00:00+00:00,0.26
1,return_above_1_percent,A_all,dummy,development|BTC/USDT|2023-05-26T07:00:00+00:00,0.26
1,return_above_1_percent,A_all,dummy,development|ETH/USDT|2023-06-02T04:00:00+00:00,0.26
1,return_above_1_percent,A_all,dummy,development|BTC/USDT|2023-06-02T12:00:00+00:00,0.26
1,return_above_1_percent,A_all,dummy,development|BTC/USDT|2023-06-04T21:00:00+00:00,0.26
1,return_above_1_percent,A_all,dummy,development|ETH/USDT|2023-06-04T21:00:00+00:00,0.26
1,return_above_1_percent,A_all,dummy,development|ETH/USDT|2023-06-07T01:00:00+00:00,0.26
1,return_above_1_percent,A_all,dummy,development|BTC/USDT|2023-06-07T02:00:00+00:00,0.26
1,return_above_1_percent,A_all,dummy,development|BTC/USDT|2023-06-09T07:00:00+00:00,0.26
1,return_above_1_percent,A_all,dummy,development|ETH/USDT|2023-06-09T14:00:00+00:00,0.26
1,return_above_1_percent,A_all,dummy,development|BTC/USDT|2023-06-12T01:00:00+00:00,0.26
1,return_above_1_percent,A_all,dummy,development|ETH/USDT|2023-06-12T06:00:00+00:00,0.26
1,return_above_1_percent,A_all,dummy,development|ETH/USDT|2023-06-13T21:00:00+00:00,0.26
1,return_above_1_percent,A_all,dummy,development|ETH/USDT|2023-06-14T14:00:00+00:00,0.26
1,return_above_1_percent,A_all,dummy,development|BTC/USDT|2023-06-14T19:00:00+00:00,0.26
1,return_above_1_percent,A_all,dummy,development|BTC/USDT|2023-06-16T10:00:00+00:00,0.26
1,return_above_1_percent,A_all,dummy,development|ETH/USDT|2023-06-16T15:00:00+00:00,0.26
1,return_above_1_percent,A_all,dummy,development|BTC/USDT|2023-06-19T23:00:00+00:00,0.26
1,return_above_1_percent,A_all,dummy,development|ETH/USDT|2023-06-20T12:00:00+00:00,0.26
1,return_above_1_percent,A_all,dummy,development|BTC/USDT|2023-06-23T16:00:00+00:00,0.26
1,return_above_1_percent,A_all,dummy,development|ETH/USDT|2023-06-24T04:00:00+00:00,0.26
1,return_above_1_percent,A_all,dummy,development|BTC/USDT|2023-06-25T12:00:00+00:00,0.26
1,return_above_1_percent,A_all,dummy,development|ETH/USDT|2023-06-25T12:00:00+00:00,0.26
1,return_above_1_percent,A_all,dummy,development|BTC/USDT|2023-06-25T20:00:00+00:00,0.26
1,return_above_1_percent,A_all,dummy,development|BTC/USDT|2023-06-27T15:00:00+00:00,0.26
1,return_above_1_percent,A_all,dummy,development|ETH/USDT|2023-06-27T20:00:00+00:00,0.26
1,return_above_1_percent,A_all,dummy,development|BTC/USDT|2023-06-29T20:00:00+00:00,0.26
1,return_above_1_percent,A_all,dummy,development|ETH/USDT|2023-06-30T01:00:00+00:00,0.26
1,return_above_1_percent,A_all,logistic,development|BTC/USDT|2023-04-01T04:00:00+00:00,0.16207633158241322
1,return_above_1_percent,A_all,logistic,development|ETH/USDT|2023-04-04T02:00:00+00:00,0.42931932328970945
1,return_above_1_percent,A_all,logistic,development|BTC/USDT|2023-04-04T18:00:00+00:00,0.06541461416070796
1,return_above_1_percent,A_all,logistic,development|BTC/USDT|2023-04-08T11:00:00+00:00,0.11200615558076334
1,return_above_1_percent,A_all,logistic,development|ETH/USDT|2023-04-08T15:00:00+00:00,0.2392689549846648
1,return_above_1_percent,A_all,logistic,development|BTC/USDT|2023-04-09T23:00:00+00:00,0.20280990634216256
1,return_above_1_percent,A_all,logistic,development|ETH/USDT|2023-04-10T10:00:00+00:00,0.2988830689979938
1,return_above_1_percent,A_all,logistic,development|ETH/USDT|2023-04-13T05:00:00+00:00,0.3671903257304196
1,return_above_1_percent,A_all,logistic,development|BTC/USDT|2023-04-13T15:00:00+00:00,0.12887191031982276
1,return_above_1_percent,A_all,logistic,development|ETH/USDT|2023-04-16T20:00:00+00:00,0.43224133590249714
1,return_above_1_percent,A_all,logistic,development|BTC/USDT|2023-04-18T19:00:00+00:00,0.17961272005125825
1,return_above_1_percent,A_all,logistic,development|ETH/USDT|2023-04-18T21:00:00+00:00,0.2262399345074956
1,return_above_1_percent,A_all,logistic,development|BTC/USDT|2023-04-23T09:00:00+00:00,0.450245827404531
1,return_above_1_percent,A_all,logistic,development|ETH/USDT|2023-04-23T12:00:00+00:00,0.23659589134876952
1,return_above_1_percent,A_all,logistic,development|BTC/USDT|2023-04-25T23:00:00+00:00,0.3994241682812748
1,return_above_1_percent,A_all,logistic,development|ETH/USDT|2023-04-26T04:00:00+00:00,0.2171710505687106
1,return_above_1_percent,A_all,logistic,development|BTC/USDT|2023-04-29T10:00:00+00:00,0.20277120737110296
1,return_above_1_percent,A_all,logistic,development|ETH/USDT|2023-04-29T23:00:00+00:00,0.1513741852548686
1,return_above_1_percent,A_all,logistic,development|BTC/USDT|2023-04-30T18:00:00+00:00,0.16803586202991375
1,return_above_1_percent,A_all,logistic,development|ETH/USDT|2023-05-02T23:00:00+00:00,0.1454386270225354
1,return_above_1_percent,A_all,logistic,development|BTC/USDT|2023-05-03T02:00:00+00:00,0.15249166382396892
1,return_above_1_percent,A_all,logistic,development|BTC/USDT|2023-05-10T13:00:00+00:00,0.29254634003851415
1,return_above_1_percent,A_all,logistic,development|ETH/USDT|2023-05-10T13:00:00+00:00,0.29516858410791347
1,return_above_1_percent,A_all,logistic,development|ETH/USDT|2023-05-13T09:00:00+00:00,0.22106740414289722
1,return_above_1_percent,A_all,logistic,development|BTC/USDT|2023-05-13T14:00:00+00:00,0.26218418195048276
1,return_above_1_percent,A_all,logistic,development|BTC/USDT|2023-05-18T04:00:00+00:00,0.18186791110783723
1,return_above_1_percent,A_all,logistic,development|ETH/USDT|2023-05-18T09:00:00+00:00,0.3501064357725318
1,return_above_1_percent,A_all,logistic,development|ETH/USDT|2023-05-20T03:00:00+00:00,0.1680635649472632
1,return_above_1_percent,A_all,logistic,development|BTC/USDT|2023-05-20T16:00:00+00:00,0.20722707228451648
1,return_above_1_percent,A_all,logistic,development|ETH/USDT|2023-05-22T22:00:00+00:00,0.22064311823337956
1,return_above_1_percent,A_all,logistic,development|BTC/USDT|2023-05-23T04:00:00+00:00,0.2174047612882546
1,return_above_1_percent,A_all,logistic,development|ETH/USDT|2023-05-26T05:00:00+00:00,0.3632421301988753
1,return_above_1_percent,A_all,logistic,development|BTC/USDT|2023-05-26T07:00:00+00:00,0.2068422244762735
1,return_above_1_percent,A_all,logistic,development|ETH/USDT|2023-06-02T04:00:00+00:00,0.5210261997981431
1,return_above_1_percent,A_all,logistic,development|BTC/USDT|2023-06-02T12:00:00+00:00,0.2704505092456081
1,return_above_1_percent,A_all,logistic,development|BTC/USDT|2023-06-04T21:00:00+00:00,0.13450569693753334
1,return_above_1_percent,A_all,logistic,development|ETH/USDT|2023-06-04T21:00:00+00:00,0.23674760322287663
1,return_above_1_percent,A_all,logistic,development|ETH/USDT|2023-06-07T01:00:00+00:00,0.3116197704906174
1,return_above_1_percent,A_all,logistic,development|BTC/USDT|2023-06-07T02:00:00+00:00,0.09397098113111066
1,return_above_1_percent,A_all,logistic,development|BTC/USDT|2023-06-09T07:00:00+00:00,0.2844875861044649
1,return_above_1_percent,A_all,logistic,development|ETH/USDT|2023-06-09T14:00:00+00:00,0.24553148939864575
1,return_above_1_percent,A_all,logistic,development|BTC/USDT|2023-06-12T01:00:00+00:00,0.2924487853780324
1,return_above_1_percent,A_all,logistic,development|ETH/USDT|2023-06-12T06:00:00+00:00,0.5925194816853114
1,return_above_1_percent,A_all,logistic,development|ETH/USDT|2023-06-13T21:00:00+00:00,0.49069197244691626
1,return_above_1_percent,A_all,logistic,development|ETH/USDT|2023-06-14T14:00:00+00:00,0.1673147019249545
1,return_above_1_percent,A_all,logistic,development|BTC/USDT|2023-06-14T19:00:00+00:00,0.3414602782850566
1,return_above_1_percent,A_all,logistic,development|BTC/USDT|2023-06-16T10:00:00+00:00,0.12894033160342286
1,return_above_1_percent,A_all,logistic,development|ETH/USDT|2023-06-16T15:00:00+00:00,0.4076809160551793
1,return_above_1_percent,A_all,logistic,development|BTC/USDT|2023-06-19T23:00:00+00:00,0.37542213503902333
1,return_above_1_percent,A_all,logistic,development|ETH/USDT|2023-06-20T12:00:00+00:00,0.1714126412364
1,return_above_1_percent,A_all,logistic,development|BTC/USDT|2023-06-23T16:00:00+00:00,0.13001016839739357
1,return_above_1_percent,A_all,logistic,development|ETH/USDT|2023-06-24T04:00:00+00:00,0.5075292301327368
1,return_above_1_percent,A_all,logistic,development|BTC/USDT|2023-06-25T12:00:00+00:00,0.0887664697826965
1,return_above_1_percent,A_all,logistic,development|ETH/USDT|2023-06-25T12:00:00+00:00,0.1280319603424183
1,return_above_1_percent,A_all,logistic,development|BTC/USDT|2023-06-25T20:00:00+00:00,0.16325356485525053
1,return_above_1_percent,A_all,logistic,development|BTC/USDT|2023-06-27T15:00:00+00:00,0.08174010914382432
1,return_above_1_percent,A_all,logistic,development|ETH/USDT|2023-06-27T20:00:00+00:00,0.14876814427725615
1,return_above_1_percent,A_all,logistic,development|BTC/USDT|2023-06-29T20:00:00+00:00,0.1684411256360434
1,return_above_1_percent,A_all,logistic,development|ETH/USDT|2023-06-30T01:00:00+00:00,0.45874691591152833
1,return_above_1_percent,A_all,forest,development|BTC/USDT|2023-04-01T04:00:00+00:00,0.18840195167216084
1,return_above_1_percent,A_all,forest,development|ETH/USDT|2023-04-04T02:00:00+00:00,0.40080744215364944
1,return_above_1_percent,A_all,forest,development|BTC/USDT|2023-04-04T18:00:00+00:00,0.23645880245811376
1,return_above_1_percent,A_all,forest,development|BTC/USDT|2023-04-08T11:00:00+00:00,0.35859795926793614
1,return_above_1_percent,A_all,forest,development|ETH/USDT|2023-04-08T15:00:00+00:00,0.39553720075400434
1,return_above_1_percent,A_all,forest,development|BTC/USDT|2023-04-09T23:00:00+00:00,0.287151784914254
1,return_above_1_percent,A_all,forest,development|ETH/USDT|2023-04-10T10:00:00+00:00,0.4023902709294429
1,return_above_1_percent,A_all,forest,development|ETH/USDT|2023-04-13T05:00:00+00:00,0.23272638407670157
1,return_above_1_percent,A_all,forest,development|BTC/USDT|2023-04-13T15:00:00+00:00,0.16331144731927277
1,return_above_1_percent,A_all,forest,development|ETH/USDT|2023-04-16T20:00:00+00:00,0.20341175407839487
1,return_above_1_percent,A_all,forest,development|BTC/USDT|2023-04-18T19:00:00+00:00,0.20370573294420832
1,return_above_1_percent,A_all,forest,development|ETH/USDT|2023-04-18T21:00:00+00:00,0.3726204796493494
1,return_above_1_percent,A_all,forest,development|BTC/USDT|2023-04-23T09:00:00+00:00,0.37723753615132116
1,return_above_1_percent,A_all,forest,development|ETH/USDT|2023-04-23T12:00:00+00:00,0.31144982545300653
1,return_above_1_percent,A_all,forest,development|BTC/USDT|2023-04-25T23:00:00+00:00,0.21446430117336482
1,return_above_1_percent,A_all,forest,development|ETH/USDT|2023-04-26T04:00:00+00:00,0.2438622516920583
1,return_above_1_percent,A_all,forest,development|BTC/USDT|2023-04-29T10:00:00+00:00,0.32884355152397715
1,return_above_1_percent,A_all,forest,development|ETH/USDT|2023-04-29T23:00:00+00:00,0.34705612060264557
1,return_above_1_percent,A_all,forest,development|BTC/USDT|2023-04-30T18:00:00+00:00,0.21270665715759393
1,return_above_1_percent,A_all,forest,development|ETH/USDT|2023-05-02T23:00:00+00:00,0.19242566626166485
1,return_above_1_percent,A_all,forest,development|BTC/USDT|2023-05-03T02:00:00+00:00,0.25700340302438607
1,return_above_1_percent,A_all,forest,development|BTC/USDT|2023-05-10T13:00:00+00:00,0.24215985892658512
1,return_above_1_percent,A_all,forest,development|ETH/USDT|2023-05-10T13:00:00+00:00,0.2602010195203772
1,return_above_1_percent,A_all,forest,development|ETH/USDT|2023-05-13T09:00:00+00:00,0.2419042358946463
1,return_above_1_percent,A_all,forest,development|BTC/USDT|2023-05-13T14:00:00+00:00,0.3379127068268788
1,return_above_1_percent,A_all,forest,development|BTC/USDT|2023-05-18T04:00:00+00:00,0.12241652855554587
1,return_above_1_percent,A_all,forest,development|ETH/USDT|2023-05-18T09:00:00+00:00,0.3928840789789785
1,return_above_1_percent,A_all,forest,development|ETH/USDT|2023-05-20T03:00:00+00:00,0.3907148323329517
1,return_above_1_percent,A_all,forest,development|BTC/USDT|2023-05-20T16:00:00+00:00,0.38094290250839025
1,return_above_1_percent,A_all,forest,development|ETH/USDT|2023-05-22T22:00:00+00:00,0.39415600880354
1,return_above_1_percent,A_all,forest,development|BTC/USDT|2023-05-23T04:00:00+00:00,0.22908310454062025
1,return_above_1_percent,A_all,forest,development|ETH/USDT|2023-05-26T05:00:00+00:00,0.33680134764082914
1,return_above_1_percent,A_all,forest,development|BTC/USDT|2023-05-26T07:00:00+00:00,0.3527985096635329
1,return_above_1_percent,A_all,forest,development|ETH/USDT|2023-06-02T04:00:00+00:00,0.29072562524660833
1,return_above_1_percent,A_all,forest,development|BTC/USDT|2023-06-02T12:00:00+00:00,0.26082082648499844
1,return_above_1_percent,A_all,forest,development|BTC/USDT|2023-06-04T21:00:00+00:00,0.38226785090880305
1,return_above_1_percent,A_all,forest,development|ETH/USDT|2023-06-04T21:00:00+00:00,0.39888407897897854
1,return_above_1_percent,A_all,forest,development|ETH/USDT|2023-06-07T01:00:00+00:00,0.19475742982833563
1,return_above_1_percent,A_all,forest,development|BTC/USDT|2023-06-07T02:00:00+00:00,0.18313165583452753
1,return_above_1_percent,A_all,forest,development|BTC/USDT|2023-06-09T07:00:00+00:00,0.3916833021467697
1,return_above_1_percent,A_all,forest,development|ETH/USDT|2023-06-09T14:00:00+00:00,0.3603369943556555
1,return_above_1_percent,A_all,forest,development|BTC/USDT|2023-06-12T01:00:00+00:00,0.3036630177474683
1,return_above_1_percent,A_all,forest,development|ETH/USDT|2023-06-12T06:00:00+00:00,0.40390092340579964
1,return_above_1_percent,A_all,forest,development|ETH/USDT|2023-06-13T21:00:00+00:00,0.4191559543655518
1,return_above_1_percent,A_all,forest,development|ETH/USDT|2023-06-14T14:00:00+00:00,0.3706966434784625
1,return_above_1_percent,A_all,forest,development|BTC/USDT|2023-06-14T19:00:00+00:00,0.37993193759610955
1,return_above_1_percent,A_all,forest,development|BTC/USDT|2023-06-16T10:00:00+00:00,0.27020609347978547
1,return_above_1_percent,A_all,forest,development|ETH/USDT|2023-06-16T15:00:00+00:00,0.38735690319638477
1,return_above_1_percent,A_all,forest,development|BTC/USDT|2023-06-19T23:00:00+00:00,0.22161863686175629
1,return_above_1_percent,A_all,forest,development|ETH/USDT|2023-06-20T12:00:00+00:00,0.3481722196738529
1,return_above_1_percent,A_all,forest,development|BTC/USDT|2023-06-23T16:00:00+00:00,0.13770669023425247
1,return_above_1_percent,A_all,forest,development|ETH/USDT|2023-06-24T04:00:00+00:00,0.32017799141003456
1,return_above_1_percent,A_all,forest,development|BTC/USDT|2023-06-25T12:00:00+00:00,0.24310197945655393
1,return_above_1_percent,A_all,forest,development|ETH/USDT|2023-06-25T12:00:00+00:00,0.13037288390470309
1,return_above_1_percent,A_all,forest,development|BTC/USDT|2023-06-25T20:00:00+00:00,0.3414597681558206
1,return_above_1_percent,A_all,forest,development|BTC/USDT|2023-06-27T15:00:00+00:00,0.21467355927852083
1,return_above_1_percent,A_all,forest,development|ETH/USDT|2023-06-27T20:00:00+00:00,0.29733983233295164
1,return_above_1_percent,A_all,forest,development|BTC/USDT|2023-06-29T20:00:00+00:00,0.27165734179287593
1,return_above_1_percent,A_all,forest,development|ETH/USDT|2023-06-30T01:00:00+00:00,0.4124388921020499
1,return_above_1_percent,A_all,hist_gradient,development|BTC/USDT|2023-04-01T04:00:00+00:00,0.308894108611971
1,return_above_1_percent,A_all,hist_gradient,development|ETH/USDT|2023-04-04T02:00:00+00:00,0.3434235086727918
1,return_above_1_percent,A_all,hist_gradient,development|BTC/USDT|2023-04-04T18:00:00+00:00,0.20665423926084064
1,return_above_1_percent,A_all,hist_gradient,development|BTC/USDT|2023-04-08T11:00:00+00:00,0.34330104348880985
1,return_above_1_percent,A_all,hist_gradient,development|ETH/USDT|2023-04-08T15:00:00+00:00,0.39512094867736314
1,return_above_1_percent,A_all,hist_gradient,development|BTC/USDT|2023-04-09T23:00:00+00:00,0.3023454065865526
1,return_above_1_percent,A_all,hist_gradient,development|ETH/USDT|2023-04-10T10:00:00+00:00,0.39512094867736314
1,return_above_1_percent,A_all,hist_gradient,development|ETH/USDT|2023-04-13T05:00:00+00:00,0.3481425670888315
1,return_above_1_percent,A_all,hist_gradient,development|BTC/USDT|2023-04-13T15:00:00+00:00,0.1860308108102105
1,return_above_1_percent,A_all,hist_gradient,development|ETH/USDT|2023-04-16T20:00:00+00:00,0.2616266247988247
1,return_above_1_percent,A_all,hist_gradient,development|BTC/USDT|2023-04-18T19:00:00+00:00,0.1867882671261021
1,return_above_1_percent,A_all,hist_gradient,development|ETH/USDT|2023-04-18T21:00:00+00:00,0.2950761852727555
1,return_above_1_percent,A_all,hist_gradient,development|BTC/USDT|2023-04-23T09:00:00+00:00,0.35344798300148117
1,return_above_1_percent,A_all,hist_gradient,development|ETH/USDT|2023-04-23T12:00:00+00:00,0.17946976437061324
1,return_above_1_percent,A_all,hist_gradient,development|BTC/USDT|2023-04-25T23:00:00+00:00,0.2616266247988247
1,return_above_1_percent,A_all,hist_gradient,development|ETH/USDT|2023-04-26T04:00:00+00:00,0.24332065155243604
1,return_above_1_percent,A_all,hist_gradient,development|BTC/USDT|2023-04-29T10:00:00+00:00,0.2994338720054178
1,return_above_1_percent,A_all,hist_gradient,development|ETH/USDT|2023-04-29T23:00:00+00:00,0.2987578044699319
1,return_above_1_percent,A_all,hist_gradient,development|BTC/USDT|2023-04-30T18:00:00+00:00,0.2616266247988247
1,return_above_1_percent,A_all,hist_gradient,development|ETH/USDT|2023-05-02T23:00:00+00:00,0.3022308470011423
1,return_above_1_percent,A_all,hist_gradient,development|BTC/USDT|2023-05-03T02:00:00+00:00,0.24052087918274717
1,return_above_1_percent,A_all,hist_gradient,development|BTC/USDT|2023-05-10T13:00:00+00:00,0.22591250962972811
1,return_above_1_percent,A_all,hist_gradient,development|ETH/USDT|2023-05-10T13:00:00+00:00,0.22591250962972811
1,return_above_1_percent,A_all,hist_gradient,development|ETH/USDT|2023-05-13T09:00:00+00:00,0.27880997874143737
1,return_above_1_percent,A_all,hist_gradient,development|BTC/USDT|2023-05-13T14:00:00+00:00,0.2885734057873696
1,return_above_1_percent,A_all,hist_gradient,development|BTC/USDT|2023-05-18T04:00:00+00:00,0.19225380435019995
1,return_above_1_percent,A_all,hist_gradient,development|ETH/USDT|2023-05-18T09:00:00+00:00,0.39512094867736314
1,return_above_1_percent,A_all,hist_gradient,development|ETH/USDT|2023-05-20T03:00:00+00:00,0.39512094867736314
1,return_above_1_percent,A_all,hist_gradient,development|BTC/USDT|2023-05-20T16:00:00+00:00,0.34330104348880985
1,return_above_1_percent,A_all,hist_gradient,development|ETH/USDT|2023-05-22T22:00:00+00:00,0.39512094867736314
1,return_above_1_percent,A_all,hist_gradient,development|BTC/USDT|2023-05-23T04:00:00+00:00,0.22591250962972811
1,return_above_1_percent,A_all,hist_gradient,development|ETH/USDT|2023-05-26T05:00:00+00:00,0.33774941058982444
1,return_above_1_percent,A_all,hist_gradient,development|BTC/USDT|2023-05-26T07:00:00+00:00,0.26048334740971085
1,return_above_1_percent,A_all,hist_gradient,development|ETH/USDT|2023-06-02T04:00:00+00:00,0.3022308470011423
1,return_above_1_percent,A_all,hist_gradient,development|BTC/USDT|2023-06-02T12:00:00+00:00,0.24052087918274717
1,return_above_1_percent,A_all,hist_gradient,development|BTC/USDT|2023-06-04T21:00:00+00:00,0.34330104348880985
1,return_above_1_percent,A_all,hist_gradient,development|ETH/USDT|2023-06-04T21:00:00+00:00,0.39512094867736314
1,return_above_1_percent,A_all,hist_gradient,development|ETH/USDT|2023-06-07T01:00:00+00:00,0.32693389787900645
1,return_above_1_percent,A_all,hist_gradient,development|BTC/USDT|2023-06-07T02:00:00+00:00,0.2649317781358046
1,return_above_1_percent,A_all,hist_gradient,development|BTC/USDT|2023-06-09T07:00:00+00:00,0.39512094867736314
1,return_above_1_percent,A_all,hist_gradient,development|ETH/USDT|2023-06-09T14:00:00+00:00,0.2885734057873696
1,return_above_1_percent,A_all,hist_gradient,development|BTC/USDT|2023-06-12T01:00:00+00:00,0.25795620774676825
1,return_above_1_percent,A_all,hist_gradient,development|ETH/USDT|2023-06-12T06:00:00+00:00,0.3763121973109999
1,return_above_1_percent,A_all,hist_gradient,development|ETH/USDT|2023-06-13T21:00:00+00:00,0.41760105956374605
1,return_above_1_percent,A_all,hist_gradient,development|ETH/USDT|2023-06-14T14:00:00+00:00,0.2950761852727555
1,return_above_1_percent,A_all,hist_gradient,development|BTC/USDT|2023-06-14T19:00:00+00:00,0.2950761852727555
1,return_above_1_percent,A_all,hist_gradient,development|BTC/USDT|2023-06-16T10:00:00+00:00,0.19834705223481422
1,return_above_1_percent,A_all,hist_gradient,development|ETH/USDT|2023-06-16T15:00:00+00:00,0.2950761852727555
1,return_above_1_percent,A_all,hist_gradient,development|BTC/USDT|2023-06-19T23:00:00+00:00,0.2649317781358046
1,return_above_1_percent,A_all,hist_gradient,development|ETH/USDT|2023-06-20T12:00:00+00:00,0.305504817772682
1,return_above_1_percent,A_all,hist_gradient,development|BTC/USDT|2023-06-23T16:00:00+00:00,0.22105718898926646
1,return_above_1_percent,A_all,hist_gradient,development|ETH/USDT|2023-06-24T04:00:00+00:00,0.27660002034973624
1,return_above_1_percent,A_all,hist_gradient,development|BTC/USDT|2023-06-25T12:00:00+00:00,0.2120432751385322
1,return_above_1_percent,A_all,hist_gradient,development|ETH/USDT|2023-06-25T12:00:00+00:00,0.1738306808091902
1,return_above_1_percent,A_all,hist_gradient,development|BTC/USDT|2023-06-25T20:00:00+00:00,0.2994338720054178
1,return_above_1_percent,A_all,hist_gradient,development|BTC/USDT|2023-06-27T15:00:00+00:00,0.20467282976083992
1,return_above_1_percent,A_all,hist_gradient,development|ETH/USDT|2023-06-27T20:00:00+00:00,0.3028343539170068
1,return_above_1_percent,A_all,hist_gradient,development|BTC/USDT|2023-06-29T20:00:00+00:00,0.2432206597192922
1,return_above_1_percent,A_all,hist_gradient,development|ETH/USDT|2023-06-30T01:00:00+00:00,0.3434235086727918
1,return_above_1_percent,B_reduced,dummy,development|BTC/USDT|2023-04-01T04:00:00+00:00,0.26
1,return_above_1_percent,B_reduced,dummy,development|ETH/USDT|2023-04-04T02:00:00+00:00,0.26
1,return_above_1_percent,B_reduced,dummy,development|BTC/USDT|2023-04-04T18:00:00+00:00,0.26
1,return_above_1_percent,B_reduced,dummy,development|BTC/USDT|2023-04-08T11:00:00+00:00,0.26
1,return_above_1_percent,B_reduced,dummy,development|ETH/USDT|2023-04-08T15:00:00+00:00,0.26
1,return_above_1_percent,B_reduced,dummy,development|BTC/USDT|2023-04-09T23:00:00+00:00,0.26
1,return_above_1_percent,B_reduced,dummy,development|ETH/USDT|2023-04-10T10:00:00+00:00,0.26
1,return_above_1_percent,B_reduced,dummy,development|ETH/USDT|2023-04-13T05:00:00+00:00,0.26
1,return_above_1_percent,B_reduced,dummy,development|BTC/USDT|2023-04-13T15:00:00+00:00,0.26
1,return_above_1_percent,B_reduced,dummy,development|ETH/USDT|2023-04-16T20:00:00+00:00,0.26
1,return_above_1_percent,B_reduced,dummy,development|BTC/USDT|2023-04-18T19:00:00+00:00,0.26
1,return_above_1_percent,B_reduced,dummy,development|ETH/USDT|2023-04-18T21:00:00+00:00,0.26
1,return_above_1_percent,B_reduced,dummy,development|BTC/USDT|2023-04-23T09:00:00+00:00,0.26
1,return_above_1_percent,B_reduced,dummy,development|ETH/USDT|2023-04-23T12:00:00+00:00,0.26
1,return_above_1_percent,B_reduced,dummy,development|BTC/USDT|2023-04-25T23:00:00+00:00,0.26
1,return_above_1_percent,B_reduced,dummy,development|ETH/USDT|2023-04-26T04:00:00+00:00,0.26
1,return_above_1_percent,B_reduced,dummy,development|BTC/USDT|2023-04-29T10:00:00+00:00,0.26
1,return_above_1_percent,B_reduced,dummy,development|ETH/USDT|2023-04-29T23:00:00+00:00,0.26
1,return_above_1_percent,B_reduced,dummy,development|BTC/USDT|2023-04-30T18:00:00+00:00,0.26
1,return_above_1_percent,B_reduced,dummy,development|ETH/USDT|2023-05-02T23:00:00+00:00,0.26
1,return_above_1_percent,B_reduced,dummy,development|BTC/USDT|2023-05-03T02:00:00+00:00,0.26
1,return_above_1_percent,B_reduced,dummy,development|BTC/USDT|2023-05-10T13:00:00+00:00,0.26
1,return_above_1_percent,B_reduced,dummy,development|ETH/USDT|2023-05-10T13:00:00+00:00,0.26
1,return_above_1_percent,B_reduced,dummy,development|ETH/USDT|2023-05-13T09:00:00+00:00,0.26
1,return_above_1_percent,B_reduced,dummy,development|BTC/USDT|2023-05-13T14:00:00+00:00,0.26
1,return_above_1_percent,B_reduced,dummy,development|BTC/USDT|2023-05-18T04:00:00+00:00,0.26
1,return_above_1_percent,B_reduced,dummy,development|ETH/USDT|2023-05-18T09:00:00+00:00,0.26
1,return_above_1_percent,B_reduced,dummy,development|ETH/USDT|2023-05-20T03:00:00+00:00,0.26
1,return_above_1_percent,B_reduced,dummy,development|BTC/USDT|2023-05-20T16:00:00+00:00,0.26
1,return_above_1_percent,B_reduced,dummy,development|ETH/USDT|2023-05-22T22:00:00+00:00,0.26
1,return_above_1_percent,B_reduced,dummy,development|BTC/USDT|2023-05-23T04:00:00+00:00,0.26
1,return_above_1_percent,B_reduced,dummy,development|ETH/USDT|2023-05-26T05:00:00+00:00,0.26
1,return_above_1_percent,B_reduced,dummy,development|BTC/USDT|2023-05-26T07:00:00+00:00,0.26
1,return_above_1_percent,B_reduced,dummy,development|ETH/USDT|2023-06-02T04:00:00+00:00,0.26
1,return_above_1_percent,B_reduced,dummy,development|BTC/USDT|2023-06-02T12:00:00+00:00,0.26
1,return_above_1_percent,B_reduced,dummy,development|BTC/USDT|2023-06-04T21:00:00+00:00,0.26
1,return_above_1_percent,B_reduced,dummy,development|ETH/USDT|2023-06-04T21:00:00+00:00,0.26
1,return_above_1_percent,B_reduced,dummy,development|ETH/USDT|2023-06-07T01:00:00+00:00,0.26
1,return_above_1_percent,B_reduced,dummy,development|BTC/USDT|2023-06-07T02:00:00+00:00,0.26
1,return_above_1_percent,B_reduced,dummy,development|BTC/USDT|2023-06-09T07:00:00+00:00,0.26
1,return_above_1_percent,B_reduced,dummy,development|ETH/USDT|2023-06-09T14:00:00+00:00,0.26
1,return_above_1_percent,B_reduced,dummy,development|BTC/USDT|2023-06-12T01:00:00+00:00,0.26
1,return_above_1_percent,B_reduced,dummy,development|ETH/USDT|2023-06-12T06:00:00+00:00,0.26
1,return_above_1_percent,B_reduced,dummy,development|ETH/USDT|2023-06-13T21:00:00+00:00,0.26
1,return_above_1_percent,B_reduced,dummy,development|ETH/USDT|2023-06-14T14:00:00+00:00,0.26
1,return_above_1_percent,B_reduced,dummy,development|BTC/USDT|2023-06-14T19:00:00+00:00,0.26
1,return_above_1_percent,B_reduced,dummy,development|BTC/USDT|2023-06-16T10:00:00+00:00,0.26
1,return_above_1_percent,B_reduced,dummy,development|ETH/USDT|2023-06-16T15:00:00+00:00,0.26
1,return_above_1_percent,B_reduced,dummy,development|BTC/USDT|2023-06-19T23:00:00+00:00,0.26
1,return_above_1_percent,B_reduced,dummy,development|ETH/USDT|2023-06-20T12:00:00+00:00,0.26
1,return_above_1_percent,B_reduced,dummy,development|BTC/USDT|2023-06-23T16:00:00+00:00,0.26
1,return_above_1_percent,B_reduced,dummy,development|ETH/USDT|2023-06-24T04:00:00+00:00,0.26
1,return_above_1_percent,B_reduced,dummy,development|BTC/USDT|2023-06-25T12:00:00+00:00,0.26
1,return_above_1_percent,B_reduced,dummy,development|ETH/USDT|2023-06-25T12:00:00+00:00,0.26
1,return_above_1_percent,B_reduced,dummy,development|BTC/USDT|2023-06-25T20:00:00+00:00,0.26
1,return_above_1_percent,B_reduced,dummy,development|BTC/USDT|2023-06-27T15:00:00+00:00,0.26
1,return_above_1_percent,B_reduced,dummy,development|ETH/USDT|2023-06-27T20:00:00+00:00,0.26
1,return_above_1_percent,B_reduced,dummy,development|BTC/USDT|2023-06-29T20:00:00+00:00,0.26
1,return_above_1_percent,B_reduced,dummy,development|ETH/USDT|2023-06-30T01:00:00+00:00,0.26
1,return_above_1_percent,B_reduced,logistic,development|BTC/USDT|2023-04-01T04:00:00+00:00,0.1704557205794909
1,return_above_1_percent,B_reduced,logistic,development|ETH/USDT|2023-04-04T02:00:00+00:00,0.4266797303819215
1,return_above_1_percent,B_reduced,logistic,development|BTC/USDT|2023-04-04T18:00:00+00:00,0.07447845019678344
1,return_above_1_percent,B_reduced,logistic,development|BTC/USDT|2023-04-08T11:00:00+00:00,0.10980859151309737
1,return_above_1_percent,B_reduced,logistic,development|ETH/USDT|2023-04-08T15:00:00+00:00,0.23670593985190935
1,return_above_1_percent,B_reduced,logistic,development|BTC/USDT|2023-04-09T23:00:00+00:00,0.19773942157319868
1,return_above_1_percent,B_reduced,logistic,development|ETH/USDT|2023-04-10T10:00:00+00:00,0.3013012591277776
1,return_above_1_percent,B_reduced,logistic,development|ETH/USDT|2023-04-13T05:00:00+00:00,0.3620081315732092
1,return_above_1_percent,B_reduced,logistic,development|BTC/USDT|2023-04-13T15:00:00+00:00,0.15473621586958844
1,return_above_1_percent,B_reduced,logistic,development|ETH/USDT|2023-04-16T20:00:00+00:00,0.38981814191763065
1,return_above_1_percent,B_reduced,logistic,development|BTC/USDT|2023-04-18T19:00:00+00:00,0.20910216699621625
1,return_above_1_percent,B_reduced,logistic,development|ETH/USDT|2023-04-18T21:00:00+00:00,0.2387800109082655
1,return_above_1_percent,B_reduced,logistic,development|BTC/USDT|2023-04-23T09:00:00+00:00,0.4595124952208953
1,return_above_1_percent,B_reduced,logistic,development|ETH/USDT|2023-04-23T12:00:00+00:00,0.2421054704476227
1,return_above_1_percent,B_reduced,logistic,development|BTC/USDT|2023-04-25T23:00:00+00:00,0.4055258783674609
1,return_above_1_percent,B_reduced,logistic,development|ETH/USDT|2023-04-26T04:00:00+00:00,0.20871705349365985
1,return_above_1_percent,B_reduced,logistic,development|BTC/USDT|2023-04-29T10:00:00+00:00,0.20633557494332616
1,return_above_1_percent,B_reduced,logistic,development|ETH/USDT|2023-04-29T23:00:00+00:00,0.1445769918093156
1,return_above_1_percent,B_reduced,logistic,development|BTC/USDT|2023-04-30T18:00:00+00:00,0.1665156720972126
1,return_above_1_percent,B_reduced,logistic,development|ETH/USDT|2023-05-02T23:00:00+00:00,0.14375933879184377
1,return_above_1_percent,B_reduced,logistic,development|BTC/USDT|2023-05-03T02:00:00+00:00,0.1722657373811665
1,return_above_1_percent,B_reduced,logistic,development|BTC/USDT|2023-05-10T13:00:00+00:00,0.3681036269959806
1,return_above_1_percent,B_reduced,logistic,development|ETH/USDT|2023-05-10T13:00:00+00:00,0.33355547388737083
1,return_above_1_percent,B_reduced,logistic,development|ETH/USDT|2023-05-13T09:00:00+00:00,0.2153642619909158
1,return_above_1_percent,B_reduced,logistic,development|BTC/USDT|2023-05-13T14:00:00+00:00,0.27381059844201133
1,return_above_1_percent,B_reduced,logistic,development|BTC/USDT|2023-05-18T04:00:00+00:00,0.18668486955829355
1,return_above_1_percent,B_reduced,logistic,development|ETH/USDT|2023-05-18T09:00:00+00:00,0.33865471034197814
1,return_above_1_percent,B_reduced,logistic,development|ETH/USDT|2023-05-20T03:00:00+00:00,0.16191569793463387
1,return_above_1_percent,B_reduced,logistic,development|BTC/USDT|2023-05-20T16:00:00+00:00,0.20839804122304056
1,return_above_1_percent,B_reduced,logistic,development|ETH/USDT|2023-05-22T22:00:00+00:00,0.22157561569680895
1,return_above_1_percent,B_reduced,logistic,development|BTC/USDT|2023-05-23T04:00:00+00:00,0.2442970386209424
1,return_above_1_percent,B_reduced,logistic,development|ETH/USDT|2023-05-26T05:00:00+00:00,0.3515583850832531
1,return_above_1_percent,B_reduced,logistic,development|BTC/USDT|2023-05-26T07:00:00+00:00,0.2198156161718974
1,return_above_1_percent,B_reduced,logistic,development|ETH/USDT|2023-06-02T04:00:00+00:00,0.4967529915385073
1,return_above_1_percent,B_reduced,logistic,development|BTC/USDT|2023-06-02T12:00:00+00:00,0.2769883963769391
1,return_above_1_percent,B_reduced,logistic,development|BTC/USDT|2023-06-04T21:00:00+00:00,0.13493159900623863
1,return_above_1_percent,B_reduced,logistic,development|ETH/USDT|2023-06-04T21:00:00+00:00,0.23297523131494233
1,return_above_1_percent,B_reduced,logistic,development|ETH/USDT|2023-06-07T01:00:00+00:00,0.3055795178665605
1,return_above_1_percent,B_reduced,logistic,development|BTC/USDT|2023-06-07T02:00:00+00:00,0.09919956310406666
1,return_above_1_percent,B_reduced,logistic,development|BTC/USDT|2023-06-09T07:00:00+00:00,0.29262145084129554
1,return_above_1_percent,B_reduced,logistic,development|ETH/USDT|2023-06-09T14:00:00+00:00,0.23189087284987736
1,return_above_1_percent,B_reduced,logistic,development|BTC/USDT|2023-06-12T01:00:00+00:00,0.31101843598934237
1,return_above_1_percent,B_reduced,logistic,development|ETH/USDT|2023-06-12T06:00:00+00:00,0.5803410734771357
1,return_above_1_percent,B_reduced,logistic,development|ETH/USDT|2023-06-13T21:00:00+00:00,0.4837208504043934
1,return_above_1_percent,B_reduced,logistic,development|ETH/USDT|2023-06-14T14:00:00+00:00,0.15746701294899065
1,return_above_1_percent,B_reduced,logistic,development|BTC/USDT|2023-06-14T19:00:00+00:00,0.3344877369836085
1,return_above_1_percent,B_reduced,logistic,development|BTC/USDT|2023-06-16T10:00:00+00:00,0.1359331573524504
1,return_above_1_percent,B_reduced,logistic,development|ETH/USDT|2023-06-16T15:00:00+00:00,0.42413875630338005
1,return_above_1_percent,B_reduced,logistic,development|BTC/USDT|2023-06-19T23:00:00+00:00,0.3879943417085867
1,return_above_1_percent,B_reduced,logistic,development|ETH/USDT|2023-06-20T12:00:00+00:00,0.16410745596520182
1,return_above_1_percent,B_reduced,logistic,development|BTC/USDT|2023-06-23T16:00:00+00:00,0.23160898918203854
1,return_above_1_percent,B_reduced,logistic,development|ETH/USDT|2023-06-24T04:00:00+00:00,0.4886569577055233
1,return_above_1_percent,B_reduced,logistic,development|BTC/USDT|2023-06-25T12:00:00+00:00,0.09749253962970343
1,return_above_1_percent,B_reduced,logistic,development|ETH/USDT|2023-06-25T12:00:00+00:00,0.12237984350803469
1,return_above_1_percent,B_reduced,logistic,development|BTC/USDT|2023-06-25T20:00:00+00:00,0.17069686339425694
1,return_above_1_percent,B_reduced,logistic,development|BTC/USDT|2023-06-27T15:00:00+00:00,0.09527193246499413
1,return_above_1_percent,B_reduced,logistic,development|ETH/USDT|2023-06-27T20:00:00+00:00,0.14017196930856893
1,return_above_1_percent,B_reduced,logistic,development|BTC/USDT|2023-06-29T20:00:00+00:00,0.1764241444558995
1,return_above_1_percent,B_reduced,logistic,development|ETH/USDT|2023-06-30T01:00:00+00:00,0.45311243369305065
1,return_above_1_percent,B_reduced,forest,development|BTC/USDT|2023-04-01T04:00:00+00:00,0.24792409622541187
1,return_above_1_percent,B_reduced,forest,development|ETH/USDT|2023-04-04T02:00:00+00:00,0.3969272585687447
1,return_above_1_percent,B_reduced,forest,development|BTC/USDT|2023-04-04T18:00:00+00:00,0.23142509866294678
1,return_above_1_percent,B_reduced,forest,development|BTC/USDT|2023-04-08T11:00:00+00:00,0.34187931395230114
1,return_above_1_percent,B_reduced,forest,development|ETH/USDT|2023-04-08T15:00:00+00:00,0.40129817360142456
1,return_above_1_percent,B_reduced,forest,development|BTC/USDT|2023-04-09T23:00:00+00:00,0.2943924486933772
1,return_above_1_percent,B_reduced,forest,development|ETH/USDT|2023-04-10T10:00:00+00:00,0.4030963762158036
1,return_above_1_percent,B_reduced,forest,development|ETH/USDT|2023-04-13T05:00:00+00:00,0.24533637692716626
1,return_above_1_percent,B_reduced,forest,development|BTC/USDT|2023-04-13T15:00:00+00:00,0.15465166032797614
1,return_above_1_percent,B_reduced,forest,development|ETH/USDT|2023-04-16T20:00:00+00:00,0.2158297649031394
1,return_above_1_percent,B_reduced,forest,development|BTC/USDT|2023-04-18T19:00:00+00:00,0.19579096619754505
1,return_above_1_percent,B_reduced,forest,development|ETH/USDT|2023-04-18T21:00:00+00:00,0.3647445530303887
1,return_above_1_percent,B_reduced,forest,development|BTC/USDT|2023-04-23T09:00:00+00:00,0.39950865691755794
1,return_above_1_percent,B_reduced,forest,development|ETH/USDT|2023-04-23T12:00:00+00:00,0.34836026510469204
1,return_above_1_percent,B_reduced,forest,development|BTC/USDT|2023-04-25T23:00:00+00:00,0.21820453998186182
1,return_above_1_percent,B_reduced,forest,development|ETH/USDT|2023-04-26T04:00:00+00:00,0.2460504261218656
1,return_above_1_percent,B_reduced,forest,development|BTC/USDT|2023-04-29T10:00:00+00:00,0.33120420259994526
1,return_above_1_percent,B_reduced,forest,development|ETH/USDT|2023-04-29T23:00:00+00:00,0.3475023789677812
1,return_above_1_percent,B_reduced,forest,development|BTC/USDT|2023-04-30T18:00:00+00:00,0.22735268371978878
1,return_above_1_percent,B_reduced,forest,development|ETH/USDT|2023-05-02T23:00:00+00:00,0.16279068504594815
1,return_above_1_percent,B_reduced,forest,development|BTC/USDT|2023-05-03T02:00:00+00:00,0.2509399434672652
1,return_above_1_percent,B_reduced,forest,development|BTC/USDT|2023-05-10T13:00:00+00:00,0.2199791690765373
1,return_above_1_percent,B_reduced,forest,development|ETH/USDT|2023-05-10T13:00:00+00:00,0.24845673317910133
1,return_above_1_percent,B_reduced,forest,development|ETH/USDT|2023-05-13T09:00:00+00:00,0.23368705256731556
1,return_above_1_percent,B_reduced,forest,development|BTC/USDT|2023-05-13T14:00:00+00:00,0.3614324516041233
1,return_above_1_percent,B_reduced,forest,development|BTC/USDT|2023-05-18T04:00:00+00:00,0.13120110000938168
1,return_above_1_percent,B_reduced,forest,development|ETH/USDT|2023-05-18T09:00:00+00:00,0.3994823411280843
1,return_above_1_percent,B_reduced,forest,development|ETH/USDT|2023-05-20T03:00:00+00:00,0.39460734112808427
1,return_above_1_percent,B_reduced,forest,development|BTC/USDT|2023-05-20T16:00:00+00:00,0.3592674718470382
1,return_above_1_percent,B_reduced,forest,development|ETH/USDT|2023-05-22T22:00:00+00:00,0.3978091385137052
1,return_above_1_percent,B_reduced,forest,development|BTC/USDT|2023-05-23T04:00:00+00:00,0.205895792743548
1,return_above_1_percent,B_reduced,forest,development|ETH/USDT|2023-05-26T05:00:00+00:00,0.2984043827517508
1,return_above_1_percent,B_reduced,forest,development|BTC/USDT|2023-05-26T07:00:00+00:00,0.35324180105240444
1,return_above_1_percent,B_reduced,forest,development|ETH/USDT|2023-06-02T04:00:00+00:00,0.28212368099736485
1,return_above_1_percent,B_reduced,forest,development|BTC/USDT|2023-06-02T12:00:00+00:00,0.25055135557596836
1,return_above_1_percent,B_reduced,forest,development|BTC/USDT|2023-06-04T21:00:00+00:00,0.36150650693475744
1,return_above_1_percent,B_reduced,forest,development|ETH/USDT|2023-06-04T21:00:00+00:00,0.39576747184703853
1,return_above_1_percent,B_reduced,forest,development|ETH/USDT|2023-06-07T01:00:00+00:00,0.2251474794383462
1,return_above_1_percent,B_reduced,forest,development|BTC/USDT|2023-06-07T02:00:00+00:00,0.21564747943834622
1,return_above_1_percent,B_reduced,forest,development|BTC/USDT|2023-06-09T07:00:00+00:00,0.39041904563444824
1,return_above_1_percent,B_reduced,forest,development|ETH/USDT|2023-06-09T14:00:00+00:00,0.4009648402680912
1,return_above_1_percent,B_reduced,forest,development|BTC/USDT|2023-06-12T01:00:00+00:00,0.2930478726038321
1,return_above_1_percent,B_reduced,forest,development|ETH/USDT|2023-06-12T06:00:00+00:00,0.40444742540741
1,return_above_1_percent,B_reduced,forest,development|ETH/USDT|2023-06-13T21:00:00+00:00,0.4123232424008741
1,return_above_1_percent,B_reduced,forest,development|ETH/USDT|2023-06-14T14:00:00+00:00,0.36675650693475753
1,return_above_1_percent,B_reduced,forest,development|BTC/USDT|2023-06-14T19:00:00+00:00,0.3647148402680908
1,return_above_1_percent,B_reduced,forest,development|BTC/USDT|2023-06-16T10:00:00+00:00,0.28952447086796895
1,return_above_1_percent,B_reduced,forest,development|ETH/USDT|2023-06-16T15:00:00+00:00,0.3613929448432542
1,return_above_1_percent,B_reduced,forest,development|BTC/USDT|2023-06-19T23:00:00+00:00,0.22642599813327358
1,return_above_1_percent,B_reduced,forest,development|ETH/USDT|2023-06-20T12:00:00+00:00,0.35066289668363937
1,return_above_1_percent,B_reduced,forest,development|BTC/USDT|2023-06-23T16:00:00+00:00,0.1338868155236576
1,return_above_1_percent,B_reduced,forest,development|ETH/USDT|2023-06-24T04:00:00+00:00,0.33032485963468905
1,return_above_1_percent,B_reduced,forest,development|BTC/USDT|2023-06-25T12:00:00+00:00,0.22629729685519137
1,return_above_1_percent,B_reduced,forest,development|ETH/USDT|2023-06-25T12:00:00+00:00,0.11838655752572158
1,return_above_1_percent,B_reduced,forest,development|BTC/USDT|2023-06-25T20:00:00+00:00,0.33693012279258366
1,return_above_1_percent,B_reduced,forest,development|BTC/USDT|2023-06-27T15:00:00+00:00,0.18630848690353324
1,return_above_1_percent,B_reduced,forest,development|ETH/USDT|2023-06-27T20:00:00+00:00,0.3023812489368214
1,return_above_1_percent,B_reduced,forest,development|BTC/USDT|2023-06-29T20:00:00+00:00,0.25725676493269345
1,return_above_1_percent,B_reduced,forest,development|ETH/USDT|2023-06-30T01:00:00+00:00,0.40213146393510185
1,return_above_1_percent,B_reduced,hist_gradient,development|BTC/USDT|2023-04-01T04:00:00+00:00,0.321758398241211
1,return_above_1_percent,B_reduced,hist_gradient,development|ETH/USDT|2023-04-04T02:00:00+00:00,0.3087350341441236
1,return_above_1_percent,B_reduced,hist_gradient,development|BTC/USDT|2023-04-04T18:00:00+00:00,0.1720322813732463
1,return_above_1_percent,B_reduced,hist_gradient,development|BTC/USDT|2023-04-08T11:00:00+00:00,0.3244715871153621
1,return_above_1_percent,B_reduced,hist_gradient,development|ETH/USDT|2023-04-08T15:00:00+00:00,0.374985024589412
1,return_above_1_percent,B_reduced,hist_gradient,development|BTC/USDT|2023-04-09T23:00:00+00:00,0.28217417283328244
1,return_above_1_percent,B_reduced,hist_gradient,development|ETH/USDT|2023-04-10T10:00:00+00:00,0.374985024589412
1,return_above_1_percent,B_reduced,hist_gradient,development|ETH/USDT|2023-04-13T05:00:00+00:00,0.321758398241211
1,return_above_1_percent,B_reduced,hist_gradient,development|BTC/USDT|2023-04-13T15:00:00+00:00,0.1695390949265062
1,return_above_1_percent,B_reduced,hist_gradient,development|ETH/USDT|2023-04-16T20:00:00+00:00,0.23712341100546586
1,return_above_1_percent,B_reduced,hist_gradient,development|BTC/USDT|2023-04-18T19:00:00+00:00,0.1933453177272712
1,return_above_1_percent,B_reduced,hist_gradient,development|ETH/USDT|2023-04-18T21:00:00+00:00,0.26338519655024745
1,return_above_1_percent,B_reduced,hist_gradient,development|BTC/USDT|2023-04-23T09:00:00+00:00,0.374985024589412
1,return_above_1_percent,B_reduced,hist_gradient,development|ETH/USDT|2023-04-23T12:00:00+00:00,0.2366161698700002
1,return_above_1_percent,B_reduced,hist_gradient,development|BTC/USDT|2023-04-25T23:00:00+00:00,0.23712341100546586
1,return_above_1_percent,B_reduced,hist_gradient,development|ETH/USDT|2023-04-26T04:00:00+00:00,0.28217417283328244
1,return_above_1_percent,B_reduced,hist_gradient,development|BTC/USDT|2023-04-29T10:00:00+00:00,0.27275629633848075
1,return_above_1_percent,B_reduced,hist_gradient,development|ETH/USDT|2023-04-29T23:00:00+00:00,0.2902139929989751
1,return_above_1_percent,B_reduced,hist_gradient,development|BTC/USDT|2023-04-30T18:00:00+00:00,0.23712341100546586
1,return_above_1_percent,B_reduced,hist_gradient,development|ETH/USDT|2023-05-02T23:00:00+00:00,0.29390761109643226
1,return_above_1_percent,B_reduced,hist_gradient,development|BTC/USDT|2023-05-03T02:00:00+00:00,0.2641389478833506
1,return_above_1_percent,B_reduced,hist_gradient,development|BTC/USDT|2023-05-10T13:00:00+00:00,0.21173396384626286
1,return_above_1_percent,B_reduced,hist_gradient,development|ETH/USDT|2023-05-10T13:00:00+00:00,0.21173396384626286
1,return_above_1_percent,B_reduced,hist_gradient,development|ETH/USDT|2023-05-13T09:00:00+00:00,0.24355858054338234
1,return_above_1_percent,B_reduced,hist_gradient,development|BTC/USDT|2023-05-13T14:00:00+00:00,0.374985024589412
1,return_above_1_percent,B_reduced,hist_gradient,development|BTC/USDT|2023-05-18T04:00:00+00:00,0.2257323028273733
1,return_above_1_percent,B_reduced,hist_gradient,development|ETH/USDT|2023-05-18T09:00:00+00:00,0.374985024589412
1,return_above_1_percent,B_reduced,hist_gradient,development|ETH/USDT|2023-05-20T03:00:00+00:00,0.374985024589412
1,return_above_1_percent,B_reduced,hist_gradient,development|BTC/USDT|2023-05-20T16:00:00+00:00,0.3244715871153621
1,return_above_1_percent,B_reduced,hist_gradient,development|ETH/USDT|2023-05-22T22:00:00+00:00,0.374985024589412
1,return_above_1_percent,B_reduced,hist_gradient,development|BTC/USDT|2023-05-23T04:00:00+00:00,0.21173396384626286
1,return_above_1_percent,B_reduced,hist_gradient,development|ETH/USDT|2023-05-26T05:00:00+00:00,0.2641389478833506
1,return_above_1_percent,B_reduced,hist_gradient,development|BTC/USDT|2023-05-26T07:00:00+00:00,0.2366161698700002
1,return_above_1_percent,B_reduced,hist_gradient,development|ETH/USDT|2023-06-02T04:00:00+00:00,0.2971388338185568
1,return_above_1_percent,B_reduced,hist_gradient,development|BTC/USDT|2023-06-02T12:00:00+00:00,0.2641389478833506
1,return_above_1_percent,B_reduced,hist_gradient,development|BTC/USDT|2023-06-04T21:00:00+00:00,0.3244715871153621
1,return_above_1_percent,B_reduced,hist_gradient,development|ETH/USDT|2023-06-04T21:00:00+00:00,0.374985024589412
1,return_above_1_percent,B_reduced,hist_gradient,development|ETH/USDT|2023-06-07T01:00:00+00:00,0.32465834489852047
1,return_above_1_percent,B_reduced,hist_gradient,development|BTC/USDT|2023-06-07T02:00:00+00:00,0.32465834489852047
1,return_above_1_percent,B_reduced,hist_gradient,development|BTC/USDT|2023-06-09T07:00:00+00:00,0.374985024589412
1,return_above_1_percent,B_reduced,hist_gradient,development|ETH/USDT|2023-06-09T14:00:00+00:00,0.374985024589412
1,return_above_1_percent,B_reduced,hist_gradient,development|BTC/USDT|2023-06-12T01:00:00+00:00,0.292422789876189
1,return_above_1_percent,B_reduced,hist_gradient,development|ETH/USDT|2023-06-12T06:00:00+00:00,0.37452712579546404
1,return_above_1_percent,B_reduced,hist_gradient,development|ETH/USDT|2023-06-13T21:00:00+00:00,0.40854837269789496
1,return_above_1_percent,B_reduced,hist_gradient,development|ETH/USDT|2023-06-14T14:00:00+00:00,0.26338519655024745
1,return_above_1_percent,B_reduced,hist_gradient,development|BTC/USDT|2023-06-14T19:00:00+00:00,0.26338519655024745
1,return_above_1_percent,B_reduced,hist_gradient,development|BTC/USDT|2023-06-16T10:00:00+00:00,0.271925950661076
1,return_above_1_percent,B_reduced,hist_gradient,development|ETH/USDT|2023-06-16T15:00:00+00:00,0.26338519655024745
1,return_above_1_percent,B_reduced,hist_gradient,development|BTC/USDT|2023-06-19T23:00:00+00:00,0.32465834489852047
1,return_above_1_percent,B_reduced,hist_gradient,development|ETH/USDT|2023-06-20T12:00:00+00:00,0.29397178715806965
1,return_above_1_percent,B_reduced,hist_gradient,development|BTC/USDT|2023-06-23T16:00:00+00:00,0.22071085298958418
1,return_above_1_percent,B_reduced,hist_gradient,development|ETH/USDT|2023-06-24T04:00:00+00:00,0.26878205560020757
1,return_above_1_percent,B_reduced,hist_gradient,development|BTC/USDT|2023-06-25T12:00:00+00:00,0.14969659153554302
1,return_above_1_percent,B_reduced,hist_gradient,development|ETH/USDT|2023-06-25T12:00:00+00:00,0.1948157997360474
1,return_above_1_percent,B_reduced,hist_gradient,development|BTC/USDT|2023-06-25T20:00:00+00:00,0.27525731028478806
1,return_above_1_percent,B_reduced,hist_gradient,development|BTC/USDT|2023-06-27T15:00:00+00:00,0.23656031963201402
1,return_above_1_percent,B_reduced,hist_gradient,development|ETH/USDT|2023-06-27T20:00:00+00:00,0.3404614853501578
1,return_above_1_percent,B_reduced,hist_gradient,development|BTC/USDT|2023-06-29T20:00:00+00:00,0.2971388338185568
1,return_above_1_percent,B_reduced,hist_gradient,development|ETH/USDT|2023-06-30T01:00:00+00:00,0.3087350341441236
1,return_above_1_percent,C_price,dummy,development|BTC/USDT|2023-04-01T04:00:00+00:00,0.26
1,return_above_1_percent,C_price,dummy,development|ETH/USDT|2023-04-04T02:00:00+00:00,0.26
1,return_above_1_percent,C_price,dummy,development|BTC/USDT|2023-04-04T18:00:00+00:00,0.26
1,return_above_1_percent,C_price,dummy,development|BTC/USDT|2023-04-08T11:00:00+00:00,0.26
1,return_above_1_percent,C_price,dummy,development|ETH/USDT|2023-04-08T15:00:00+00:00,0.26
1,return_above_1_percent,C_price,dummy,development|BTC/USDT|2023-04-09T23:00:00+00:00,0.26
1,return_above_1_percent,C_price,dummy,development|ETH/USDT|2023-04-10T10:00:00+00:00,0.26
1,return_above_1_percent,C_price,dummy,development|ETH/USDT|2023-04-13T05:00:00+00:00,0.26
1,return_above_1_percent,C_price,dummy,development|BTC/USDT|2023-04-13T15:00:00+00:00,0.26
1,return_above_1_percent,C_price,dummy,development|ETH/USDT|2023-04-16T20:00:00+00:00,0.26
1,return_above_1_percent,C_price,dummy,development|BTC/USDT|2023-04-18T19:00:00+00:00,0.26
1,return_above_1_percent,C_price,dummy,development|ETH/USDT|2023-04-18T21:00:00+00:00,0.26
1,return_above_1_percent,C_price,dummy,development|BTC/USDT|2023-04-23T09:00:00+00:00,0.26
1,return_above_1_percent,C_price,dummy,development|ETH/USDT|2023-04-23T12:00:00+00:00,0.26
1,return_above_1_percent,C_price,dummy,development|BTC/USDT|2023-04-25T23:00:00+00:00,0.26
1,return_above_1_percent,C_price,dummy,development|ETH/USDT|2023-04-26T04:00:00+00:00,0.26
1,return_above_1_percent,C_price,dummy,development|BTC/USDT|2023-04-29T10:00:00+00:00,0.26
1,return_above_1_percent,C_price,dummy,development|ETH/USDT|2023-04-29T23:00:00+00:00,0.26
1,return_above_1_percent,C_price,dummy,development|BTC/USDT|2023-04-30T18:00:00+00:00,0.26
1,return_above_1_percent,C_price,dummy,development|ETH/USDT|2023-05-02T23:00:00+00:00,0.26
1,return_above_1_percent,C_price,dummy,development|BTC/USDT|2023-05-03T02:00:00+00:00,0.26
1,return_above_1_percent,C_price,dummy,development|BTC/USDT|2023-05-10T13:00:00+00:00,0.26
1,return_above_1_percent,C_price,dummy,development|ETH/USDT|2023-05-10T13:00:00+00:00,0.26
1,return_above_1_percent,C_price,dummy,development|ETH/USDT|2023-05-13T09:00:00+00:00,0.26
1,return_above_1_percent,C_price,dummy,development|BTC/USDT|2023-05-13T14:00:00+00:00,0.26
1,return_above_1_percent,C_price,dummy,development|BTC/USDT|2023-05-18T04:00:00+00:00,0.26
1,return_above_1_percent,C_price,dummy,development|ETH/USDT|2023-05-18T09:00:00+00:00,0.26
1,return_above_1_percent,C_price,dummy,development|ETH/USDT|2023-05-20T03:00:00+00:00,0.26
1,return_above_1_percent,C_price,dummy,development|BTC/USDT|2023-05-20T16:00:00+00:00,0.26
1,return_above_1_percent,C_price,dummy,development|ETH/USDT|2023-05-22T22:00:00+00:00,0.26
1,return_above_1_percent,C_price,dummy,development|BTC/USDT|2023-05-23T04:00:00+00:00,0.26
1,return_above_1_percent,C_price,dummy,development|ETH/USDT|2023-05-26T05:00:00+00:00,0.26
1,return_above_1_percent,C_price,dummy,development|BTC/USDT|2023-05-26T07:00:00+00:00,0.26
1,return_above_1_percent,C_price,dummy,development|ETH/USDT|2023-06-02T04:00:00+00:00,0.26
1,return_above_1_percent,C_price,dummy,development|BTC/USDT|2023-06-02T12:00:00+00:00,0.26
1,return_above_1_percent,C_price,dummy,development|BTC/USDT|2023-06-04T21:00:00+00:00,0.26
1,return_above_1_percent,C_price,dummy,development|ETH/USDT|2023-06-04T21:00:00+00:00,0.26
1,return_above_1_percent,C_price,dummy,development|ETH/USDT|2023-06-07T01:00:00+00:00,0.26
1,return_above_1_percent,C_price,dummy,development|BTC/USDT|2023-06-07T02:00:00+00:00,0.26
1,return_above_1_percent,C_price,dummy,development|BTC/USDT|2023-06-09T07:00:00+00:00,0.26
1,return_above_1_percent,C_price,dummy,development|ETH/USDT|2023-06-09T14:00:00+00:00,0.26
1,return_above_1_percent,C_price,dummy,development|BTC/USDT|2023-06-12T01:00:00+00:00,0.26
1,return_above_1_percent,C_price,dummy,development|ETH/USDT|2023-06-12T06:00:00+00:00,0.26
1,return_above_1_percent,C_price,dummy,development|ETH/USDT|2023-06-13T21:00:00+00:00,0.26
1,return_above_1_percent,C_price,dummy,development|ETH/USDT|2023-06-14T14:00:00+00:00,0.26
1,return_above_1_percent,C_price,dummy,development|BTC/USDT|2023-06-14T19:00:00+00:00,0.26
1,return_above_1_percent,C_price,dummy,development|BTC/USDT|2023-06-16T10:00:00+00:00,0.26
1,return_above_1_percent,C_price,dummy,development|ETH/USDT|2023-06-16T15:00:00+00:00,0.26
1,return_above_1_percent,C_price,dummy,development|BTC/USDT|2023-06-19T23:00:00+00:00,0.26
1,return_above_1_percent,C_price,dummy,development|ETH/USDT|2023-06-20T12:00:00+00:00,0.26
1,return_above_1_percent,C_price,dummy,development|BTC/USDT|2023-06-23T16:00:00+00:00,0.26
1,return_above_1_percent,C_price,dummy,development|ETH/USDT|2023-06-24T04:00:00+00:00,0.26
1,return_above_1_percent,C_price,dummy,development|BTC/USDT|2023-06-25T12:00:00+00:00,0.26
1,return_above_1_percent,C_price,dummy,development|ETH/USDT|2023-06-25T12:00:00+00:00,0.26
1,return_above_1_percent,C_price,dummy,development|BTC/USDT|2023-06-25T20:00:00+00:00,0.26
1,return_above_1_percent,C_price,dummy,development|BTC/USDT|2023-06-27T15:00:00+00:00,0.26
1,return_above_1_percent,C_price,dummy,development|ETH/USDT|2023-06-27T20:00:00+00:00,0.26
1,return_above_1_percent,C_price,dummy,development|BTC/USDT|2023-06-29T20:00:00+00:00,0.26
1,return_above_1_percent,C_price,dummy,development|ETH/USDT|2023-06-30T01:00:00+00:00,0.26
1,return_above_1_percent,C_price,logistic,development|BTC/USDT|2023-04-01T04:00:00+00:00,0.17921280718898494
1,return_above_1_percent,C_price,logistic,development|ETH/USDT|2023-04-04T02:00:00+00:00,0.34585781477344024
1,return_above_1_percent,C_price,logistic,development|BTC/USDT|2023-04-04T18:00:00+00:00,0.09901539264748188
1,return_above_1_percent,C_price,logistic,development|BTC/USDT|2023-04-08T11:00:00+00:00,0.21670416163460748
1,return_above_1_percent,C_price,logistic,development|ETH/USDT|2023-04-08T15:00:00+00:00,0.34017958156661915
1,return_above_1_percent,C_price,logistic,development|BTC/USDT|2023-04-09T23:00:00+00:00,0.24461333914873015
1,return_above_1_percent,C_price,logistic,development|ETH/USDT|2023-04-10T10:00:00+00:00,0.3214464220817883
1,return_above_1_percent,C_price,logistic,development|ETH/USDT|2023-04-13T05:00:00+00:00,0.2760950906155738
1,return_above_1_percent,C_price,logistic,development|BTC/USDT|2023-04-13T15:00:00+00:00,0.10738636038114761
1,return_above_1_percent,C_price,logistic,development|ETH/USDT|2023-04-16T20:00:00+00:00,0.42699265465529906
1,return_above_1_percent,C_price,logistic,development|BTC/USDT|2023-04-18T19:00:00+00:00,0.16932691931638477
1,return_above_1_percent,C_price,logistic,development|ETH/USDT|2023-04-18T21:00:00+00:00,0.2421382134482429
1,return_above_1_percent,C_price,logistic,development|BTC/USDT|2023-04-23T09:00:00+00:00,0.513022002704681
1,return_above_1_percent,C_price,logistic,development|ETH/USDT|2023-04-23T12:00:00+00:00,0.3002681488239139
1,return_above_1_percent,C_price,logistic,development|BTC/USDT|2023-04-25T23:00:00+00:00,0.37170493957937295
1,return_above_1_percent,C_price,logistic,development|ETH/USDT|2023-04-26T04:00:00+00:00,0.186125891922288
1,return_above_1_percent,C_price,logistic,development|BTC/USDT|2023-04-29T10:00:00+00:00,0.2612015098994569
1,return_above_1_percent,C_price,logistic,development|ETH/USDT|2023-04-29T23:00:00+00:00,0.3500596688645494
1,return_above_1_percent,C_price,logistic,development|BTC/USDT|2023-04-30T18:00:00+00:00,0.27599869441076613
1,return_above_1_percent,C_price,logistic,development|ETH/USDT|2023-05-02T23:00:00+00:00,0.18712549117744584
1,return_above_1_percent,C_price,logistic,development|BTC/USDT|2023-05-03T02:00:00+00:00,0.14891965670554422
1,return_above_1_percent,C_price,logistic,development|BTC/USDT|2023-05-10T13:00:00+00:00,0.22245362044879188
1,return_above_1_percent,C_price,logistic,development|ETH/USDT|2023-05-10T13:00:00+00:00,0.34272051820569494
1,return_above_1_percent,C_price,logistic,development|ETH/USDT|2023-05-13T09:00:00+00:00,0.2629121081994482
1,return_above_1_percent,C_price,logistic,development|BTC/USDT|2023-05-13T14:00:00+00:00,0.32381244802996695
1,return_above_1_percent,C_price,logistic,development|BTC/USDT|2023-05-18T04:00:00+00:00,0.1535698381180283
1,return_above_1_percent,C_price,logistic,development|ETH/USDT|2023-05-18T09:00:00+00:00,0.3770860102430981
1,return_above_1_percent,C_price,logistic,development|ETH/USDT|2023-05-20T03:00:00+00:00,0.26888093993553364
1,return_above_1_percent,C_price,logistic,development|BTC/USDT|2023-05-20T16:00:00+00:00,0.24459359879260906
1,return_above_1_percent,C_price,logistic,development|ETH/USDT|2023-05-22T22:00:00+00:00,0.22532133618894254
1,return_above_1_percent,C_price,logistic,development|BTC/USDT|2023-05-23T04:00:00+00:00,0.15615802154507807
1,return_above_1_percent,C_price,logistic,development|ETH/USDT|2023-05-26T05:00:00+00:00,0.3341750157692255
1,return_above_1_percent,C_price,logistic,development|BTC/USDT|2023-05-26T07:00:00+00:00,0.15918580024772447
1,return_above_1_percent,C_price,logistic,development|ETH/USDT|2023-06-02T04:00:00+00:00,0.4683259878456946
1,return_above_1_percent,C_price,logistic,development|BTC/USDT|2023-06-02T12:00:00+00:00,0.3051410037173053
1,return_above_1_percent,C_price,logistic,development|BTC/USDT|2023-06-04T21:00:00+00:00,0.20984551453196557
1,return_above_1_percent,C_price,logistic,development|ETH/USDT|2023-06-04T21:00:00+00:00,0.3104259509093143
1,return_above_1_percent,C_price,logistic,development|ETH/USDT|2023-06-07T01:00:00+00:00,0.15037306308406226
1,return_above_1_percent,C_price,logistic,development|BTC/USDT|2023-06-07T02:00:00+00:00,0.05283049159532994
1,return_above_1_percent,C_price,logistic,development|BTC/USDT|2023-06-09T07:00:00+00:00,0.33195531250785704
1,return_above_1_percent,C_price,logistic,development|ETH/USDT|2023-06-09T14:00:00+00:00,0.2752048726492254
1,return_above_1_percent,C_price,logistic,development|BTC/USDT|2023-06-12T01:00:00+00:00,0.23448509022181954
1,return_above_1_percent,C_price,logistic,development|ETH/USDT|2023-06-12T06:00:00+00:00,0.36292864985815787
1,return_above_1_percent,C_price,logistic,development|ETH/USDT|2023-06-13T21:00:00+00:00,0.40763435288828764
1,return_above_1_percent,C_price,logistic,development|ETH/USDT|2023-06-14T14:00:00+00:00,0.20903302618652322
1,return_above_1_percent,C_price,logistic,development|BTC/USDT|2023-06-14T19:00:00+00:00,0.3332632856644614
1,return_above_1_percent,C_price,logistic,development|BTC/USDT|2023-06-16T10:00:00+00:00,0.12632721348685455
1,return_above_1_percent,C_price,logistic,development|ETH/USDT|2023-06-16T15:00:00+00:00,0.3229649608513804
1,return_above_1_percent,C_price,logistic,development|BTC/USDT|2023-06-19T23:00:00+00:00,0.28746917008587564
1,return_above_1_percent,C_price,logistic,development|ETH/USDT|2023-06-20T12:00:00+00:00,0.20476858304741055
1,return_above_1_percent,C_price,logistic,development|BTC/USDT|2023-06-23T16:00:00+00:00,0.07343501463981028
1,return_above_1_percent,C_price,logistic,development|ETH/USDT|2023-06-24T04:00:00+00:00,0.37576576391696204
1,return_above_1_percent,C_price,logistic,development|BTC/USDT|2023-06-25T12:00:00+00:00,0.12429376874844672
1,return_above_1_percent,C_price,logistic,development|ETH/USDT|2023-06-25T12:00:00+00:00,0.10520990768235199
1,return_above_1_percent,C_price,logistic,development|BTC/USDT|2023-06-25T20:00:00+00:00,0.2587524060801587
1,return_above_1_percent,C_price,logistic,development|BTC/USDT|2023-06-27T15:00:00+00:00,0.13669771386142437
1,return_above_1_percent,C_price,logistic,development|ETH/USDT|2023-06-27T20:00:00+00:00,0.18047154362430018
1,return_above_1_percent,C_price,logistic,development|BTC/USDT|2023-06-29T20:00:00+00:00,0.2255772112679944
1,return_above_1_percent,C_price,logistic,development|ETH/USDT|2023-06-30T01:00:00+00:00,0.3715764458622284
1,return_above_1_percent,C_price,forest,development|BTC/USDT|2023-04-01T04:00:00+00:00,0.22412079412142116
1,return_above_1_percent,C_price,forest,development|ETH/USDT|2023-04-04T02:00:00+00:00,0.4084227447389213
1,return_above_1_percent,C_price,forest,development|BTC/USDT|2023-04-04T18:00:00+00:00,0.22712802991967862
1,return_above_1_percent,C_price,forest,development|BTC/USDT|2023-04-08T11:00:00+00:00,0.3541308315126504
1,return_above_1_percent,C_price,forest,development|ETH/USDT|2023-04-08T15:00:00+00:00,0.41525548751540287
1,return_above_1_percent,C_price,forest,development|BTC/USDT|2023-04-09T23:00:00+00:00,0.30219203325380556
1,return_above_1_percent,C_price,forest,development|ETH/USDT|2023-04-10T10:00:00+00:00,0.4189111462701328
1,return_above_1_percent,C_price,forest,development|ETH/USDT|2023-04-13T05:00:00+00:00,0.22341246078808782
1,return_above_1_percent,C_price,forest,development|BTC/USDT|2023-04-13T15:00:00+00:00,0.14520456406664647
1,return_above_1_percent,C_price,forest,development|ETH/USDT|2023-04-16T20:00:00+00:00,0.2077556362196454
1,return_above_1_percent,C_price,forest,development|BTC/USDT|2023-04-18T19:00:00+00:00,0.21247241085693883
1,return_above_1_percent,C_price,forest,development|ETH/USDT|2023-04-18T21:00:00+00:00,0.3660824884609712
1,return_above_1_percent,C_price,forest,development|BTC/USDT|2023-04-23T09:00:00+00:00,0.41753980124089307
1,return_above_1_percent,C_price,forest,development|ETH/USDT|2023-04-23T12:00:00+00:00,0.3475262993489078
1,return_above_1_percent,C_price,forest,development|BTC/USDT|2023-04-25T23:00:00+00:00,0.2111786286587449
1,return_above_1_percent,C_price,forest,development|ETH/USDT|2023-04-26T04:00:00+00:00,0.26962381264572444
1,return_above_1_percent,C_price,forest,development|BTC/USDT|2023-04-29T10:00:00+00:00,0.3382529717563076
1,return_above_1_percent,C_price,forest,development|ETH/USDT|2023-04-29T23:00:00+00:00,0.37273261169840916
1,return_above_1_percent,C_price,forest,development|BTC/USDT|2023-04-30T18:00:00+00:00,0.22722215092595127
1,return_above_1_percent,C_price,forest,development|ETH/USDT|2023-05-02T23:00:00+00:00,0.21550566282169237
1,return_above_1_percent,C_price,forest,development|BTC/USDT|2023-05-03T02:00:00+00:00,0.311484847680521
1,return_above_1_percent,C_price,forest,development|BTC/USDT|2023-05-10T13:00:00+00:00,0.2251387930643427
1,return_above_1_percent,C_price,forest,development|ETH/USDT|2023-05-10T13:00:00+00:00,0.2614849469104965
1,return_above_1_percent,C_price,forest,development|ETH/USDT|2023-05-13T09:00:00+00:00,0.2622617588498471
1,return_above_1_percent,C_price,forest,development|BTC/USDT|2023-05-13T14:00:00+00:00,0.3605893732289322
1,return_above_1_percent,C_price,forest,development|BTC/USDT|2023-05-18T04:00:00+00:00,0.1306808216412012
1,return_above_1_percent,C_price,forest,development|ETH/USDT|2023-05-18T09:00:00+00:00,0.4057327836970333
1,return_above_1_percent,C_price,forest,development|ETH/USDT|2023-05-20T03:00:00+00:00,0.40381981500078284
1,return_above_1_percent,C_price,forest,development|BTC/USDT|2023-05-20T16:00:00+00:00,0.3785069065040506
1,return_above_1_percent,C_price,forest,development|ETH/USDT|2023-05-22T22:00:00+00:00,0.40134023983738415
1,return_above_1_percent,C_price,forest,development|BTC/USDT|2023-05-23T04:00:00+00:00,0.20292486977572907
1,return_above_1_percent,C_price,forest,development|ETH/USDT|2023-05-26T05:00:00+00:00,0.33015418032585986
1,return_above_1_percent,C_price,forest,development|BTC/USDT|2023-05-26T07:00:00+00:00,0.34702264437814756
1,return_above_1_percent,C_price,forest,development|ETH/USDT|2023-06-02T04:00:00+00:00,0.3138079470957256
1,return_above_1_percent,C_price,forest,development|BTC/USDT|2023-06-02T12:00:00+00:00,0.30222052879507205
1,return_above_1_percent,C_price,forest,development|BTC/USDT|2023-06-04T21:00:00+00:00,0.3908139240479104
1,return_above_1_percent,C_price,forest,development|ETH/USDT|2023-06-04T21:00:00+00:00,0.40381981500078284
1,return_above_1_percent,C_price,forest,development|ETH/USDT|2023-06-07T01:00:00+00:00,0.18745494444821859
1,return_above_1_percent,C_price,forest,development|BTC/USDT|2023-06-07T02:00:00+00:00,0.17959465033057165
1,return_above_1_percent,C_price,forest,development|BTC/USDT|2023-06-09T07:00:00+00:00,0.3974115648283607
1,return_above_1_percent,C_price,forest,development|ETH/USDT|2023-06-09T14:00:00+00:00,0.4095443162047732
1,return_above_1_percent,C_price,forest,development|BTC/USDT|2023-06-12T01:00:00+00:00,0.301984847680521
1,return_above_1_percent,C_price,forest,development|ETH/USDT|2023-06-12T06:00:00+00:00,0.38569544855729065
1,return_above_1_percent,C_price,forest,development|ETH/USDT|2023-06-13T21:00:00+00:00,0.41821221842313194
1,return_above_1_percent,C_price,forest,development|ETH/USDT|2023-06-14T14:00:00+00:00,0.38404431620477303
1,return_above_1_percent,C_price,forest,development|BTC/USDT|2023-06-14T19:00:00+00:00,0.3932934992113091
1,return_above_1_percent,C_price,forest,development|BTC/USDT|2023-06-16T10:00:00+00:00,0.27995525730185944
1,return_above_1_percent,C_price,forest,development|ETH/USDT|2023-06-16T15:00:00+00:00,0.37781719202176656
1,return_above_1_percent,C_price,forest,development|BTC/USDT|2023-06-19T23:00:00+00:00,0.22511469478560045
1,return_above_1_percent,C_price,forest,development|ETH/USDT|2023-06-20T12:00:00+00:00,0.34937059759452177
1,return_above_1_percent,C_price,forest,development|BTC/USDT|2023-06-23T16:00:00+00:00,0.10619174355382585
1,return_above_1_percent,C_price,forest,development|ETH/USDT|2023-06-24T04:00:00+00:00,0.3154200569812021
1,return_above_1_percent,C_price,forest,development|BTC/USDT|2023-06-25T12:00:00+00:00,0.22810389194894617
1,return_above_1_percent,C_price,forest,development|ETH/USDT|2023-06-25T12:00:00+00:00,0.12245494444821875
1,return_above_1_percent,C_price,forest,development|BTC/USDT|2023-06-25T20:00:00+00:00,0.35217685092685064
1,return_above_1_percent,C_price,forest,development|BTC/USDT|2023-06-27T15:00:00+00:00,0.18513737076802883
1,return_above_1_percent,C_price,forest,development|ETH/USDT|2023-06-27T20:00:00+00:00,0.3160413922281645
1,return_above_1_percent,C_price,forest,development|BTC/USDT|2023-06-29T20:00:00+00:00,0.28963207850267436
1,return_above_1_percent,C_price,forest,development|ETH/USDT|2023-06-30T01:00:00+00:00,0.41821221842313194
1,return_above_1_percent,C_price,hist_gradient,development|BTC/USDT|2023-04-01T04:00:00+00:00,0.2994812135641545
1,return_above_1_percent,C_price,hist_gradient,development|ETH/USDT|2023-04-04T02:00:00+00:00,0.42230047217517924
1,return_above_1_percent,C_price,hist_gradient,development|BTC/USDT|2023-04-04T18:00:00+00:00,0.18870718186036808
1,return_above_1_percent,C_price,hist_gradient,development|BTC/USDT|2023-04-08T11:00:00+00:00,0.3429630157978349
1,return_above_1_percent,C_price,hist_gradient,development|ETH/USDT|2023-04-08T15:00:00+00:00,0.40217238748762
1,return_above_1_percent,C_price,hist_gradient,development|BTC/USDT|2023-04-09T23:00:00+00:00,0.3399960787328071
1,return_above_1_percent,C_price,hist_gradient,development|ETH/USDT|2023-04-10T10:00:00+00:00,0.40217238748762
1,return_above_1_percent,C_price,hist_gradient,development|ETH/USDT|2023-04-13T05:00:00+00:00,0.2994812135641545
1,return_above_1_percent,C_price,hist_gradient,development|BTC/USDT|2023-04-13T15:00:00+00:00,0.16520145326238903
1,return_above_1_percent,C_price,hist_gradient,development|ETH/USDT|2023-04-16T20:00:00+00:00,0.26239165027402894
1,return_above_1_percent,C_price,hist_gradient,development|BTC/USDT|2023-04-18T19:00:00+00:00,0.2605444159629498
1,return_above_1_percent,C_price,hist_gradient,development|ETH/USDT|2023-04-18T21:00:00+00:00,0.36192175347098193
1,return_above_1_percent,C_price,hist_gradient,development|BTC/USDT|2023-04-23T09:00:00+00:00,0.40217238748762
1,return_above_1_percent,C_price,hist_gradient,development|ETH/USDT|2023-04-23T12:00:00+00:00,0.2562770766616681
1,return_above_1_percent,C_price,hist_gradient,development|BTC/USDT|2023-04-25T23:00:00+00:00,0.2482150192417707
1,return_above_1_percent,C_price,hist_gradient,development|ETH/USDT|2023-04-26T04:00:00+00:00,0.3399960787328071
1,return_above_1_percent,C_price,hist_gradient,development|BTC/USDT|2023-04-29T10:00:00+00:00,0.24909111421305782
1,return_above_1_percent,C_price,hist_gradient,development|ETH/USDT|2023-04-29T23:00:00+00:00,0.29442226810018773
1,return_above_1_percent,C_price,hist_gradient,development|BTC/USDT|2023-04-30T18:00:00+00:00,0.24663142483919978
1,return_above_1_percent,C_price,hist_gradient,development|ETH/USDT|2023-05-02T23:00:00+00:00,0.2873062328092022
1,return_above_1_percent,C_price,hist_gradient,development|BTC/USDT|2023-05-03T02:00:00+00:00,0.2855679743058894
1,return_above_1_percent,C_price,hist_gradient,development|BTC/USDT|2023-05-10T13:00:00+00:00,0.20877926608263123
1,return_above_1_percent,C_price,hist_gradient,development|ETH/USDT|2023-05-10T13:00:00+00:00,0.20877926608263123
1,return_above_1_percent,C_price,hist_gradient,development|ETH/USDT|2023-05-13T09:00:00+00:00,0.2621862543771803
1,return_above_1_percent,C_price,hist_gradient,development|BTC/USDT|2023-05-13T14:00:00+00:00,0.40217238748762
1,return_above_1_percent,C_price,hist_gradient,development|BTC/USDT|2023-05-18T04:00:00+00:00,0.18294979902610584
1,return_above_1_percent,C_price,hist_gradient,development|ETH/USDT|2023-05-18T09:00:00+00:00,0.40217238748762
1,return_above_1_percent,C_price,hist_gradient,development|ETH/USDT|2023-05-20T03:00:00+00:00,0.40217238748762
1,return_above_1_percent,C_price,hist_gradient,development|BTC/USDT|2023-05-20T16:00:00+00:00,0.3429630157978349
1,return_above_1_percent,C_price,hist_gradient,development|ETH/USDT|2023-05-22T22:00:00+00:00,0.40217238748762
1,return_above_1_percent,C_price,hist_gradient,development|BTC/USDT|2023-05-23T04:00:00+00:00,0.21018762452644668
1,return_above_1_percent,C_price,hist_gradient,development|ETH/USDT|2023-05-26T05:00:00+00:00,0.2855679743058894
1,return_above_1_percent,C_price,hist_gradient,development|BTC/USDT|2023-05-26T07:00:00+00:00,0.2562770766616681
1,return_above_1_percent,C_price,hist_gradient,development|ETH/USDT|2023-06-02T04:00:00+00:00,0.2855679743058894
1,return_above_1_percent,C_price,hist_gradient,development|BTC/USDT|2023-06-02T12:00:00+00:00,0.2855679743058894
1,return_above_1_percent,C_price,hist_gradient,development|BTC/USDT|2023-06-04T21:00:00+00:00,0.3429630157978349
1,return_above_1_percent,C_price,hist_gradient,development|ETH/USDT|2023-06-04T21:00:00+00:00,0.40217238748762
1,return_above_1_percent,C_price,hist_gradient,development|ETH/USDT|2023-06-07T01:00:00+00:00,0.2482150192417707
1,return_above_1_percent,C_price,hist_gradient,development|BTC/USDT|2023-06-07T02:00:00+00:00,0.2482150192417707
1,return_above_1_percent,C_price,hist_gradient,development|BTC/USDT|2023-06-09T07:00:00+00:00,0.42230047217517924
1,return_above_1_percent,C_price,hist_gradient,development|ETH/USDT|2023-06-09T14:00:00+00:00,0.40217238748762
1,return_above_1_percent,C_price,hist_gradient,development|BTC/USDT|2023-06-12T01:00:00+00:00,0.2855679743058894
1,return_above_1_percent,C_price,hist_gradient,development|ETH/USDT|2023-06-12T06:00:00+00:00,0.3254957718454004
1,return_above_1_percent,C_price,hist_gradient,development|ETH/USDT|2023-06-13T21:00:00+00:00,0.42230047217517924
1,return_above_1_percent,C_price,hist_gradient,development|ETH/USDT|2023-06-14T14:00:00+00:00,0.3429630157978349
1,return_above_1_percent,C_price,hist_gradient,development|BTC/USDT|2023-06-14T19:00:00+00:00,0.3429630157978349
1,return_above_1_percent,C_price,hist_gradient,development|BTC/USDT|2023-06-16T10:00:00+00:00,0.23298318126151768
1,return_above_1_percent,C_price,hist_gradient,development|ETH/USDT|2023-06-16T15:00:00+00:00,0.3429630157978349
1,return_above_1_percent,C_price,hist_gradient,development|BTC/USDT|2023-06-19T23:00:00+00:00,0.24663142483919978
1,return_above_1_percent,C_price,hist_gradient,development|ETH/USDT|2023-06-20T12:00:00+00:00,0.2562770766616681
1,return_above_1_percent,C_price,hist_gradient,development|BTC/USDT|2023-06-23T16:00:00+00:00,0.14961125718746235
1,return_above_1_percent,C_price,hist_gradient,development|ETH/USDT|2023-06-24T04:00:00+00:00,0.22369447568408515
1,return_above_1_percent,C_price,hist_gradient,development|BTC/USDT|2023-06-25T12:00:00+00:00,0.16520145326238903
1,return_above_1_percent,C_price,hist_gradient,development|ETH/USDT|2023-06-25T12:00:00+00:00,0.20256239275776117
1,return_above_1_percent,C_price,hist_gradient,development|BTC/USDT|2023-06-25T20:00:00+00:00,0.2649532400901437
1,return_above_1_percent,C_price,hist_gradient,development|BTC/USDT|2023-06-27T15:00:00+00:00,0.2855679743058894
1,return_above_1_percent,C_price,hist_gradient,development|ETH/USDT|2023-06-27T20:00:00+00:00,0.3399960787328071
1,return_above_1_percent,C_price,hist_gradient,development|BTC/USDT|2023-06-29T20:00:00+00:00,0.2855679743058894
1,return_above_1_percent,C_price,hist_gradient,development|ETH/USDT|2023-06-30T01:00:00+00:00,0.42230047217517924
1,return_above_1_percent,D_price_volatility,dummy,development|BTC/USDT|2023-04-01T04:00:00+00:00,0.26
1,return_above_1_percent,D_price_volatility,dummy,development|ETH/USDT|2023-04-04T02:00:00+00:00,0.26
1,return_above_1_percent,D_price_volatility,dummy,development|BTC/USDT|2023-04-04T18:00:00+00:00,0.26
1,return_above_1_percent,D_price_volatility,dummy,development|BTC/USDT|2023-04-08T11:00:00+00:00,0.26
1,return_above_1_percent,D_price_volatility,dummy,development|ETH/USDT|2023-04-08T15:00:00+00:00,0.26
1,return_above_1_percent,D_price_volatility,dummy,development|BTC/USDT|2023-04-09T23:00:00+00:00,0.26
1,return_above_1_percent,D_price_volatility,dummy,development|ETH/USDT|2023-04-10T10:00:00+00:00,0.26
1,return_above_1_percent,D_price_volatility,dummy,development|ETH/USDT|2023-04-13T05:00:00+00:00,0.26
1,return_above_1_percent,D_price_volatility,dummy,development|BTC/USDT|2023-04-13T15:00:00+00:00,0.26
1,return_above_1_percent,D_price_volatility,dummy,development|ETH/USDT|2023-04-16T20:00:00+00:00,0.26
1,return_above_1_percent,D_price_volatility,dummy,development|BTC/USDT|2023-04-18T19:00:00+00:00,0.26
1,return_above_1_percent,D_price_volatility,dummy,development|ETH/USDT|2023-04-18T21:00:00+00:00,0.26
1,return_above_1_percent,D_price_volatility,dummy,development|BTC/USDT|2023-04-23T09:00:00+00:00,0.26
1,return_above_1_percent,D_price_volatility,dummy,development|ETH/USDT|2023-04-23T12:00:00+00:00,0.26
1,return_above_1_percent,D_price_volatility,dummy,development|BTC/USDT|2023-04-25T23:00:00+00:00,0.26
1,return_above_1_percent,D_price_volatility,dummy,development|ETH/USDT|2023-04-26T04:00:00+00:00,0.26
1,return_above_1_percent,D_price_volatility,dummy,development|BTC/USDT|2023-04-29T10:00:00+00:00,0.26
1,return_above_1_percent,D_price_volatility,dummy,development|ETH/USDT|2023-04-29T23:00:00+00:00,0.26
1,return_above_1_percent,D_price_volatility,dummy,development|BTC/USDT|2023-04-30T18:00:00+00:00,0.26
1,return_above_1_percent,D_price_volatility,dummy,development|ETH/USDT|2023-05-02T23:00:00+00:00,0.26
1,return_above_1_percent,D_price_volatility,dummy,development|BTC/USDT|2023-05-03T02:00:00+00:00,0.26
1,return_above_1_percent,D_price_volatility,dummy,development|BTC/USDT|2023-05-10T13:00:00+00:00,0.26
1,return_above_1_percent,D_price_volatility,dummy,development|ETH/USDT|2023-05-10T13:00:00+00:00,0.26
1,return_above_1_percent,D_price_volatility,dummy,development|ETH/USDT|2023-05-13T09:00:00+00:00,0.26
1,return_above_1_percent,D_price_volatility,dummy,development|BTC/USDT|2023-05-13T14:00:00+00:00,0.26
1,return_above_1_percent,D_price_volatility,dummy,development|BTC/USDT|2023-05-18T04:00:00+00:00,0.26
1,return_above_1_percent,D_price_volatility,dummy,development|ETH/USDT|2023-05-18T09:00:00+00:00,0.26
1,return_above_1_percent,D_price_volatility,dummy,development|ETH/USDT|2023-05-20T03:00:00+00:00,0.26
1,return_above_1_percent,D_price_volatility,dummy,development|BTC/USDT|2023-05-20T16:00:00+00:00,0.26
1,return_above_1_percent,D_price_volatility,dummy,development|ETH/USDT|2023-05-22T22:00:00+00:00,0.26
1,return_above_1_percent,D_price_volatility,dummy,development|BTC/USDT|2023-05-23T04:00:00+00:00,0.26
1,return_above_1_percent,D_price_volatility,dummy,development|ETH/USDT|2023-05-26T05:00:00+00:00,0.26
1,return_above_1_percent,D_price_volatility,dummy,development|BTC/USDT|2023-05-26T07:00:00+00:00,0.26
1,return_above_1_percent,D_price_volatility,dummy,development|ETH/USDT|2023-06-02T04:00:00+00:00,0.26
1,return_above_1_percent,D_price_volatility,dummy,development|BTC/USDT|2023-06-02T12:00:00+00:00,0.26
1,return_above_1_percent,D_price_volatility,dummy,development|BTC/USDT|2023-06-04T21:00:00+00:00,0.26
1,return_above_1_percent,D_price_volatility,dummy,development|ETH/USDT|2023-06-04T21:00:00+00:00,0.26
1,return_above_1_percent,D_price_volatility,dummy,development|ETH/USDT|2023-06-07T01:00:00+00:00,0.26
1,return_above_1_percent,D_price_volatility,dummy,development|BTC/USDT|2023-06-07T02:00:00+00:00,0.26
1,return_above_1_percent,D_price_volatility,dummy,development|BTC/USDT|2023-06-09T07:00:00+00:00,0.26
1,return_above_1_percent,D_price_volatility,dummy,development|ETH/USDT|2023-06-09T14:00:00+00:00,0.26
1,return_above_1_percent,D_price_volatility,dummy,development|BTC/USDT|2023-06-12T01:00:00+00:00,0.26
1,return_above_1_percent,D_price_volatility,dummy,development|ETH/USDT|2023-06-12T06:00:00+00:00,0.26
1,return_above_1_percent,D_price_volatility,dummy,development|ETH/USDT|2023-06-13T21:00:00+00:00,0.26
1,return_above_1_percent,D_price_volatility,dummy,development|ETH/USDT|2023-06-14T14:00:00+00:00,0.26
1,return_above_1_percent,D_price_volatility,dummy,development|BTC/USDT|2023-06-14T19:00:00+00:00,0.26
1,return_above_1_percent,D_price_volatility,dummy,development|BTC/USDT|2023-06-16T10:00:00+00:00,0.26
1,return_above_1_percent,D_price_volatility,dummy,development|ETH/USDT|2023-06-16T15:00:00+00:00,0.26
1,return_above_1_percent,D_price_volatility,dummy,development|BTC/USDT|2023-06-19T23:00:00+00:00,0.26
1,return_above_1_percent,D_price_volatility,dummy,development|ETH/USDT|2023-06-20T12:00:00+00:00,0.26
1,return_above_1_percent,D_price_volatility,dummy,development|BTC/USDT|2023-06-23T16:00:00+00:00,0.26
1,return_above_1_percent,D_price_volatility,dummy,development|ETH/USDT|2023-06-24T04:00:00+00:00,0.26
1,return_above_1_percent,D_price_volatility,dummy,development|BTC/USDT|2023-06-25T12:00:00+00:00,0.26
1,return_above_1_percent,D_price_volatility,dummy,development|ETH/USDT|2023-06-25T12:00:00+00:00,0.26
1,return_above_1_percent,D_price_volatility,dummy,development|BTC/USDT|2023-06-25T20:00:00+00:00,0.26
1,return_above_1_percent,D_price_volatility,dummy,development|BTC/USDT|2023-06-27T15:00:00+00:00,0.26
1,return_above_1_percent,D_price_volatility,dummy,development|ETH/USDT|2023-06-27T20:00:00+00:00,0.26
1,return_above_1_percent,D_price_volatility,dummy,development|BTC/USDT|2023-06-29T20:00:00+00:00,0.26
1,return_above_1_percent,D_price_volatility,dummy,development|ETH/USDT|2023-06-30T01:00:00+00:00,0.26
1,return_above_1_percent,D_price_volatility,logistic,development|BTC/USDT|2023-04-01T04:00:00+00:00,0.1454607457611924
1,return_above_1_percent,D_price_volatility,logistic,development|ETH/USDT|2023-04-04T02:00:00+00:00,0.3477566207989655
1,return_above_1_percent,D_price_volatility,logistic,development|BTC/USDT|2023-04-04T18:00:00+00:00,0.07901203519947664
1,return_above_1_percent,D_price_volatility,logistic,development|BTC/USDT|2023-04-08T11:00:00+00:00,0.19560054294148901
1,return_above_1_percent,D_price_volatility,logistic,development|ETH/USDT|2023-04-08T15:00:00+00:00,0.2986798834307323
1,return_above_1_percent,D_price_volatility,logistic,development|BTC/USDT|2023-04-09T23:00:00+00:00,0.223748952174069
1,return_above_1_percent,D_price_volatility,logistic,development|ETH/USDT|2023-04-10T10:00:00+00:00,0.2902003975844786
1,return_above_1_percent,D_price_volatility,logistic,development|ETH/USDT|2023-04-13T05:00:00+00:00,0.3136658671531318
1,return_above_1_percent,D_price_volatility,logistic,development|BTC/USDT|2023-04-13T15:00:00+00:00,0.09771238370207841
1,return_above_1_percent,D_price_volatility,logistic,development|ETH/USDT|2023-04-16T20:00:00+00:00,0.39993470698093386
1,return_above_1_percent,D_price_volatility,logistic,development|BTC/USDT|2023-04-18T19:00:00+00:00,0.17214372111264722
1,return_above_1_percent,D_price_volatility,logistic,development|ETH/USDT|2023-04-18T21:00:00+00:00,0.21693810732471755
1,return_above_1_percent,D_price_volatility,logistic,development|BTC/USDT|2023-04-23T09:00:00+00:00,0.487186695669069
1,return_above_1_percent,D_price_volatility,logistic,development|ETH/USDT|2023-04-23T12:00:00+00:00,0.26853430705720216
1,return_above_1_percent,D_price_volatility,logistic,development|BTC/USDT|2023-04-25T23:00:00+00:00,0.42066504557218176
1,return_above_1_percent,D_price_volatility,logistic,development|ETH/USDT|2023-04-26T04:00:00+00:00,0.21226381745061074
1,return_above_1_percent,D_price_volatility,logistic,development|BTC/USDT|2023-04-29T10:00:00+00:00,0.1830731237667702
1,return_above_1_percent,D_price_volatility,logistic,development|ETH/USDT|2023-04-29T23:00:00+00:00,0.25525311589195915
1,return_above_1_percent,D_price_volatility,logistic,development|BTC/USDT|2023-04-30T18:00:00+00:00,0.2081315573422757
1,return_above_1_percent,D_price_volatility,logistic,development|ETH/USDT|2023-05-02T23:00:00+00:00,0.1594402965284517
1,return_above_1_percent,D_price_volatility,logistic,development|BTC/USDT|2023-05-03T02:00:00+00:00,0.1267977306623241
1,return_above_1_percent,D_price_volatility,logistic,development|BTC/USDT|2023-05-10T13:00:00+00:00,0.17995029543149327
1,return_above_1_percent,D_price_volatility,logistic,development|ETH/USDT|2023-05-10T13:00:00+00:00,0.2898619680933069
1,return_above_1_percent,D_price_volatility,logistic,development|ETH/USDT|2023-05-13T09:00:00+00:00,0.24990681899077544
1,return_above_1_percent,D_price_volatility,logistic,development|BTC/USDT|2023-05-13T14:00:00+00:00,0.29135558214285534
1,return_above_1_percent,D_price_volatility,logistic,development|BTC/USDT|2023-05-18T04:00:00+00:00,0.14767223320203965
1,return_above_1_percent,D_price_volatility,logistic,development|ETH/USDT|2023-05-18T09:00:00+00:00,0.34914011865610456
1,return_above_1_percent,D_price_volatility,logistic,development|ETH/USDT|2023-05-20T03:00:00+00:00,0.26364537452921766
1,return_above_1_percent,D_price_volatility,logistic,development|BTC/USDT|2023-05-20T16:00:00+00:00,0.22729988600847062
1,return_above_1_percent,D_price_volatility,logistic,development|ETH/USDT|2023-05-22T22:00:00+00:00,0.23271212021767693
1,return_above_1_percent,D_price_volatility,logistic,development|BTC/USDT|2023-05-23T04:00:00+00:00,0.1513837331322726
1,return_above_1_percent,D_price_volatility,logistic,development|ETH/USDT|2023-05-26T05:00:00+00:00,0.35533943214157304
1,return_above_1_percent,D_price_volatility,logistic,development|BTC/USDT|2023-05-26T07:00:00+00:00,0.16222327565395753
1,return_above_1_percent,D_price_volatility,logistic,development|ETH/USDT|2023-06-02T04:00:00+00:00,0.5598234765607258
1,return_above_1_percent,D_price_volatility,logistic,development|BTC/USDT|2023-06-02T12:00:00+00:00,0.3314763610863749
1,return_above_1_percent,D_price_volatility,logistic,development|BTC/USDT|2023-06-04T21:00:00+00:00,0.20023217351283418
1,return_above_1_percent,D_price_volatility,logistic,development|ETH/USDT|2023-06-04T21:00:00+00:00,0.3015409369143085
1,return_above_1_percent,D_price_volatility,logistic,development|ETH/USDT|2023-06-07T01:00:00+00:00,0.2382255378528635
1,return_above_1_percent,D_price_volatility,logistic,development|BTC/USDT|2023-06-07T02:00:00+00:00,0.08001557525710236
1,return_above_1_percent,D_price_volatility,logistic,development|BTC/USDT|2023-06-09T07:00:00+00:00,0.34822392837537897
1,return_above_1_percent,D_price_volatility,logistic,development|ETH/USDT|2023-06-09T14:00:00+00:00,0.29966764962356934
1,return_above_1_percent,D_price_volatility,logistic,development|BTC/USDT|2023-06-12T01:00:00+00:00,0.28777599361869144
1,return_above_1_percent,D_price_volatility,logistic,development|ETH/USDT|2023-06-12T06:00:00+00:00,0.5059617041256609
1,return_above_1_percent,D_price_volatility,logistic,development|ETH/USDT|2023-06-13T21:00:00+00:00,0.5485882423811893
1,return_above_1_percent,D_price_volatility,logistic,development|ETH/USDT|2023-06-14T14:00:00+00:00,0.22531868981959197
1,return_above_1_percent,D_price_volatility,logistic,development|BTC/USDT|2023-06-14T19:00:00+00:00,0.34511403980272665
1,return_above_1_percent,D_price_volatility,logistic,development|BTC/USDT|2023-06-16T10:00:00+00:00,0.13306615688346926
1,return_above_1_percent,D_price_volatility,logistic,development|ETH/USDT|2023-06-16T15:00:00+00:00,0.36616721441647837
1,return_above_1_percent,D_price_volatility,logistic,development|BTC/USDT|2023-06-19T23:00:00+00:00,0.3601024676856388
1,return_above_1_percent,D_price_volatility,logistic,development|ETH/USDT|2023-06-20T12:00:00+00:00,0.20644663801051313
1,return_above_1_percent,D_price_volatility,logistic,development|BTC/USDT|2023-06-23T16:00:00+00:00,0.07244486929588664
1,return_above_1_percent,D_price_volatility,logistic,development|ETH/USDT|2023-06-24T04:00:00+00:00,0.4826295949256034
1,return_above_1_percent,D_price_volatility,logistic,development|BTC/USDT|2023-06-25T12:00:00+00:00,0.11966249959509716
1,return_above_1_percent,D_price_volatility,logistic,development|ETH/USDT|2023-06-25T12:00:00+00:00,0.1424165710332575
1,return_above_1_percent,D_price_volatility,logistic,development|BTC/USDT|2023-06-25T20:00:00+00:00,0.24451090211952334
1,return_above_1_percent,D_price_volatility,logistic,development|BTC/USDT|2023-06-27T15:00:00+00:00,0.14412500515411672
1,return_above_1_percent,D_price_volatility,logistic,development|ETH/USDT|2023-06-27T20:00:00+00:00,0.25699819890119296
1,return_above_1_percent,D_price_volatility,logistic,development|BTC/USDT|2023-06-29T20:00:00+00:00,0.22859408400237385
1,return_above_1_percent,D_price_volatility,logistic,development|ETH/USDT|2023-06-30T01:00:00+00:00,0.4013823861096808
1,return_above_1_percent,D_price_volatility,forest,development|BTC/USDT|2023-04-01T04:00:00+00:00,0.25572196422428595
1,return_above_1_percent,D_price_volatility,forest,development|ETH/USDT|2023-04-04T02:00:00+00:00,0.3945692280285933
1,return_above_1_percent,D_price_volatility,forest,development|BTC/USDT|2023-04-04T18:00:00+00:00,0.2297499092754509
1,return_above_1_percent,D_price_volatility,forest,development|BTC/USDT|2023-04-08T11:00:00+00:00,0.3531004457788511
1,return_above_1_percent,D_price_volatility,forest,development|ETH/USDT|2023-04-08T15:00:00+00:00,0.40740466834507094
1,return_above_1_percent,D_price_volatility,forest,development|BTC/USDT|2023-04-09T23:00:00+00:00,0.3070140859312683
1,return_above_1_percent,D_price_volatility,forest,development|ETH/USDT|2023-04-10T10:00:00+00:00,0.40979820119680815
1,return_above_1_percent,D_price_volatility,forest,development|ETH/USDT|2023-04-13T05:00:00+00:00,0.25737895596835203
1,return_above_1_percent,D_price_volatility,forest,development|BTC/USDT|2023-04-13T15:00:00+00:00,0.11987104733931359
1,return_above_1_percent,D_price_volatility,forest,development|ETH/USDT|2023-04-16T20:00:00+00:00,0.21747140853642383
1,return_above_1_percent,D_price_volatility,forest,development|BTC/USDT|2023-04-18T19:00:00+00:00,0.21544598439915763
1,return_above_1_percent,D_price_volatility,forest,development|ETH/USDT|2023-04-18T21:00:00+00:00,0.34298714168528377
1,return_above_1_percent,D_price_volatility,forest,development|BTC/USDT|2023-04-23T09:00:00+00:00,0.4057307777361958
1,return_above_1_percent,D_price_volatility,forest,development|ETH/USDT|2023-04-23T12:00:00+00:00,0.3250221434052699
1,return_above_1_percent,D_price_volatility,forest,development|BTC/USDT|2023-04-25T23:00:00+00:00,0.24156325249397984
1,return_above_1_percent,D_price_volatility,forest,development|ETH/USDT|2023-04-26T04:00:00+00:00,0.26412004700665664
1,return_above_1_percent,D_price_volatility,forest,development|BTC/USDT|2023-04-29T10:00:00+00:00,0.3257286523246272
1,return_above_1_percent,D_price_volatility,forest,development|ETH/USDT|2023-04-29T23:00:00+00:00,0.3245350433020707
1,return_above_1_percent,D_price_volatility,forest,development|BTC/USDT|2023-04-30T18:00:00+00:00,0.24202283612500308
1,return_above_1_percent,D_price_volatility,forest,development|ETH/USDT|2023-05-02T23:00:00+00:00,0.19765550518452987
1,return_above_1_percent,D_price_volatility,forest,development|BTC/USDT|2023-05-03T02:00:00+00:00,0.29839890639116606
1,return_above_1_percent,D_price_volatility,forest,development|BTC/USDT|2023-05-10T13:00:00+00:00,0.2111699563766126
1,return_above_1_percent,D_price_volatility,forest,development|ETH/USDT|2023-05-10T13:00:00+00:00,0.2320096999663561
1,return_above_1_percent,D_price_volatility,forest,development|ETH/USDT|2023-05-13T09:00:00+00:00,0.27081599974672704
1,return_above_1_percent,D_price_volatility,forest,development|BTC/USDT|2023-05-13T14:00:00+00:00,0.37728985595587766
1,return_above_1_percent,D_price_volatility,forest,development|BTC/USDT|2023-05-18T04:00:00+00:00,0.15530602855177156
1,return_above_1_percent,D_price_volatility,forest,development|ETH/USDT|2023-05-18T09:00:00+00:00,0.40648800167840426
1,return_above_1_percent,D_price_volatility,forest,development|ETH/USDT|2023-05-20T03:00:00+00:00,0.4081534643547029
1,return_above_1_percent,D_price_volatility,forest,development|BTC/USDT|2023-05-20T16:00:00+00:00,0.3595077385205091
1,return_above_1_percent,D_price_volatility,forest,development|ETH/USDT|2023-05-22T22:00:00+00:00,0.40217440518717607
1,return_above_1_percent,D_price_volatility,forest,development|BTC/USDT|2023-05-23T04:00:00+00:00,0.19681129624589372
1,return_above_1_percent,D_price_volatility,forest,development|ETH/USDT|2023-05-26T05:00:00+00:00,0.313132738520509
1,return_above_1_percent,D_price_volatility,forest,development|BTC/USDT|2023-05-26T07:00:00+00:00,0.3311851551011763
1,return_above_1_percent,D_price_volatility,forest,development|ETH/USDT|2023-06-02T04:00:00+00:00,0.29815466834507043
1,return_above_1_percent,D_price_volatility,forest,development|BTC/USDT|2023-06-02T12:00:00+00:00,0.2883649796625799
1,return_above_1_percent,D_price_volatility,forest,development|BTC/USDT|2023-06-04T21:00:00+00:00,0.36381914202928106
1,return_above_1_percent,D_price_volatility,forest,development|ETH/USDT|2023-06-04T21:00:00+00:00,0.41085934670764407
1,return_above_1_percent,D_price_volatility,forest,development|ETH/USDT|2023-06-07T01:00:00+00:00,0.2342585569315444
1,return_above_1_percent,D_price_volatility,forest,development|BTC/USDT|2023-06-07T02:00:00+00:00,0.21831738046095617
1,return_above_1_percent,D_price_volatility,forest,development|BTC/USDT|2023-06-09T07:00:00+00:00,0.38398168072897176
1,return_above_1_percent,D_price_volatility,forest,development|ETH/USDT|2023-06-09T14:00:00+00:00,0.4053799005432133
1,return_above_1_percent,D_price_volatility,forest,development|BTC/USDT|2023-06-12T01:00:00+00:00,0.3114694688266666
1,return_above_1_percent,D_price_volatility,forest,development|ETH/USDT|2023-06-12T06:00:00+00:00,0.4023695376261166
1,return_above_1_percent,D_price_volatility,forest,development|ETH/USDT|2023-06-13T21:00:00+00:00,0.4290362042927835
1,return_above_1_percent,D_price_volatility,forest,development|ETH/USDT|2023-06-14T14:00:00+00:00,0.35600735152360513
1,return_above_1_percent,D_price_volatility,forest,development|BTC/USDT|2023-06-14T19:00:00+00:00,0.3631315345301411
1,return_above_1_percent,D_price_volatility,forest,development|BTC/USDT|2023-06-16T10:00:00+00:00,0.2852601431935794
1,return_above_1_percent,D_price_volatility,forest,development|ETH/USDT|2023-06-16T15:00:00+00:00,0.35737224660444444
1,return_above_1_percent,D_price_volatility,forest,development|BTC/USDT|2023-06-19T23:00:00+00:00,0.25624574634172137
1,return_above_1_percent,D_price_volatility,forest,development|ETH/USDT|2023-06-20T12:00:00+00:00,0.3278774065631646
1,return_above_1_percent,D_price_volatility,forest,development|BTC/USDT|2023-06-23T16:00:00+00:00,0.1081190230478156
1,return_above_1_percent,D_price_volatility,forest,development|ETH/USDT|2023-06-24T04:00:00+00:00,0.28220818448836993
1,return_above_1_percent,D_price_volatility,forest,development|BTC/USDT|2023-06-25T12:00:00+00:00,0.1817239653621232
1,return_above_1_percent,D_price_volatility,forest,development|ETH/USDT|2023-06-25T12:00:00+00:00,0.14952674578603373
1,return_above_1_percent,D_price_volatility,forest,development|BTC/USDT|2023-06-25T20:00:00+00:00,0.340224266359715
1,return_above_1_percent,D_price_volatility,forest,development|BTC/USDT|2023-06-27T15:00:00+00:00,0.202625835421888
1,return_above_1_percent,D_price_volatility,forest,development|ETH/USDT|2023-06-27T20:00:00+00:00,0.3276876490812247
1,return_above_1_percent,D_price_volatility,forest,development|BTC/USDT|2023-06-29T20:00:00+00:00,0.28869074505645675
1,return_above_1_percent,D_price_volatility,forest,development|ETH/USDT|2023-06-30T01:00:00+00:00,0.406999955582773
1,return_above_1_percent,D_price_volatility,hist_gradient,development|BTC/USDT|2023-04-01T04:00:00+00:00,0.31402131412015094
1,return_above_1_percent,D_price_volatility,hist_gradient,development|ETH/USDT|2023-04-04T02:00:00+00:00,0.31432737123822674
1,return_above_1_percent,D_price_volatility,hist_gradient,development|BTC/USDT|2023-04-04T18:00:00+00:00,0.17454635456858603
1,return_above_1_percent,D_price_volatility,hist_gradient,development|BTC/USDT|2023-04-08T11:00:00+00:00,0.32943822600404415
1,return_above_1_percent,D_price_volatility,hist_gradient,development|ETH/USDT|2023-04-08T15:00:00+00:00,0.38050533891847055
1,return_above_1_percent,D_price_volatility,hist_gradient,development|BTC/USDT|2023-04-09T23:00:00+00:00,0.27105694315643986
1,return_above_1_percent,D_price_volatility,hist_gradient,development|ETH/USDT|2023-04-10T10:00:00+00:00,0.38050533891847055
1,return_above_1_percent,D_price_volatility,hist_gradient,development|ETH/USDT|2023-04-13T05:00:00+00:00,0.31402131412015094
1,return_above_1_percent,D_price_volatility,hist_gradient,development|BTC/USDT|2023-04-13T15:00:00+00:00,0.15745299830779874
1,return_above_1_percent,D_price_volatility,hist_gradient,development|ETH/USDT|2023-04-16T20:00:00+00:00,0.21699776164184267
1,return_above_1_percent,D_price_volatility,hist_gradient,development|BTC/USDT|2023-04-18T19:00:00+00:00,0.2055487504220211
1,return_above_1_percent,D_price_volatility,hist_gradient,development|ETH/USDT|2023-04-18T21:00:00+00:00,0.2682953806527719
1,return_above_1_percent,D_price_volatility,hist_gradient,development|BTC/USDT|2023-04-23T09:00:00+00:00,0.38050533891847055
1,return_above_1_percent,D_price_volatility,hist_gradient,development|ETH/USDT|2023-04-23T12:00:00+00:00,0.2305758084382211
1,return_above_1_percent,D_price_volatility,hist_gradient,development|BTC/USDT|2023-04-25T23:00:00+00:00,0.21699776164184267
1,return_above_1_percent,D_price_volatility,hist_gradient,development|ETH/USDT|2023-04-26T04:00:00+00:00,0.27105694315643986
1,return_above_1_percent,D_price_volatility,hist_gradient,development|BTC/USDT|2023-04-29T10:00:00+00:00,0.26549227416822613
1,return_above_1_percent,D_price_volatility,hist_gradient,development|ETH/USDT|2023-04-29T23:00:00+00:00,0.29819032496869435
1,return_above_1_percent,D_price_volatility,hist_gradient,development|BTC/USDT|2023-04-30T18:00:00+00:00,0.21699776164184267
1,return_above_1_percent,D_price_volatility,hist_gradient,development|ETH/USDT|2023-05-02T23:00:00+00:00,0.28495210806732474
1,return_above_1_percent,D_price_volatility,hist_gradient,development|BTC/USDT|2023-05-03T02:00:00+00:00,0.28495210806732474
1,return_above_1_percent,D_price_volatility,hist_gradient,development|BTC/USDT|2023-05-10T13:00:00+00:00,0.19554662567067005
1,return_above_1_percent,D_price_volatility,hist_gradient,development|ETH/USDT|2023-05-10T13:00:00+00:00,0.19554662567067005
1,return_above_1_percent,D_price_volatility,hist_gradient,development|ETH/USDT|2023-05-13T09:00:00+00:00,0.257422795114686
1,return_above_1_percent,D_price_volatility,hist_gradient,development|BTC/USDT|2023-05-13T14:00:00+00:00,0.38050533891847055
1,return_above_1_percent,D_price_volatility,hist_gradient,development|BTC/USDT|2023-05-18T04:00:00+00:00,0.20321913749299855
1,return_above_1_percent,D_price_volatility,hist_gradient,development|ETH/USDT|2023-05-18T09:00:00+00:00,0.38050533891847055
1,return_above_1_percent,D_price_volatility,hist_gradient,development|ETH/USDT|2023-05-20T03:00:00+00:00,0.38050533891847055
1,return_above_1_percent,D_price_volatility,hist_gradient,development|BTC/USDT|2023-05-20T16:00:00+00:00,0.32943822600404415
1,return_above_1_percent,D_price_volatility,hist_gradient,development|ETH/USDT|2023-05-22T22:00:00+00:00,0.38050533891847055
1,return_above_1_percent,D_price_volatility,hist_gradient,development|BTC/USDT|2023-05-23T04:00:00+00:00,0.19554662567067005
1,return_above_1_percent,D_price_volatility,hist_gradient,development|ETH/USDT|2023-05-26T05:00:00+00:00,0.28495210806732474
1,return_above_1_percent,D_price_volatility,hist_gradient,development|BTC/USDT|2023-05-26T07:00:00+00:00,0.2305758084382211
1,return_above_1_percent,D_price_volatility,hist_gradient,development|ETH/USDT|2023-06-02T04:00:00+00:00,0.28495210806732474
1,return_above_1_percent,D_price_volatility,hist_gradient,development|BTC/USDT|2023-06-02T12:00:00+00:00,0.28495210806732474
1,return_above_1_percent,D_price_volatility,hist_gradient,development|BTC/USDT|2023-06-04T21:00:00+00:00,0.32943822600404415
1,return_above_1_percent,D_price_volatility,hist_gradient,development|ETH/USDT|2023-06-04T21:00:00+00:00,0.38050533891847055
1,return_above_1_percent,D_price_volatility,hist_gradient,development|ETH/USDT|2023-06-07T01:00:00+00:00,0.2991001023671501
1,return_above_1_percent,D_price_volatility,hist_gradient,development|BTC/USDT|2023-06-07T02:00:00+00:00,0.2991001023671501
1,return_above_1_percent,D_price_volatility,hist_gradient,development|BTC/USDT|2023-06-09T07:00:00+00:00,0.38050533891847055
1,return_above_1_percent,D_price_volatility,hist_gradient,development|ETH/USDT|2023-06-09T14:00:00+00:00,0.38050533891847055
1,return_above_1_percent,D_price_volatility,hist_gradient,development|BTC/USDT|2023-06-12T01:00:00+00:00,0.3141199052087992
1,return_above_1_percent,D_price_volatility,hist_gradient,development|ETH/USDT|2023-06-12T06:00:00+00:00,0.36584633739298994
1,return_above_1_percent,D_price_volatility,hist_gradient,development|ETH/USDT|2023-06-13T21:00:00+00:00,0.413793872630885
1,return_above_1_percent,D_price_volatility,hist_gradient,development|ETH/USDT|2023-06-14T14:00:00+00:00,0.2682953806527719
1,return_above_1_percent,D_price_volatility,hist_gradient,development|BTC/USDT|2023-06-14T19:00:00+00:00,0.2682953806527719
1,return_above_1_percent,D_price_volatility,hist_gradient,development|BTC/USDT|2023-06-16T10:00:00+00:00,0.25886426459810746
1,return_above_1_percent,D_price_volatility,hist_gradient,development|ETH/USDT|2023-06-16T15:00:00+00:00,0.2682953806527719
1,return_above_1_percent,D_price_volatility,hist_gradient,development|BTC/USDT|2023-06-19T23:00:00+00:00,0.2991001023671501
1,return_above_1_percent,D_price_volatility,hist_gradient,development|ETH/USDT|2023-06-20T12:00:00+00:00,0.2864882583155947
1,return_above_1_percent,D_price_volatility,hist_gradient,development|BTC/USDT|2023-06-23T16:00:00+00:00,0.20020408641427878
1,return_above_1_percent,D_price_volatility,hist_gradient,development|ETH/USDT|2023-06-24T04:00:00+00:00,0.26430386224424474
1,return_above_1_percent,D_price_volatility,hist_gradient,development|BTC/USDT|2023-06-25T12:00:00+00:00,0.15745299830779874
1,return_above_1_percent,D_price_volatility,hist_gradient,development|ETH/USDT|2023-06-25T12:00:00+00:00,0.17953845907331367
1,return_above_1_percent,D_price_volatility,hist_gradient,development|BTC/USDT|2023-06-25T20:00:00+00:00,0.2680166247484588
1,return_above_1_percent,D_price_volatility,hist_gradient,development|BTC/USDT|2023-06-27T15:00:00+00:00,0.22924313765146018
1,return_above_1_percent,D_price_volatility,hist_gradient,development|ETH/USDT|2023-06-27T20:00:00+00:00,0.3641018090142851
1,return_above_1_percent,D_price_volatility,hist_gradient,development|BTC/USDT|2023-06-29T20:00:00+00:00,0.28495210806732474
1,return_above_1_percent,D_price_volatility,hist_gradient,development|ETH/USDT|2023-06-30T01:00:00+00:00,0.31432737123822674
1,return_above_1_percent,E_no_regime,dummy,development|BTC/USDT|2023-04-01T04:00:00+00:00,0.26
1,return_above_1_percent,E_no_regime,dummy,development|ETH/USDT|2023-04-04T02:00:00+00:00,0.26
1,return_above_1_percent,E_no_regime,dummy,development|BTC/USDT|2023-04-04T18:00:00+00:00,0.26
1,return_above_1_percent,E_no_regime,dummy,development|BTC/USDT|2023-04-08T11:00:00+00:00,0.26
1,return_above_1_percent,E_no_regime,dummy,development|ETH/USDT|2023-04-08T15:00:00+00:00,0.26
1,return_above_1_percent,E_no_regime,dummy,development|BTC/USDT|2023-04-09T23:00:00+00:00,0.26
1,return_above_1_percent,E_no_regime,dummy,development|ETH/USDT|2023-04-10T10:00:00+00:00,0.26
1,return_above_1_percent,E_no_regime,dummy,development|ETH/USDT|2023-04-13T05:00:00+00:00,0.26
1,return_above_1_percent,E_no_regime,dummy,development|BTC/USDT|2023-04-13T15:00:00+00:00,0.26
1,return_above_1_percent,E_no_regime,dummy,development|ETH/USDT|2023-04-16T20:00:00+00:00,0.26
1,return_above_1_percent,E_no_regime,dummy,development|BTC/USDT|2023-04-18T19:00:00+00:00,0.26
1,return_above_1_percent,E_no_regime,dummy,development|ETH/USDT|2023-04-18T21:00:00+00:00,0.26
1,return_above_1_percent,E_no_regime,dummy,development|BTC/USDT|2023-04-23T09:00:00+00:00,0.26
1,return_above_1_percent,E_no_regime,dummy,development|ETH/USDT|2023-04-23T12:00:00+00:00,0.26
1,return_above_1_percent,E_no_regime,dummy,development|BTC/USDT|2023-04-25T23:00:00+00:00,0.26
1,return_above_1_percent,E_no_regime,dummy,development|ETH/USDT|2023-04-26T04:00:00+00:00,0.26
1,return_above_1_percent,E_no_regime,dummy,development|BTC/USDT|2023-04-29T10:00:00+00:00,0.26
1,return_above_1_percent,E_no_regime,dummy,development|ETH/USDT|2023-04-29T23:00:00+00:00,0.26
1,return_above_1_percent,E_no_regime,dummy,development|BTC/USDT|2023-04-30T18:00:00+00:00,0.26
1,return_above_1_percent,E_no_regime,dummy,development|ETH/USDT|2023-05-02T23:00:00+00:00,0.26
1,return_above_1_percent,E_no_regime,dummy,development|BTC/USDT|2023-05-03T02:00:00+00:00,0.26
1,return_above_1_percent,E_no_regime,dummy,development|BTC/USDT|2023-05-10T13:00:00+00:00,0.26
1,return_above_1_percent,E_no_regime,dummy,development|ETH/USDT|2023-05-10T13:00:00+00:00,0.26
1,return_above_1_percent,E_no_regime,dummy,development|ETH/USDT|2023-05-13T09:00:00+00:00,0.26
1,return_above_1_percent,E_no_regime,dummy,development|BTC/USDT|2023-05-13T14:00:00+00:00,0.26
1,return_above_1_percent,E_no_regime,dummy,development|BTC/USDT|2023-05-18T04:00:00+00:00,0.26
1,return_above_1_percent,E_no_regime,dummy,development|ETH/USDT|2023-05-18T09:00:00+00:00,0.26
1,return_above_1_percent,E_no_regime,dummy,development|ETH/USDT|2023-05-20T03:00:00+00:00,0.26
1,return_above_1_percent,E_no_regime,dummy,development|BTC/USDT|2023-05-20T16:00:00+00:00,0.26
1,return_above_1_percent,E_no_regime,dummy,development|ETH/USDT|2023-05-22T22:00:00+00:00,0.26
1,return_above_1_percent,E_no_regime,dummy,development|BTC/USDT|2023-05-23T04:00:00+00:00,0.26
1,return_above_1_percent,E_no_regime,dummy,development|ETH/USDT|2023-05-26T05:00:00+00:00,0.26
1,return_above_1_percent,E_no_regime,dummy,development|BTC/USDT|2023-05-26T07:00:00+00:00,0.26
1,return_above_1_percent,E_no_regime,dummy,development|ETH/USDT|2023-06-02T04:00:00+00:00,0.26
1,return_above_1_percent,E_no_regime,dummy,development|BTC/USDT|2023-06-02T12:00:00+00:00,0.26
1,return_above_1_percent,E_no_regime,dummy,development|BTC/USDT|2023-06-04T21:00:00+00:00,0.26
1,return_above_1_percent,E_no_regime,dummy,development|ETH/USDT|2023-06-04T21:00:00+00:00,0.26
1,return_above_1_percent,E_no_regime,dummy,development|ETH/USDT|2023-06-07T01:00:00+00:00,0.26
1,return_above_1_percent,E_no_regime,dummy,development|BTC/USDT|2023-06-07T02:00:00+00:00,0.26
1,return_above_1_percent,E_no_regime,dummy,development|BTC/USDT|2023-06-09T07:00:00+00:00,0.26
1,return_above_1_percent,E_no_regime,dummy,development|ETH/USDT|2023-06-09T14:00:00+00:00,0.26
1,return_above_1_percent,E_no_regime,dummy,development|BTC/USDT|2023-06-12T01:00:00+00:00,0.26
1,return_above_1_percent,E_no_regime,dummy,development|ETH/USDT|2023-06-12T06:00:00+00:00,0.26
1,return_above_1_percent,E_no_regime,dummy,development|ETH/USDT|2023-06-13T21:00:00+00:00,0.26
1,return_above_1_percent,E_no_regime,dummy,development|ETH/USDT|2023-06-14T14:00:00+00:00,0.26
1,return_above_1_percent,E_no_regime,dummy,development|BTC/USDT|2023-06-14T19:00:00+00:00,0.26
1,return_above_1_percent,E_no_regime,dummy,development|BTC/USDT|2023-06-16T10:00:00+00:00,0.26
1,return_above_1_percent,E_no_regime,dummy,development|ETH/USDT|2023-06-16T15:00:00+00:00,0.26
1,return_above_1_percent,E_no_regime,dummy,development|BTC/USDT|2023-06-19T23:00:00+00:00,0.26
1,return_above_1_percent,E_no_regime,dummy,development|ETH/USDT|2023-06-20T12:00:00+00:00,0.26
1,return_above_1_percent,E_no_regime,dummy,development|BTC/USDT|2023-06-23T16:00:00+00:00,0.26
1,return_above_1_percent,E_no_regime,dummy,development|ETH/USDT|2023-06-24T04:00:00+00:00,0.26
1,return_above_1_percent,E_no_regime,dummy,development|BTC/USDT|2023-06-25T12:00:00+00:00,0.26
1,return_above_1_percent,E_no_regime,dummy,development|ETH/USDT|2023-06-25T12:00:00+00:00,0.26
1,return_above_1_percent,E_no_regime,dummy,development|BTC/USDT|2023-06-25T20:00:00+00:00,0.26
1,return_above_1_percent,E_no_regime,dummy,development|BTC/USDT|2023-06-27T15:00:00+00:00,0.26
1,return_above_1_percent,E_no_regime,dummy,development|ETH/USDT|2023-06-27T20:00:00+00:00,0.26
1,return_above_1_percent,E_no_regime,dummy,development|BTC/USDT|2023-06-29T20:00:00+00:00,0.26
1,return_above_1_percent,E_no_regime,dummy,development|ETH/USDT|2023-06-30T01:00:00+00:00,0.26
1,return_above_1_percent,E_no_regime,logistic,development|BTC/USDT|2023-04-01T04:00:00+00:00,0.14804787526604593
1,return_above_1_percent,E_no_regime,logistic,development|ETH/USDT|2023-04-04T02:00:00+00:00,0.4341317684542409
1,return_above_1_percent,E_no_regime,logistic,development|BTC/USDT|2023-04-04T18:00:00+00:00,0.08188207587868991
1,return_above_1_percent,E_no_regime,logistic,development|BTC/USDT|2023-04-08T11:00:00+00:00,0.16498848496221452
1,return_above_1_percent,E_no_regime,logistic,development|ETH/USDT|2023-04-08T15:00:00+00:00,0.24775544790565088
1,return_above_1_percent,E_no_regime,logistic,development|BTC/USDT|2023-04-09T23:00:00+00:00,0.17950194864781985
1,return_above_1_percent,E_no_regime,logistic,development|ETH/USDT|2023-04-10T10:00:00+00:00,0.3129861053554939
1,return_above_1_percent,E_no_regime,logistic,development|ETH/USDT|2023-04-13T05:00:00+00:00,0.3723804338019056
1,return_above_1_percent,E_no_regime,logistic,development|BTC/USDT|2023-04-13T15:00:00+00:00,0.10385389700381345
1,return_above_1_percent,E_no_regime,logistic,development|ETH/USDT|2023-04-16T20:00:00+00:00,0.3701726849613533
1,return_above_1_percent,E_no_regime,logistic,development|BTC/USDT|2023-04-18T19:00:00+00:00,0.16617862836536987
1,return_above_1_percent,E_no_regime,logistic,development|ETH/USDT|2023-04-18T21:00:00+00:00,0.19824940936521973
1,return_above_1_percent,E_no_regime,logistic,development|BTC/USDT|2023-04-23T09:00:00+00:00,0.4394664069224242
1,return_above_1_percent,E_no_regime,logistic,development|ETH/USDT|2023-04-23T12:00:00+00:00,0.23562156642030638
1,return_above_1_percent,E_no_regime,logistic,development|BTC/USDT|2023-04-25T23:00:00+00:00,0.37866251170167625
1,return_above_1_percent,E_no_regime,logistic,development|ETH/USDT|2023-04-26T04:00:00+00:00,0.2350718466517929
1,return_above_1_percent,E_no_regime,logistic,development|BTC/USDT|2023-04-29T10:00:00+00:00,0.18422661885550984
1,return_above_1_percent,E_no_regime,logistic,development|ETH/USDT|2023-04-29T23:00:00+00:00,0.189381905480829
1,return_above_1_percent,E_no_regime,logistic,development|BTC/USDT|2023-04-30T18:00:00+00:00,0.16171984636401185
1,return_above_1_percent,E_no_regime,logistic,development|ETH/USDT|2023-05-02T23:00:00+00:00,0.13804919286699233
1,return_above_1_percent,E_no_regime,logistic,development|BTC/USDT|2023-05-03T02:00:00+00:00,0.14127278126152484
1,return_above_1_percent,E_no_regime,logistic,development|BTC/USDT|2023-05-10T13:00:00+00:00,0.21310921521571666
1,return_above_1_percent,E_no_regime,logistic,development|ETH/USDT|2023-05-10T13:00:00+00:00,0.3320693834689728
1,return_above_1_percent,E_no_regime,logistic,development|ETH/USDT|2023-05-13T09:00:00+00:00,0.21861518399144295
1,return_above_1_percent,E_no_regime,logistic,development|BTC/USDT|2023-05-13T14:00:00+00:00,0.2683038083736493
1,return_above_1_percent,E_no_regime,logistic,development|BTC/USDT|2023-05-18T04:00:00+00:00,0.1657660571875429
1,return_above_1_percent,E_no_regime,logistic,development|ETH/USDT|2023-05-18T09:00:00+00:00,0.3681887925454987
1,return_above_1_percent,E_no_regime,logistic,development|ETH/USDT|2023-05-20T03:00:00+00:00,0.2652670987739183
1,return_above_1_percent,E_no_regime,logistic,development|BTC/USDT|2023-05-20T16:00:00+00:00,0.18368297160701455
1,return_above_1_percent,E_no_regime,logistic,development|ETH/USDT|2023-05-22T22:00:00+00:00,0.23276444936653393
1,return_above_1_percent,E_no_regime,logistic,development|BTC/USDT|2023-05-23T04:00:00+00:00,0.20422058368834062
1,return_above_1_percent,E_no_regime,logistic,development|ETH/USDT|2023-05-26T05:00:00+00:00,0.38635604570921706
1,return_above_1_percent,E_no_regime,logistic,development|BTC/USDT|2023-05-26T07:00:00+00:00,0.1722264164944557
1,return_above_1_percent,E_no_regime,logistic,development|ETH/USDT|2023-06-02T04:00:00+00:00,0.5764444130131248
1,return_above_1_percent,E_no_regime,logistic,development|BTC/USDT|2023-06-02T12:00:00+00:00,0.3288487804481007
1,return_above_1_percent,E_no_regime,logistic,development|BTC/USDT|2023-06-04T21:00:00+00:00,0.13949683788764666
1,return_above_1_percent,E_no_regime,logistic,development|ETH/USDT|2023-06-04T21:00:00+00:00,0.2195800450438477
1,return_above_1_percent,E_no_regime,logistic,development|ETH/USDT|2023-06-07T01:00:00+00:00,0.29767769649175785
1,return_above_1_percent,E_no_regime,logistic,development|BTC/USDT|2023-06-07T02:00:00+00:00,0.09795520784559669
1,return_above_1_percent,E_no_regime,logistic,development|BTC/USDT|2023-06-09T07:00:00+00:00,0.34620162066997284
1,return_above_1_percent,E_no_regime,logistic,development|ETH/USDT|2023-06-09T14:00:00+00:00,0.2852747003958834
1,return_above_1_percent,E_no_regime,logistic,development|BTC/USDT|2023-06-12T01:00:00+00:00,0.3244843469673795
1,return_above_1_percent,E_no_regime,logistic,development|ETH/USDT|2023-06-12T06:00:00+00:00,0.5537146415899848
1,return_above_1_percent,E_no_regime,logistic,development|ETH/USDT|2023-06-13T21:00:00+00:00,0.5284974146032774
1,return_above_1_percent,E_no_regime,logistic,development|ETH/USDT|2023-06-14T14:00:00+00:00,0.21851965653874428
1,return_above_1_percent,E_no_regime,logistic,development|BTC/USDT|2023-06-14T19:00:00+00:00,0.3661235374869139
1,return_above_1_percent,E_no_regime,logistic,development|BTC/USDT|2023-06-16T10:00:00+00:00,0.12657253242536345
1,return_above_1_percent,E_no_regime,logistic,development|ETH/USDT|2023-06-16T15:00:00+00:00,0.3457719984138373
1,return_above_1_percent,E_no_regime,logistic,development|BTC/USDT|2023-06-19T23:00:00+00:00,0.34496485158502643
1,return_above_1_percent,E_no_regime,logistic,development|ETH/USDT|2023-06-20T12:00:00+00:00,0.22204872965902495
1,return_above_1_percent,E_no_regime,logistic,development|BTC/USDT|2023-06-23T16:00:00+00:00,0.08771964885114238
1,return_above_1_percent,E_no_regime,logistic,development|ETH/USDT|2023-06-24T04:00:00+00:00,0.4905025948943222
1,return_above_1_percent,E_no_regime,logistic,development|BTC/USDT|2023-06-25T12:00:00+00:00,0.09764564330241218
1,return_above_1_percent,E_no_regime,logistic,development|ETH/USDT|2023-06-25T12:00:00+00:00,0.12124297831947971
1,return_above_1_percent,E_no_regime,logistic,development|BTC/USDT|2023-06-25T20:00:00+00:00,0.19571428192125118
1,return_above_1_percent,E_no_regime,logistic,development|BTC/USDT|2023-06-27T15:00:00+00:00,0.15377180583644157
1,return_above_1_percent,E_no_regime,logistic,development|ETH/USDT|2023-06-27T20:00:00+00:00,0.2392756416273018
1,return_above_1_percent,E_no_regime,logistic,development|BTC/USDT|2023-06-29T20:00:00+00:00,0.19135416198803576
1,return_above_1_percent,E_no_regime,logistic,development|ETH/USDT|2023-06-30T01:00:00+00:00,0.4174721744607353
1,return_above_1_percent,E_no_regime,forest,development|BTC/USDT|2023-04-01T04:00:00+00:00,0.19902481549238502
1,return_above_1_percent,E_no_regime,forest,development|ETH/USDT|2023-04-04T02:00:00+00:00,0.426694545186496
1,return_above_1_percent,E_no_regime,forest,development|BTC/USDT|2023-04-04T18:00:00+00:00,0.1991000749422575
1,return_above_1_percent,E_no_regime,forest,development|BTC/USDT|2023-04-08T11:00:00+00:00,0.38978574745687744
1,return_above_1_percent,E_no_regime,forest,development|ETH/USDT|2023-04-08T15:00:00+00:00,0.4271459985748688
1,return_above_1_percent,E_no_regime,forest,development|BTC/USDT|2023-04-09T23:00:00+00:00,0.29242327689510333
1,return_above_1_percent,E_no_regime,forest,development|ETH/USDT|2023-04-10T10:00:00+00:00,0.432350246940882
1,return_above_1_percent,E_no_regime,forest,development|ETH/USDT|2023-04-13T05:00:00+00:00,0.2776082348250303
1,return_above_1_percent,E_no_regime,forest,development|BTC/USDT|2023-04-13T15:00:00+00:00,0.15836326578478283
1,return_above_1_percent,E_no_regime,forest,development|ETH/USDT|2023-04-16T20:00:00+00:00,0.23240110548206502
1,return_above_1_percent,E_no_regime,forest,development|BTC/USDT|2023-04-18T19:00:00+00:00,0.1798980030203714
1,return_above_1_percent,E_no_regime,forest,development|ETH/USDT|2023-04-18T21:00:00+00:00,0.3862443817878028
1,return_above_1_percent,E_no_regime,forest,development|BTC/USDT|2023-04-23T09:00:00+00:00,0.3653708867757629
1,return_above_1_percent,E_no_regime,forest,development|ETH/USDT|2023-04-23T12:00:00+00:00,0.2906629404393334
1,return_above_1_percent,E_no_regime,forest,development|BTC/USDT|2023-04-25T23:00:00+00:00,0.2012000820902523
1,return_above_1_percent,E_no_regime,forest,development|ETH/USDT|2023-04-26T04:00:00+00:00,0.20514374605442703
1,return_above_1_percent,E_no_regime,forest,development|BTC/USDT|2023-04-29T10:00:00+00:00,0.3756201457297431
1,return_above_1_percent,E_no_regime,forest,development|ETH/USDT|2023-04-29T23:00:00+00:00,0.39251773060101236
1,return_above_1_percent,E_no_regime,forest,development|BTC/USDT|2023-04-30T18:00:00+00:00,0.22689478453263268
1,return_above_1_percent,E_no_regime,forest,development|ETH/USDT|2023-05-02T23:00:00+00:00,0.1841406666175242
1,return_above_1_percent,E_no_regime,forest,development|BTC/USDT|2023-05-03T02:00:00+00:00,0.2573797017052434
1,return_above_1_percent,E_no_regime,forest,development|BTC/USDT|2023-05-10T13:00:00+00:00,0.21644318573583277
1,return_above_1_percent,E_no_regime,forest,development|ETH/USDT|2023-05-10T13:00:00+00:00,0.2541163883502117
1,return_above_1_percent,E_no_regime,forest,development|ETH/USDT|2023-05-13T09:00:00+00:00,0.22204770136124619
1,return_above_1_percent,E_no_regime,forest,development|BTC/USDT|2023-05-13T14:00:00+00:00,0.3184209383753499
1,return_above_1_percent,E_no_regime,forest,development|BTC/USDT|2023-05-18T04:00:00+00:00,0.12676793554742477
1,return_above_1_percent,E_no_regime,forest,development|ETH/USDT|2023-05-18T09:00:00+00:00,0.42214307459826067
1,return_above_1_percent,E_no_regime,forest,development|ETH/USDT|2023-05-20T03:00:00+00:00,0.4272852314610058
1,return_above_1_percent,E_no_regime,forest,development|BTC/USDT|2023-05-20T16:00:00+00:00,0.39918555825839114
1,return_above_1_percent,E_no_regime,forest,development|ETH/USDT|2023-05-22T22:00:00+00:00,0.42414307459826067
1,return_above_1_percent,E_no_regime,forest,development|BTC/USDT|2023-05-23T04:00:00+00:00,0.2124914313498678
1,return_above_1_percent,E_no_regime,forest,development|ETH/USDT|2023-05-26T05:00:00+00:00,0.35527181556833254
1,return_above_1_percent,E_no_regime,forest,development|BTC/USDT|2023-05-26T07:00:00+00:00,0.3547480367585629
1,return_above_1_percent,E_no_regime,forest,development|ETH/USDT|2023-06-02T04:00:00+00:00,0.2840787471128801
1,return_above_1_percent,E_no_regime,forest,development|BTC/USDT|2023-06-02T12:00:00+00:00,0.2729120804462134
1,return_above_1_percent,E_no_regime,forest,development|BTC/USDT|2023-06-04T21:00:00+00:00,0.3986329266794438
1,return_above_1_percent,E_no_regime,forest,development|ETH/USDT|2023-06-04T21:00:00+00:00,0.4242786955132934
1,return_above_1_percent,E_no_regime,forest,development|ETH/USDT|2023-06-07T01:00:00+00:00,0.1961075898301904
1,return_above_1_percent,E_no_regime,forest,development|BTC/USDT|2023-06-07T02:00:00+00:00,0.18088472261312813
1,return_above_1_percent,E_no_regime,forest,development|BTC/USDT|2023-06-09T07:00:00+00:00,0.41725710968597984
1,return_above_1_percent,E_no_regime,forest,development|ETH/USDT|2023-06-09T14:00:00+00:00,0.36501596761511623
1,return_above_1_percent,E_no_regime,forest,development|BTC/USDT|2023-06-12T01:00:00+00:00,0.30034504398250506
1,return_above_1_percent,E_no_regime,forest,development|ETH/USDT|2023-06-12T06:00:00+00:00,0.3988324880829526
1,return_above_1_percent,E_no_regime,forest,development|ETH/USDT|2023-06-13T21:00:00+00:00,0.4357549597031798
1,return_above_1_percent,E_no_regime,forest,development|ETH/USDT|2023-06-14T14:00:00+00:00,0.40319501818271175
1,return_above_1_percent,E_no_regime,forest,development|BTC/USDT|2023-06-14T19:00:00+00:00,0.40867704432650265
1,return_above_1_percent,E_no_regime,forest,development|BTC/USDT|2023-06-16T10:00:00+00:00,0.24226312963781993
1,return_above_1_percent,E_no_regime,forest,development|ETH/USDT|2023-06-16T15:00:00+00:00,0.3914425672023195
1,return_above_1_percent,E_no_regime,forest,development|BTC/USDT|2023-06-19T23:00:00+00:00,0.22762728367263957
1,return_above_1_percent,E_no_regime,forest,development|ETH/USDT|2023-06-20T12:00:00+00:00,0.3480474003636541
1,return_above_1_percent,E_no_regime,forest,development|BTC/USDT|2023-06-23T16:00:00+00:00,0.13994002017074772
1,return_above_1_percent,E_no_regime,forest,development|ETH/USDT|2023-06-24T04:00:00+00:00,0.36154192935547413
1,return_above_1_percent,E_no_regime,forest,development|BTC/USDT|2023-06-25T12:00:00+00:00,0.2684680989461173
1,return_above_1_percent,E_no_regime,forest,development|ETH/USDT|2023-06-25T12:00:00+00:00,0.12129979829252276
1,return_above_1_percent,E_no_regime,forest,development|BTC/USDT|2023-06-25T20:00:00+00:00,0.3871091808174625
1,return_above_1_percent,E_no_regime,forest,development|BTC/USDT|2023-06-27T15:00:00+00:00,0.19493831023637523
1,return_above_1_percent,E_no_regime,forest,development|ETH/USDT|2023-06-27T20:00:00+00:00,0.2830062496928594
1,return_above_1_percent,E_no_regime,forest,development|BTC/USDT|2023-06-29T20:00:00+00:00,0.2558759607351711
1,return_above_1_percent,E_no_regime,forest,development|ETH/USDT|2023-06-30T01:00:00+00:00,0.43018358027421527
1,return_above_1_percent,E_no_regime,hist_gradient,development|BTC/USDT|2023-04-01T04:00:00+00:00,0.308894108611971
1,return_above_1_percent,E_no_regime,hist_gradient,development|ETH/USDT|2023-04-04T02:00:00+00:00,0.3434235086727918
1,return_above_1_percent,E_no_regime,hist_gradient,development|BTC/USDT|2023-04-04T18:00:00+00:00,0.20665423926084064
1,return_above_1_percent,E_no_regime,hist_gradient,development|BTC/USDT|2023-04-08T11:00:00+00:00,0.34330104348880985
1,return_above_1_percent,E_no_regime,hist_gradient,development|ETH/USDT|2023-04-08T15:00:00+00:00,0.39512094867736314
1,return_above_1_percent,E_no_regime,hist_gradient,development|BTC/USDT|2023-04-09T23:00:00+00:00,0.3023454065865526
1,return_above_1_percent,E_no_regime,hist_gradient,development|ETH/USDT|2023-04-10T10:00:00+00:00,0.39512094867736314
1,return_above_1_percent,E_no_regime,hist_gradient,development|ETH/USDT|2023-04-13T05:00:00+00:00,0.3481425670888315
1,return_above_1_percent,E_no_regime,hist_gradient,development|BTC/USDT|2023-04-13T15:00:00+00:00,0.1860308108102105
1,return_above_1_percent,E_no_regime,hist_gradient,development|ETH/USDT|2023-04-16T20:00:00+00:00,0.2616266247988247
1,return_above_1_percent,E_no_regime,hist_gradient,development|BTC/USDT|2023-04-18T19:00:00+00:00,0.1867882671261021
1,return_above_1_percent,E_no_regime,hist_gradient,development|ETH/USDT|2023-04-18T21:00:00+00:00,0.2950761852727555
1,return_above_1_percent,E_no_regime,hist_gradient,development|BTC/USDT|2023-04-23T09:00:00+00:00,0.35344798300148117
1,return_above_1_percent,E_no_regime,hist_gradient,development|ETH/USDT|2023-04-23T12:00:00+00:00,0.17946976437061324
1,return_above_1_percent,E_no_regime,hist_gradient,development|BTC/USDT|2023-04-25T23:00:00+00:00,0.2616266247988247
1,return_above_1_percent,E_no_regime,hist_gradient,development|ETH/USDT|2023-04-26T04:00:00+00:00,0.24332065155243604
1,return_above_1_percent,E_no_regime,hist_gradient,development|BTC/USDT|2023-04-29T10:00:00+00:00,0.2994338720054178
1,return_above_1_percent,E_no_regime,hist_gradient,development|ETH/USDT|2023-04-29T23:00:00+00:00,0.2987578044699319
1,return_above_1_percent,E_no_regime,hist_gradient,development|BTC/USDT|2023-04-30T18:00:00+00:00,0.2616266247988247
1,return_above_1_percent,E_no_regime,hist_gradient,development|ETH/USDT|2023-05-02T23:00:00+00:00,0.3022308470011423
1,return_above_1_percent,E_no_regime,hist_gradient,development|BTC/USDT|2023-05-03T02:00:00+00:00,0.24052087918274717
1,return_above_1_percent,E_no_regime,hist_gradient,development|BTC/USDT|2023-05-10T13:00:00+00:00,0.22591250962972811
1,return_above_1_percent,E_no_regime,hist_gradient,development|ETH/USDT|2023-05-10T13:00:00+00:00,0.22591250962972811
1,return_above_1_percent,E_no_regime,hist_gradient,development|ETH/USDT|2023-05-13T09:00:00+00:00,0.27880997874143737
1,return_above_1_percent,E_no_regime,hist_gradient,development|BTC/USDT|2023-05-13T14:00:00+00:00,0.2885734057873696
1,return_above_1_percent,E_no_regime,hist_gradient,development|BTC/USDT|2023-05-18T04:00:00+00:00,0.19225380435019995
1,return_above_1_percent,E_no_regime,hist_gradient,development|ETH/USDT|2023-05-18T09:00:00+00:00,0.39512094867736314
1,return_above_1_percent,E_no_regime,hist_gradient,development|ETH/USDT|2023-05-20T03:00:00+00:00,0.39512094867736314
1,return_above_1_percent,E_no_regime,hist_gradient,development|BTC/USDT|2023-05-20T16:00:00+00:00,0.34330104348880985
1,return_above_1_percent,E_no_regime,hist_gradient,development|ETH/USDT|2023-05-22T22:00:00+00:00,0.39512094867736314
1,return_above_1_percent,E_no_regime,hist_gradient,development|BTC/USDT|2023-05-23T04:00:00+00:00,0.22591250962972811
1,return_above_1_percent,E_no_regime,hist_gradient,development|ETH/USDT|2023-05-26T05:00:00+00:00,0.33774941058982444
1,return_above_1_percent,E_no_regime,hist_gradient,development|BTC/USDT|2023-05-26T07:00:00+00:00,0.26048334740971085
1,return_above_1_percent,E_no_regime,hist_gradient,development|ETH/USDT|2023-06-02T04:00:00+00:00,0.3022308470011423
1,return_above_1_percent,E_no_regime,hist_gradient,development|BTC/USDT|2023-06-02T12:00:00+00:00,0.24052087918274717
1,return_above_1_percent,E_no_regime,hist_gradient,development|BTC/USDT|2023-06-04T21:00:00+00:00,0.34330104348880985
1,return_above_1_percent,E_no_regime,hist_gradient,development|ETH/USDT|2023-06-04T21:00:00+00:00,0.39512094867736314
1,return_above_1_percent,E_no_regime,hist_gradient,development|ETH/USDT|2023-06-07T01:00:00+00:00,0.32693389787900645
1,return_above_1_percent,E_no_regime,hist_gradient,development|BTC/USDT|2023-06-07T02:00:00+00:00,0.2649317781358046
1,return_above_1_percent,E_no_regime,hist_gradient,development|BTC/USDT|2023-06-09T07:00:00+00:00,0.39512094867736314
1,return_above_1_percent,E_no_regime,hist_gradient,development|ETH/USDT|2023-06-09T14:00:00+00:00,0.2885734057873696
1,return_above_1_percent,E_no_regime,hist_gradient,development|BTC/USDT|2023-06-12T01:00:00+00:00,0.25795620774676825
1,return_above_1_percent,E_no_regime,hist_gradient,development|ETH/USDT|2023-06-12T06:00:00+00:00,0.3763121973109999
1,return_above_1_percent,E_no_regime,hist_gradient,development|ETH/USDT|2023-06-13T21:00:00+00:00,0.41760105956374605
1,return_above_1_percent,E_no_regime,hist_gradient,development|ETH/USDT|2023-06-14T14:00:00+00:00,0.2950761852727555
1,return_above_1_percent,E_no_regime,hist_gradient,development|BTC/USDT|2023-06-14T19:00:00+00:00,0.2950761852727555
1,return_above_1_percent,E_no_regime,hist_gradient,development|BTC/USDT|2023-06-16T10:00:00+00:00,0.19834705223481422
1,return_above_1_percent,E_no_regime,hist_gradient,development|ETH/USDT|2023-06-16T15:00:00+00:00,0.2950761852727555
1,return_above_1_percent,E_no_regime,hist_gradient,development|BTC/USDT|2023-06-19T23:00:00+00:00,0.2649317781358046
1,return_above_1_percent,E_no_regime,hist_gradient,development|ETH/USDT|2023-06-20T12:00:00+00:00,0.305504817772682
1,return_above_1_percent,E_no_regime,hist_gradient,development|BTC/USDT|2023-06-23T16:00:00+00:00,0.22105718898926646
1,return_above_1_percent,E_no_regime,hist_gradient,development|ETH/USDT|2023-06-24T04:00:00+00:00,0.27660002034973624
1,return_above_1_percent,E_no_regime,hist_gradient,development|BTC/USDT|2023-06-25T12:00:00+00:00,0.2120432751385322
1,return_above_1_percent,E_no_regime,hist_gradient,development|ETH/USDT|2023-06-25T12:00:00+00:00,0.1738306808091902
1,return_above_1_percent,E_no_regime,hist_gradient,development|BTC/USDT|2023-06-25T20:00:00+00:00,0.2994338720054178
1,return_above_1_percent,E_no_regime,hist_gradient,development|BTC/USDT|2023-06-27T15:00:00+00:00,0.20467282976083992
1,return_above_1_percent,E_no_regime,hist_gradient,development|ETH/USDT|2023-06-27T20:00:00+00:00,0.3028343539170068
1,return_above_1_percent,E_no_regime,hist_gradient,development|BTC/USDT|2023-06-29T20:00:00+00:00,0.2432206597192922
1,return_above_1_percent,E_no_regime,hist_gradient,development|ETH/USDT|2023-06-30T01:00:00+00:00,0.3434235086727918
2,profitable_after_fees,A_all,dummy,development|BTC/USDT|2023-07-02T01:00:00+00:00,0.3577981651376147
2,profitable_after_fees,A_all,dummy,development|ETH/USDT|2023-07-03T02:00:00+00:00,0.3577981651376147
2,profitable_after_fees,A_all,dummy,development|BTC/USDT|2023-07-08T13:00:00+00:00,0.3577981651376147
2,profitable_after_fees,A_all,dummy,development|BTC/USDT|2023-07-09T09:00:00+00:00,0.3577981651376147
2,profitable_after_fees,A_all,dummy,development|BTC/USDT|2023-07-09T15:00:00+00:00,0.3577981651376147
2,profitable_after_fees,A_all,dummy,development|ETH/USDT|2023-07-09T15:00:00+00:00,0.3577981651376147
2,profitable_after_fees,A_all,dummy,development|BTC/USDT|2023-07-10T21:00:00+00:00,0.3577981651376147
2,profitable_after_fees,A_all,dummy,development|ETH/USDT|2023-07-10T21:00:00+00:00,0.3577981651376147
2,profitable_after_fees,A_all,dummy,development|ETH/USDT|2023-07-13T17:00:00+00:00,0.3577981651376147
2,profitable_after_fees,A_all,dummy,development|BTC/USDT|2023-07-13T20:00:00+00:00,0.3577981651376147
2,profitable_after_fees,A_all,dummy,development|BTC/USDT|2023-07-16T20:00:00+00:00,0.3577981651376147
2,profitable_after_fees,A_all,dummy,development|BTC/USDT|2023-07-17T01:00:00+00:00,0.3577981651376147
2,profitable_after_fees,A_all,dummy,development|ETH/USDT|2023-07-19T12:00:00+00:00,0.3577981651376147
2,profitable_after_fees,A_all,dummy,development|BTC/USDT|2023-07-19T18:00:00+00:00,0.3577981651376147
2,profitable_after_fees,A_all,dummy,development|ETH/USDT|2023-07-20T11:00:00+00:00,0.3577981651376147
2,profitable_after_fees,A_all,dummy,development|BTC/USDT|2023-07-22T10:00:00+00:00,0.3577981651376147
2,profitable_after_fees,A_all,dummy,development|BTC/USDT|2023-07-23T18:00:00+00:00,0.3577981651376147
2,profitable_after_fees,A_all,dummy,development|ETH/USDT|2023-07-26T02:00:00+00:00,0.3577981651376147
2,profitable_after_fees,A_all,dummy,development|BTC/USDT|2023-07-26T08:00:00+00:00,0.3577981651376147
2,profitable_after_fees,A_all,dummy,development|ETH/USDT|2023-07-29T00:00:00+00:00,0.3577981651376147
2,profitable_after_fees,A_all,dummy,development|BTC/USDT|2023-07-29T05:00:00+00:00,0.3577981651376147
2,profitable_after_fees,A_all,dummy,development|BTC/USDT|2023-07-30T17:00:00+00:00,0.3577981651376147
2,profitable_after_fees,A_all,dummy,development|BTC/USDT|2023-07-31T04:00:00+00:00,0.3577981651376147
2,profitable_after_fees,A_all,dummy,development|BTC/USDT|2023-08-02T05:00:00+00:00,0.3577981651376147
2,profitable_after_fees,A_all,dummy,development|ETH/USDT|2023-08-02T08:00:00+00:00,0.3577981651376147
2,profitable_after_fees,A_all,dummy,development|BTC/USDT|2023-08-04T10:00:00+00:00,0.3577981651376147
2,profitable_after_fees,A_all,dummy,development|ETH/USDT|2023-08-06T06:00:00+00:00,0.3577981651376147
2,profitable_after_fees,A_all,dummy,development|BTC/USDT|2023-08-06T19:00:00+00:00,0.3577981651376147
2,profitable_after_fees,A_all,dummy,development|ETH/USDT|2023-08-07T09:00:00+00:00,0.3577981651376147
2,profitable_after_fees,A_all,dummy,development|ETH/USDT|2023-08-08T15:00:00+00:00,0.3577981651376147
2,profitable_after_fees,A_all,dummy,development|ETH/USDT|2023-08-12T16:00:00+00:00,0.3577981651376147
2,profitable_after_fees,A_all,dummy,development|BTC/USDT|2023-08-13T00:00:00+00:00,0.3577981651376147
2,profitable_after_fees,A_all,dummy,development|BTC/USDT|2023-08-14T18:00:00+00:00,0.3577981651376147
2,profitable_after_fees,A_all,dummy,development|ETH/USDT|2023-08-20T04:00:00+00:00,0.3577981651376147
2,profitable_after_fees,A_all,dummy,development|BTC/USDT|2023-08-20T09:00:00+00:00,0.3577981651376147
2,profitable_after_fees,A_all,dummy,development|BTC/USDT|2023-08-23T18:00:00+00:00,0.3577981651376147
2,profitable_after_fees,A_all,dummy,development|ETH/USDT|2023-08-23T22:00:00+00:00,0.3577981651376147
2,profitable_after_fees,A_all,dummy,development|BTC/USDT|2023-08-26T16:00:00+00:00,0.3577981651376147
2,profitable_after_fees,A_all,dummy,development|ETH/USDT|2023-08-26T16:00:00+00:00,0.3577981651376147
2,profitable_after_fees,A_all,dummy,development|BTC/USDT|2023-08-27T13:00:00+00:00,0.3577981651376147
2,profitable_after_fees,A_all,dummy,development|ETH/USDT|2023-08-27T16:00:00+00:00,0.3577981651376147
2,profitable_after_fees,A_all,dummy,development|BTC/USDT|2023-08-29T03:00:00+00:00,0.3577981651376147
2,profitable_after_fees,A_all,dummy,development|ETH/USDT|2023-08-29T07:00:00+00:00,0.3577981651376147
2,profitable_after_fees,A_all,dummy,development|BTC/USDT|2023-08-29T15:00:00+00:00,0.3577981651376147
2,profitable_after_fees,A_all,dummy,development|ETH/USDT|2023-08-29T15:00:00+00:00,0.3577981651376147
2,profitable_after_fees,A_all,dummy,development|ETH/USDT|2023-09-03T05:00:00+00:00,0.3577981651376147
2,profitable_after_fees,A_all,dummy,development|BTC/USDT|2023-09-03T06:00:00+00:00,0.3577981651376147
2,profitable_after_fees,A_all,dummy,development|ETH/USDT|2023-09-06T01:00:00+00:00,0.3577981651376147
2,profitable_after_fees,A_all,dummy,development|BTC/USDT|2023-09-07T13:00:00+00:00,0.3577981651376147
2,profitable_after_fees,A_all,dummy,development|BTC/USDT|2023-09-07T15:00:00+00:00,0.3577981651376147
2,profitable_after_fees,A_all,dummy,development|BTC/USDT|2023-09-12T16:00:00+00:00,0.3577981651376147
2,profitable_after_fees,A_all,dummy,development|ETH/USDT|2023-09-12T21:00:00+00:00,0.3577981651376147
2,profitable_after_fees,A_all,dummy,development|BTC/USDT|2023-09-16T14:00:00+00:00,0.3577981651376147
2,profitable_after_fees,A_all,dummy,development|BTC/USDT|2023-09-18T05:00:00+00:00,0.3577981651376147
2,profitable_after_fees,A_all,dummy,development|ETH/USDT|2023-09-18T14:00:00+00:00,0.3577981651376147
2,profitable_after_fees,A_all,dummy,development|ETH/USDT|2023-09-23T08:00:00+00:00,0.3577981651376147
2,profitable_after_fees,A_all,dummy,development|BTC/USDT|2023-09-24T12:00:00+00:00,0.3577981651376147
2,profitable_after_fees,A_all,dummy,development|ETH/USDT|2023-09-24T15:00:00+00:00,0.3577981651376147
2,profitable_after_fees,A_all,dummy,development|BTC/USDT|2023-09-24T18:00:00+00:00,0.3577981651376147
2,profitable_after_fees,A_all,dummy,development|ETH/USDT|2023-09-26T08:00:00+00:00,0.3577981651376147
2,profitable_after_fees,A_all,dummy,development|BTC/USDT|2023-09-26T21:00:00+00:00,0.3577981651376147
2,profitable_after_fees,A_all,dummy,development|BTC/USDT|2023-09-27T12:00:00+00:00,0.3577981651376147
2,profitable_after_fees,A_all,dummy,development|BTC/USDT|2023-09-30T22:00:00+00:00,0.3577981651376147
2,profitable_after_fees,A_all,logistic,development|BTC/USDT|2023-07-02T01:00:00+00:00,0.31737742910029654
2,profitable_after_fees,A_all,logistic,development|ETH/USDT|2023-07-03T02:00:00+00:00,0.23882659394636427
2,profitable_after_fees,A_all,logistic,development|BTC/USDT|2023-07-08T13:00:00+00:00,0.29559041023526633
2,profitable_after_fees,A_all,logistic,development|BTC/USDT|2023-07-09T09:00:00+00:00,0.14343681752981707
2,profitable_after_fees,A_all,logistic,development|BTC/USDT|2023-07-09T15:00:00+00:00,0.15639549267241
2,profitable_after_fees,A_all,logistic,development|ETH/USDT|2023-07-09T15:00:00+00:00,0.3729272144191321
2,profitable_after_fees,A_all,logistic,development|BTC/USDT|2023-07-10T21:00:00+00:00,0.5773509018970742
2,profitable_after_fees,A_all,logistic,development|ETH/USDT|2023-07-10T21:00:00+00:00,0.3439982286939662
2,profitable_after_fees,A_all,logistic,development|ETH/USDT|2023-07-13T17:00:00+00:00,0.10037020305786407
2,profitable_after_fees,A_all,logistic,development|BTC/USDT|2023-07-13T20:00:00+00:00,0.23717418202542087
2,profitable_after_fees,A_all,logistic,development|BTC/USDT|2023-07-16T20:00:00+00:00,0.25202285578085154
2,profitable_after_fees,A_all,logistic,development|BTC/USDT|2023-07-17T01:00:00+00:00,0.6868948792718632
2,profitable_after_fees,A_all,logistic,development|ETH/USDT|2023-07-19T12:00:00+00:00,0.4438434730969568
2,profitable_after_fees,A_all,logistic,development|BTC/USDT|2023-07-19T18:00:00+00:00,0.2596935452114274
2,profitable_after_fees,A_all,logistic,development|ETH/USDT|2023-07-20T11:00:00+00:00,0.22087114486060289
2,profitable_after_fees,A_all,logistic,development|BTC/USDT|2023-07-22T10:00:00+00:00,0.39251731070614415
2,profitable_after_fees,A_all,logistic,development|BTC/USDT|2023-07-23T18:00:00+00:00,0.06270871618933517
2,profitable_after_fees,A_all,logistic,development|ETH/USDT|2023-07-26T02:00:00+00:00,0.45665767173243743
2,profitable_after_fees,A_all,logistic,development|BTC/USDT|2023-07-26T08:00:00+00:00,0.6253663884722674
2,profitable_after_fees,A_all,logistic,development|ETH/USDT|2023-07-29T00:00:00+00:00,0.19715963598994365
2,profitable_after_fees,A_all,logistic,development|BTC/USDT|2023-07-29T05:00:00+00:00,0.4709590225256611
2,profitable_after_fees,A_all,logistic,development|BTC/USDT|2023-07-30T17:00:00+00:00,0.092053628126178
2,profitable_after_fees,A_all,logistic,development|BTC/USDT|2023-07-31T04:00:00+00:00,0.35212253150420725
2,profitable_after_fees,A_all,logistic,development|BTC/USDT|2023-08-02T05:00:00+00:00,0.4701012850172855
2,profitable_after_fees,A_all,logistic,development|ETH/USDT|2023-08-02T08:00:00+00:00,0.6379733986506646
2,profitable_after_fees,A_all,logistic,development|BTC/USDT|2023-08-04T10:00:00+00:00,0.17444630912020784
2,profitable_after_fees,A_all,logistic,development|ETH/USDT|2023-08-06T06:00:00+00:00,0.1609154733046245
2,profitable_after_fees,A_all,logistic,development|BTC/USDT|2023-08-06T19:00:00+00:00,0.17371197754560488
2,profitable_after_fees,A_all,logistic,development|ETH/USDT|2023-08-07T09:00:00+00:00,0.08945593743260404
2,profitable_after_fees,A_all,logistic,development|ETH/USDT|2023-08-08T15:00:00+00:00,0.46093798947016257
2,profitable_after_fees,A_all,logistic,development|ETH/USDT|2023-08-12T16:00:00+00:00,0.11527926795373442
2,profitable_after_fees,A_all,logistic,development|BTC/USDT|2023-08-13T00:00:00+00:00,0.12042961657971181
2,profitable_after_fees,A_all,logistic,development|BTC/USDT|2023-08-14T18:00:00+00:00,0.08527287151212545
2,profitable_after_fees,A_all,logistic,development|ETH/USDT|2023-08-20T04:00:00+00:00,0.7836879108190575
2,profitable_after_fees,A_all,logistic,development|BTC/USDT|2023-08-20T09:00:00+00:00,0.7307971681311975
2,profitable_after_fees,A_all,logistic,development|BTC/USDT|2023-08-23T18:00:00+00:00,0.5784943325016978
2,profitable_after_fees,A_all,logistic,development|ETH/USDT|2023-08-23T22:00:00+00:00,0.6255174242817351
2,profitable_after_fees,A_all,logistic,development|BTC/USDT|2023-08-26T16:00:00+00:00,0.34462170783431084
2,profitable_after_fees,A_all,logistic,development|ETH/USDT|2023-08-26T16:00:00+00:00,0.42770652332001036
2,profitable_after_fees,A_all,logistic,development|BTC/USDT|2023-08-27T13:00:00+00:00,0.13044376890670542
2,profitable_after_fees,A_all,logistic,development|ETH/USDT|2023-08-27T16:00:00+00:00,0.1893319442433502
2,profitable_after_fees,A_all,logistic,development|BTC/USDT|2023-08-29T03:00:00+00:00,0.653217813560559
2,profitable_after_fees,A_all,logistic,development|ETH/USDT|2023-08-29T07:00:00+00:00,0.2723836738239834
2,profitable_after_fees,A_all,logistic,development|BTC/USDT|2023-08-29T15:00:00+00:00,0.002919893525779509
2,profitable_after_fees,A_all,logistic,development|ETH/USDT|2023-08-29T15:00:00+00:00,0.0041518795199177025
2,profitable_after_fees,A_all,logistic,development|ETH/USDT|2023-09-03T05:00:00+00:00,0.5594953880452113
2,profitable_after_fees,A_all,logistic,development|BTC/USDT|2023-09-03T06:00:00+00:00,0.5084427492811098
2,profitable_after_fees,A_all,logistic,development|ETH/USDT|2023-09-06T01:00:00+00:00,0.6201958596113084
2,profitable_after_fees,A_all,logistic,development|BTC/USDT|2023-09-07T13:00:00+00:00,0.4299791924259145
2,profitable_after_fees,A_all,logistic,development|BTC/USDT|2023-09-07T15:00:00+00:00,0.30630119431910363
2,profitable_after_fees,A_all,logistic,development|BTC/USDT|2023-09-12T16:00:00+00:00,0.41698553076328726
2,profitable_after_fees,A_all,logistic,development|ETH/USDT|2023-09-12T21:00:00+00:00,0.8069699668052122
2,profitable_after_fees,A_all,logistic,development|BTC/USDT|2023-09-16T14:00:00+00:00,0.2362090179314224
2,profitable_after_fees,A_all,logistic,development|BTC/USDT|2023-09-18T05:00:00+00:00,0.45731905482096946
2,profitable_after_fees,A_all,logistic,development|ETH/USDT|2023-09-18T14:00:00+00:00,0.5059181241463442
2,profitable_after_fees,A_all,logistic,development|ETH/USDT|2023-09-23T08:00:00+00:00,0.5738387805960751
2,profitable_after_fees,A_all,logistic,development|BTC/USDT|2023-09-24T12:00:00+00:00,0.11126135063452638
2,profitable_after_fees,A_all,logistic,development|ETH/USDT|2023-09-24T15:00:00+00:00,0.16135482413506508
2,profitable_after_fees,A_all,logistic,development|BTC/USDT|2023-09-24T18:00:00+00:00,0.08508358789152502
2,profitable_after_fees,A_all,logistic,development|ETH/USDT|2023-09-26T08:00:00+00:00,0.6733698356933651
2,profitable_after_fees,A_all,logistic,development|BTC/USDT|2023-09-26T21:00:00+00:00,0.5522672686660175
2,profitable_after_fees,A_all,logistic,development|BTC/USDT|2023-09-27T12:00:00+00:00,0.23780270100058273
2,profitable_after_fees,A_all,logistic,development|BTC/USDT|2023-09-30T22:00:00+00:00,0.20585767721181816
2,profitable_after_fees,A_all,forest,development|BTC/USDT|2023-07-02T01:00:00+00:00,0.3080637524817864
2,profitable_after_fees,A_all,forest,development|ETH/USDT|2023-07-03T02:00:00+00:00,0.12644755544220604
2,profitable_after_fees,A_all,forest,development|BTC/USDT|2023-07-08T13:00:00+00:00,0.3249243690836108
2,profitable_after_fees,A_all,forest,development|BTC/USDT|2023-07-09T09:00:00+00:00,0.32048094976745467
2,profitable_after_fees,A_all,forest,development|BTC/USDT|2023-07-09T15:00:00+00:00,0.2921700470083386
2,profitable_after_fees,A_all,forest,development|ETH/USDT|2023-07-09T15:00:00+00:00,0.3378533367945542
2,profitable_after_fees,A_all,forest,development|BTC/USDT|2023-07-10T21:00:00+00:00,0.47501517483979133
2,profitable_after_fees,A_all,forest,development|ETH/USDT|2023-07-10T21:00:00+00:00,0.31587897814358334
2,profitable_after_fees,A_all,forest,development|ETH/USDT|2023-07-13T17:00:00+00:00,0.14883031124195178
2,profitable_after_fees,A_all,forest,development|BTC/USDT|2023-07-13T20:00:00+00:00,0.10680538654007782
2,profitable_after_fees,A_all,forest,development|BTC/USDT|2023-07-16T20:00:00+00:00,0.4064322855848903
2,profitable_after_fees,A_all,forest,development|BTC/USDT|2023-07-17T01:00:00+00:00,0.43194702836489257
2,profitable_after_fees,A_all,forest,development|ETH/USDT|2023-07-19T12:00:00+00:00,0.35407703931563134
2,profitable_after_fees,A_all,forest,development|BTC/USDT|2023-07-19T18:00:00+00:00,0.3975206998923677
2,profitable_after_fees,A_all,forest,development|ETH/USDT|2023-07-20T11:00:00+00:00,0.40813809664157047
2,profitable_after_fees,A_all,forest,development|BTC/USDT|2023-07-22T10:00:00+00:00,0.4417505115287163
2,profitable_after_fees,A_all,forest,development|BTC/USDT|2023-07-23T18:00:00+00:00,0.22403644501892533
2,profitable_after_fees,A_all,forest,development|ETH/USDT|2023-07-26T02:00:00+00:00,0.4283422314643505
2,profitable_after_fees,A_all,forest,development|BTC/USDT|2023-07-26T08:00:00+00:00,0.4705338434206759
2,profitable_after_fees,A_all,forest,development|ETH/USDT|2023-07-29T00:00:00+00:00,0.370921663035928
2,profitable_after_fees,A_all,forest,development|BTC/USDT|2023-07-29T05:00:00+00:00,0.46166068413997907
2,profitable_after_fees,A_all,forest,development|BTC/USDT|2023-07-30T17:00:00+00:00,0.21116355831428354
2,profitable_after_fees,A_all,forest,development|BTC/USDT|2023-07-31T04:00:00+00:00,0.38512389424592064
2,profitable_after_fees,A_all,forest,development|BTC/USDT|2023-08-02T05:00:00+00:00,0.36645739727696575
2,profitable_after_fees,A_all,forest,development|ETH/USDT|2023-08-02T08:00:00+00:00,0.5271643264006813
2,profitable_after_fees,A_all,forest,development|BTC/USDT|2023-08-04T10:00:00+00:00,0.3247894139311744
2,profitable_after_fees,A_all,forest,development|ETH/USDT|2023-08-06T06:00:00+00:00,0.2877517118641633
2,profitable_after_fees,A_all,forest,development|BTC/USDT|2023-08-06T19:00:00+00:00,0.277248389845113
2,profitable_after_fees,A_all,forest,development|ETH/USDT|2023-08-07T09:00:00+00:00,0.2911936236622321
2,profitable_after_fees,A_all,forest,development|ETH/USDT|2023-08-08T15:00:00+00:00,0.3816467068749763
2,profitable_after_fees,A_all,forest,development|ETH/USDT|2023-08-12T16:00:00+00:00,0.24440258886028154
2,profitable_after_fees,A_all,forest,development|BTC/USDT|2023-08-13T00:00:00+00:00,0.23378493152568605
2,profitable_after_fees,A_all,forest,development|BTC/USDT|2023-08-14T18:00:00+00:00,0.32257789806259235
2,profitable_after_fees,A_all,forest,development|ETH/USDT|2023-08-20T04:00:00+00:00,0.5309841496666636
2,profitable_after_fees,A_all,forest,development|BTC/USDT|2023-08-20T09:00:00+00:00,0.3936912372177257
2,profitable_after_fees,A_all,forest,development|BTC/USDT|2023-08-23T18:00:00+00:00,0.43212865543253387
2,profitable_after_fees,A_all,forest,development|ETH/USDT|2023-08-23T22:00:00+00:00,0.4671364870331673
2,profitable_after_fees,A_all,forest,development|BTC/USDT|2023-08-26T16:00:00+00:00,0.404496266269708
2,profitable_after_fees,A_all,forest,development|ETH/USDT|2023-08-26T16:00:00+00:00,0.40080057576304434
2,profitable_after_fees,A_all,forest,development|BTC/USDT|2023-08-27T13:00:00+00:00,0.3047988192776725
2,profitable_after_fees,A_all,forest,development|ETH/USDT|2023-08-27T16:00:00+00:00,0.31068653171911814
2,profitable_after_fees,A_all,forest,development|BTC/USDT|2023-08-29T03:00:00+00:00,0.5274073706403959
2,profitable_after_fees,A_all,forest,development|ETH/USDT|2023-08-29T07:00:00+00:00,0.490772226307008
2,profitable_after_fees,A_all,forest,development|BTC/USDT|2023-08-29T15:00:00+00:00,0.1725489168883893
2,profitable_after_fees,A_all,forest,development|ETH/USDT|2023-08-29T15:00:00+00:00,0.13779617906965186
2,profitable_after_fees,A_all,forest,development|ETH/USDT|2023-09-03T05:00:00+00:00,0.4069128486569325
2,profitable_after_fees,A_all,forest,development|BTC/USDT|2023-09-03T06:00:00+00:00,0.3408121618861304
2,profitable_after_fees,A_all,forest,development|ETH/USDT|2023-09-06T01:00:00+00:00,0.5464990730937584
2,profitable_after_fees,A_all,forest,development|BTC/USDT|2023-09-07T13:00:00+00:00,0.45992693680905
2,profitable_after_fees,A_all,forest,development|BTC/USDT|2023-09-07T15:00:00+00:00,0.4453605237555812
2,profitable_after_fees,A_all,forest,development|BTC/USDT|2023-09-12T16:00:00+00:00,0.23948392570830335
2,profitable_after_fees,A_all,forest,development|ETH/USDT|2023-09-12T21:00:00+00:00,0.6273087456005702
2,profitable_after_fees,A_all,forest,development|BTC/USDT|2023-09-16T14:00:00+00:00,0.4067778581259722
2,profitable_after_fees,A_all,forest,development|BTC/USDT|2023-09-18T05:00:00+00:00,0.2966209204058708
2,profitable_after_fees,A_all,forest,development|ETH/USDT|2023-09-18T14:00:00+00:00,0.27335884783990766
2,profitable_after_fees,A_all,forest,development|ETH/USDT|2023-09-23T08:00:00+00:00,0.3631751407137518
2,profitable_after_fees,A_all,forest,development|BTC/USDT|2023-09-24T12:00:00+00:00,0.21683019279186005
2,profitable_after_fees,A_all,forest,development|ETH/USDT|2023-09-24T15:00:00+00:00,0.24571349293383796
2,profitable_after_fees,A_all,forest,development|BTC/USDT|2023-09-24T18:00:00+00:00,0.2349780570758642
2,profitable_after_fees,A_all,forest,development|ETH/USDT|2023-09-26T08:00:00+00:00,0.5366118909239026
2,profitable_after_fees,A_all,forest,development|BTC/USDT|2023-09-26T21:00:00+00:00,0.5163156856557032
2,profitable_after_fees,A_all,forest,development|BTC/USDT|2023-09-27T12:00:00+00:00,0.32848598680000296
2,profitable_after_fees,A_all,forest,development|BTC/USDT|2023-09-30T22:00:00+00:00,0.22865039990676814
2,profitable_after_fees,A_all,hist_gradient,development|BTC/USDT|2023-07-02T01:00:00+00:00,0.31366202769428764
2,profitable_after_fees,A_all,hist_gradient,development|ETH/USDT|2023-07-03T02:00:00+00:00,0.16525520959651385
2,profitable_after_fees,A_all,hist_gradient,development|BTC/USDT|2023-07-08T13:00:00+00:00,0.25553064278354537
2,profitable_after_fees,A_all,hist_gradient,development|BTC/USDT|2023-07-09T09:00:00+00:00,0.3928384453957794
2,profitable_after_fees,A_all,hist_gradient,development|BTC/USDT|2023-07-09T15:00:00+00:00,0.2738921218163767
2,profitable_after_fees,A_all,hist_gradient,development|ETH/USDT|2023-07-09T15:00:00+00:00,0.34610240043121404
2,profitable_after_fees,A_all,hist_gradient,development|BTC/USDT|2023-07-10T21:00:00+00:00,0.5004421575282673
2,profitable_after_fees,A_all,hist_gradient,development|ETH/USDT|2023-07-10T21:00:00+00:00,0.21390089795189582
2,profitable_after_fees,A_all,hist_gradient,development|ETH/USDT|2023-07-13T17:00:00+00:00,0.15375079378070647
2,profitable_after_fees,A_all,hist_gradient,development|BTC/USDT|2023-07-13T20:00:00+00:00,0.1437349254871767
2,profitable_after_fees,A_all,hist_gradient,development|BTC/USDT|2023-07-16T20:00:00+00:00,0.422158322190013
2,profitable_after_fees,A_all,hist_gradient,development|BTC/USDT|2023-07-17T01:00:00+00:00,0.4308505370582442
2,profitable_after_fees,A_all,hist_gradient,development|ETH/USDT|2023-07-19T12:00:00+00:00,0.3252910100796498
2,profitable_after_fees,A_all,hist_gradient,development|BTC/USDT|2023-07-19T18:00:00+00:00,0.3709241870566452
2,profitable_after_fees,A_all,hist_gradient,development|ETH/USDT|2023-07-20T11:00:00+00:00,0.31407314955034016
2,profitable_after_fees,A_all,hist_gradient,development|BTC/USDT|2023-07-22T10:00:00+00:00,0.5522161928260921
2,profitable_after_fees,A_all,hist_gradient,development|BTC/USDT|2023-07-23T18:00:00+00:00,0.21241120081654985
2,profitable_after_fees,A_all,hist_gradient,development|ETH/USDT|2023-07-26T02:00:00+00:00,0.47908665662487177
2,profitable_after_fees,A_all,hist_gradient,development|BTC/USDT|2023-07-26T08:00:00+00:00,0.5767813193610243
2,profitable_after_fees,A_all,hist_gradient,development|ETH/USDT|2023-07-29T00:00:00+00:00,0.27399684066023433
2,profitable_after_fees,A_all,hist_gradient,development|BTC/USDT|2023-07-29T05:00:00+00:00,0.5759057131452369
2,profitable_after_fees,A_all,hist_gradient,development|BTC/USDT|2023-07-30T17:00:00+00:00,0.228757334174792
2,profitable_after_fees,A_all,hist_gradient,development|BTC/USDT|2023-07-31T04:00:00+00:00,0.3392911884127608
2,profitable_after_fees,A_all,hist_gradient,development|BTC/USDT|2023-08-02T05:00:00+00:00,0.18042630540104837
2,profitable_after_fees,A_all,hist_gradient,development|ETH/USDT|2023-08-02T08:00:00+00:00,0.4978576695774635
2,profitable_after_fees,A_all,hist_gradient,development|BTC/USDT|2023-08-04T10:00:00+00:00,0.2683188474169404
2,profitable_after_fees,A_all,hist_gradient,development|ETH/USDT|2023-08-06T06:00:00+00:00,0.33444558871984625
2,profitable_after_fees,A_all,hist_gradient,development|BTC/USDT|2023-08-06T19:00:00+00:00,0.3164950234710969
2,profitable_after_fees,A_all,hist_gradient,development|ETH/USDT|2023-08-07T09:00:00+00:00,0.339594347776517
2,profitable_after_fees,A_all,hist_gradient,development|ETH/USDT|2023-08-08T15:00:00+00:00,0.34182438663533155
2,profitable_after_fees,A_all,hist_gradient,development|ETH/USDT|2023-08-12T16:00:00+00:00,0.25553064278354537
2,profitable_after_fees,A_all,hist_gradient,development|BTC/USDT|2023-08-13T00:00:00+00:00,0.25553064278354537
2,profitable_after_fees,A_all,hist_gradient,development|BTC/USDT|2023-08-14T18:00:00+00:00,0.2306454413340087
2,profitable_after_fees,A_all,hist_gradient,development|ETH/USDT|2023-08-20T04:00:00+00:00,0.45589580587330963
2,profitable_after_fees,A_all,hist_gradient,development|BTC/USDT|2023-08-20T09:00:00+00:00,0.4039462695591751
2,profitable_after_fees,A_all,hist_gradient,development|BTC/USDT|2023-08-23T18:00:00+00:00,0.5466980678857521
2,profitable_after_fees,A_all,hist_gradient,development|ETH/USDT|2023-08-23T22:00:00+00:00,0.5539446049778589
2,profitable_after_fees,A_all,hist_gradient,development|BTC/USDT|2023-08-26T16:00:00+00:00,0.405441082245798
2,profitable_after_fees,A_all,hist_gradient,development|ETH/USDT|2023-08-26T16:00:00+00:00,0.405441082245798
2,profitable_after_fees,A_all,hist_gradient,development|BTC/USDT|2023-08-27T13:00:00+00:00,0.405441082245798
2,profitable_after_fees,A_all,hist_gradient,development|ETH/USDT|2023-08-27T16:00:00+00:00,0.3042160048317877
2,profitable_after_fees,A_all,hist_gradient,development|BTC/USDT|2023-08-29T03:00:00+00:00,0.47933743944146423
2,profitable_after_fees,A_all,hist_gradient,development|ETH/USDT|2023-08-29T07:00:00+00:00,0.5187819634877526
2,profitable_after_fees,A_all,hist_gradient,development|BTC/USDT|2023-08-29T15:00:00+00:00,0.22784020270539743
2,profitable_after_fees,A_all,hist_gradient,development|ETH/USDT|2023-08-29T15:00:00+00:00,0.15927237264954722
2,profitable_after_fees,A_all,hist_gradient,development|ETH/USDT|2023-09-03T05:00:00+00:00,0.35139831523868326
2,profitable_after_fees,A_all,hist_gradient,development|BTC/USDT|2023-09-03T06:00:00+00:00,0.3152502228834028
2,profitable_after_fees,A_all,hist_gradient,development|ETH/USDT|2023-09-06T01:00:00+00:00,0.6366677015163261
2,profitable_after_fees,A_all,hist_gradient,development|BTC/USDT|2023-09-07T13:00:00+00:00,0.446200854652533
2,profitable_after_fees,A_all,hist_gradient,development|BTC/USDT|2023-09-07T15:00:00+00:00,0.5500151112746527
2,profitable_after_fees,A_all,hist_gradient,development|BTC/USDT|2023-09-12T16:00:00+00:00,0.15459840920211287
2,profitable_after_fees,A_all,hist_gradient,development|ETH/USDT|2023-09-12T21:00:00+00:00,0.6136030265838173
2,profitable_after_fees,A_all,hist_gradient,development|BTC/USDT|2023-09-16T14:00:00+00:00,0.3640673110360052
2,profitable_after_fees,A_all,hist_gradient,development|BTC/USDT|2023-09-18T05:00:00+00:00,0.3958253776892451
2,profitable_after_fees,A_all,hist_gradient,development|ETH/USDT|2023-09-18T14:00:00+00:00,0.1881626366541022
2,profitable_after_fees,A_all,hist_gradient,development|ETH/USDT|2023-09-23T08:00:00+00:00,0.34610240043121404
2,profitable_after_fees,A_all,hist_gradient,development|BTC/USDT|2023-09-24T12:00:00+00:00,0.25553064278354537
2,profitable_after_fees,A_all,hist_gradient,development|ETH/USDT|2023-09-24T15:00:00+00:00,0.22225710470064097
2,profitable_after_fees,A_all,hist_gradient,development|BTC/USDT|2023-09-24T18:00:00+00:00,0.21241120081654985
2,profitable_after_fees,A_all,hist_gradient,development|ETH/USDT|2023-09-26T08:00:00+00:00,0.5264291464548304
2,profitable_after_fees,A_all,hist_gradient,development|BTC/USDT|2023-09-26T21:00:00+00:00,0.576182716301751
2,profitable_after_fees,A_all,hist_gradient,development|BTC/USDT|2023-09-27T12:00:00+00:00,0.3072198450681703
2,profitable_after_fees,A_all,hist_gradient,development|BTC/USDT|2023-09-30T22:00:00+00:00,0.2652117576307431
2,profitable_after_fees,B_reduced,dummy,development|BTC/USDT|2023-07-02T01:00:00+00:00,0.3577981651376147
2,profitable_after_fees,B_reduced,dummy,development|ETH/USDT|2023-07-03T02:00:00+00:00,0.3577981651376147
2,profitable_after_fees,B_reduced,dummy,development|BTC/USDT|2023-07-08T13:00:00+00:00,0.3577981651376147
2,profitable_after_fees,B_reduced,dummy,development|BTC/USDT|2023-07-09T09:00:00+00:00,0.3577981651376147
2,profitable_after_fees,B_reduced,dummy,development|BTC/USDT|2023-07-09T15:00:00+00:00,0.3577981651376147
2,profitable_after_fees,B_reduced,dummy,development|ETH/USDT|2023-07-09T15:00:00+00:00,0.3577981651376147
2,profitable_after_fees,B_reduced,dummy,development|BTC/USDT|2023-07-10T21:00:00+00:00,0.3577981651376147
2,profitable_after_fees,B_reduced,dummy,development|ETH/USDT|2023-07-10T21:00:00+00:00,0.3577981651376147
2,profitable_after_fees,B_reduced,dummy,development|ETH/USDT|2023-07-13T17:00:00+00:00,0.3577981651376147
2,profitable_after_fees,B_reduced,dummy,development|BTC/USDT|2023-07-13T20:00:00+00:00,0.3577981651376147
2,profitable_after_fees,B_reduced,dummy,development|BTC/USDT|2023-07-16T20:00:00+00:00,0.3577981651376147
2,profitable_after_fees,B_reduced,dummy,development|BTC/USDT|2023-07-17T01:00:00+00:00,0.3577981651376147
2,profitable_after_fees,B_reduced,dummy,development|ETH/USDT|2023-07-19T12:00:00+00:00,0.3577981651376147
2,profitable_after_fees,B_reduced,dummy,development|BTC/USDT|2023-07-19T18:00:00+00:00,0.3577981651376147
2,profitable_after_fees,B_reduced,dummy,development|ETH/USDT|2023-07-20T11:00:00+00:00,0.3577981651376147
2,profitable_after_fees,B_reduced,dummy,development|BTC/USDT|2023-07-22T10:00:00+00:00,0.3577981651376147
2,profitable_after_fees,B_reduced,dummy,development|BTC/USDT|2023-07-23T18:00:00+00:00,0.3577981651376147
2,profitable_after_fees,B_reduced,dummy,development|ETH/USDT|2023-07-26T02:00:00+00:00,0.3577981651376147
2,profitable_after_fees,B_reduced,dummy,development|BTC/USDT|2023-07-26T08:00:00+00:00,0.3577981651376147
2,profitable_after_fees,B_reduced,dummy,development|ETH/USDT|2023-07-29T00:00:00+00:00,0.3577981651376147
2,profitable_after_fees,B_reduced,dummy,development|BTC/USDT|2023-07-29T05:00:00+00:00,0.3577981651376147
2,profitable_after_fees,B_reduced,dummy,development|BTC/USDT|2023-07-30T17:00:00+00:00,0.3577981651376147
2,profitable_after_fees,B_reduced,dummy,development|BTC/USDT|2023-07-31T04:00:00+00:00,0.3577981651376147
2,profitable_after_fees,B_reduced,dummy,development|BTC/USDT|2023-08-02T05:00:00+00:00,0.3577981651376147
2,profitable_after_fees,B_reduced,dummy,development|ETH/USDT|2023-08-02T08:00:00+00:00,0.3577981651376147
2,profitable_after_fees,B_reduced,dummy,development|BTC/USDT|2023-08-04T10:00:00+00:00,0.3577981651376147
2,profitable_after_fees,B_reduced,dummy,development|ETH/USDT|2023-08-06T06:00:00+00:00,0.3577981651376147
2,profitable_after_fees,B_reduced,dummy,development|BTC/USDT|2023-08-06T19:00:00+00:00,0.3577981651376147
2,profitable_after_fees,B_reduced,dummy,development|ETH/USDT|2023-08-07T09:00:00+00:00,0.3577981651376147
2,profitable_after_fees,B_reduced,dummy,development|ETH/USDT|2023-08-08T15:00:00+00:00,0.3577981651376147
2,profitable_after_fees,B_reduced,dummy,development|ETH/USDT|2023-08-12T16:00:00+00:00,0.3577981651376147
2,profitable_after_fees,B_reduced,dummy,development|BTC/USDT|2023-08-13T00:00:00+00:00,0.3577981651376147
2,profitable_after_fees,B_reduced,dummy,development|BTC/USDT|2023-08-14T18:00:00+00:00,0.3577981651376147
2,profitable_after_fees,B_reduced,dummy,development|ETH/USDT|2023-08-20T04:00:00+00:00,0.3577981651376147
2,profitable_after_fees,B_reduced,dummy,development|BTC/USDT|2023-08-20T09:00:00+00:00,0.3577981651376147
2,profitable_after_fees,B_reduced,dummy,development|BTC/USDT|2023-08-23T18:00:00+00:00,0.3577981651376147
2,profitable_after_fees,B_reduced,dummy,development|ETH/USDT|2023-08-23T22:00:00+00:00,0.3577981651376147
2,profitable_after_fees,B_reduced,dummy,development|BTC/USDT|2023-08-26T16:00:00+00:00,0.3577981651376147
2,profitable_after_fees,B_reduced,dummy,development|ETH/USDT|2023-08-26T16:00:00+00:00,0.3577981651376147
2,profitable_after_fees,B_reduced,dummy,development|BTC/USDT|2023-08-27T13:00:00+00:00,0.3577981651376147
2,profitable_after_fees,B_reduced,dummy,development|ETH/USDT|2023-08-27T16:00:00+00:00,0.3577981651376147
2,profitable_after_fees,B_reduced,dummy,development|BTC/USDT|2023-08-29T03:00:00+00:00,0.3577981651376147
2,profitable_after_fees,B_reduced,dummy,development|ETH/USDT|2023-08-29T07:00:00+00:00,0.3577981651376147
2,profitable_after_fees,B_reduced,dummy,development|BTC/USDT|2023-08-29T15:00:00+00:00,0.3577981651376147
2,profitable_after_fees,B_reduced,dummy,development|ETH/USDT|2023-08-29T15:00:00+00:00,0.3577981651376147
2,profitable_after_fees,B_reduced,dummy,development|ETH/USDT|2023-09-03T05:00:00+00:00,0.3577981651376147
2,profitable_after_fees,B_reduced,dummy,development|BTC/USDT|2023-09-03T06:00:00+00:00,0.3577981651376147
2,profitable_after_fees,B_reduced,dummy,development|ETH/USDT|2023-09-06T01:00:00+00:00,0.3577981651376147
2,profitable_after_fees,B_reduced,dummy,development|BTC/USDT|2023-09-07T13:00:00+00:00,0.3577981651376147
2,profitable_after_fees,B_reduced,dummy,development|BTC/USDT|2023-09-07T15:00:00+00:00,0.3577981651376147
2,profitable_after_fees,B_reduced,dummy,development|BTC/USDT|2023-09-12T16:00:00+00:00,0.3577981651376147
2,profitable_after_fees,B_reduced,dummy,development|ETH/USDT|2023-09-12T21:00:00+00:00,0.3577981651376147
2,profitable_after_fees,B_reduced,dummy,development|BTC/USDT|2023-09-16T14:00:00+00:00,0.3577981651376147
2,profitable_after_fees,B_reduced,dummy,development|BTC/USDT|2023-09-18T05:00:00+00:00,0.3577981651376147
2,profitable_after_fees,B_reduced,dummy,development|ETH/USDT|2023-09-18T14:00:00+00:00,0.3577981651376147
2,profitable_after_fees,B_reduced,dummy,development|ETH/USDT|2023-09-23T08:00:00+00:00,0.3577981651376147
2,profitable_after_fees,B_reduced,dummy,development|BTC/USDT|2023-09-24T12:00:00+00:00,0.3577981651376147
2,profitable_after_fees,B_reduced,dummy,development|ETH/USDT|2023-09-24T15:00:00+00:00,0.3577981651376147
2,profitable_after_fees,B_reduced,dummy,development|BTC/USDT|2023-09-24T18:00:00+00:00,0.3577981651376147
2,profitable_after_fees,B_reduced,dummy,development|ETH/USDT|2023-09-26T08:00:00+00:00,0.3577981651376147
2,profitable_after_fees,B_reduced,dummy,development|BTC/USDT|2023-09-26T21:00:00+00:00,0.3577981651376147
2,profitable_after_fees,B_reduced,dummy,development|BTC/USDT|2023-09-27T12:00:00+00:00,0.3577981651376147
2,profitable_after_fees,B_reduced,dummy,development|BTC/USDT|2023-09-30T22:00:00+00:00,0.3577981651376147
2,profitable_after_fees,B_reduced,logistic,development|BTC/USDT|2023-07-02T01:00:00+00:00,0.32558013221646037
2,profitable_after_fees,B_reduced,logistic,development|ETH/USDT|2023-07-03T02:00:00+00:00,0.24610196706799853
2,profitable_after_fees,B_reduced,logistic,development|BTC/USDT|2023-07-08T13:00:00+00:00,0.296321707332382
2,profitable_after_fees,B_reduced,logistic,development|BTC/USDT|2023-07-09T09:00:00+00:00,0.1399241103415262
2,profitable_after_fees,B_reduced,logistic,development|BTC/USDT|2023-07-09T15:00:00+00:00,0.16388613443296177
2,profitable_after_fees,B_reduced,logistic,development|ETH/USDT|2023-07-09T15:00:00+00:00,0.37052680042977926
2,profitable_after_fees,B_reduced,logistic,development|BTC/USDT|2023-07-10T21:00:00+00:00,0.560896272500654
2,profitable_after_fees,B_reduced,logistic,development|ETH/USDT|2023-07-10T21:00:00+00:00,0.31081304276310495
2,profitable_after_fees,B_reduced,logistic,development|ETH/USDT|2023-07-13T17:00:00+00:00,0.10793213317087808
2,profitable_after_fees,B_reduced,logistic,development|BTC/USDT|2023-07-13T20:00:00+00:00,0.2757230692820776
2,profitable_after_fees,B_reduced,logistic,development|BTC/USDT|2023-07-16T20:00:00+00:00,0.2525821688158003
2,profitable_after_fees,B_reduced,logistic,development|BTC/USDT|2023-07-17T01:00:00+00:00,0.6941545551337227
2,profitable_after_fees,B_reduced,logistic,development|ETH/USDT|2023-07-19T12:00:00+00:00,0.432670517739036
2,profitable_after_fees,B_reduced,logistic,development|BTC/USDT|2023-07-19T18:00:00+00:00,0.2776936786862194
2,profitable_after_fees,B_reduced,logistic,development|ETH/USDT|2023-07-20T11:00:00+00:00,0.22208612169765252
2,profitable_after_fees,B_reduced,logistic,development|BTC/USDT|2023-07-22T10:00:00+00:00,0.38988053622471297
2,profitable_after_fees,B_reduced,logistic,development|BTC/USDT|2023-07-23T18:00:00+00:00,0.0636881065845964
2,profitable_after_fees,B_reduced,logistic,development|ETH/USDT|2023-07-26T02:00:00+00:00,0.44642384414831615
2,profitable_after_fees,B_reduced,logistic,development|BTC/USDT|2023-07-26T08:00:00+00:00,0.6295241569559934
2,profitable_after_fees,B_reduced,logistic,development|ETH/USDT|2023-07-29T00:00:00+00:00,0.1996374808844391
2,profitable_after_fees,B_reduced,logistic,development|BTC/USDT|2023-07-29T05:00:00+00:00,0.47556400903926566
2,profitable_after_fees,B_reduced,logistic,development|BTC/USDT|2023-07-30T17:00:00+00:00,0.09086726402011376
2,profitable_after_fees,B_reduced,logistic,development|BTC/USDT|2023-07-31T04:00:00+00:00,0.3458086968478592
2,profitable_after_fees,B_reduced,logistic,development|BTC/USDT|2023-08-02T05:00:00+00:00,0.4827057403499849
2,profitable_after_fees,B_reduced,logistic,development|ETH/USDT|2023-08-02T08:00:00+00:00,0.6428266905188885
2,profitable_after_fees,B_reduced,logistic,development|BTC/USDT|2023-08-04T10:00:00+00:00,0.17748210950325555
2,profitable_after_fees,B_reduced,logistic,development|ETH/USDT|2023-08-06T06:00:00+00:00,0.15080535254576108
2,profitable_after_fees,B_reduced,logistic,development|BTC/USDT|2023-08-06T19:00:00+00:00,0.17264056883653525
2,profitable_after_fees,B_reduced,logistic,development|ETH/USDT|2023-08-07T09:00:00+00:00,0.08873548147394285
2,profitable_after_fees,B_reduced,logistic,development|ETH/USDT|2023-08-08T15:00:00+00:00,0.4686322424650122
2,profitable_after_fees,B_reduced,logistic,development|ETH/USDT|2023-08-12T16:00:00+00:00,0.11526004215610824
2,profitable_after_fees,B_reduced,logistic,development|BTC/USDT|2023-08-13T00:00:00+00:00,0.11503528975507853
2,profitable_after_fees,B_reduced,logistic,development|BTC/USDT|2023-08-14T18:00:00+00:00,0.07579587296029613
2,profitable_after_fees,B_reduced,logistic,development|ETH/USDT|2023-08-20T04:00:00+00:00,0.7811248522745322
2,profitable_after_fees,B_reduced,logistic,development|BTC/USDT|2023-08-20T09:00:00+00:00,0.7165393211931501
2,profitable_after_fees,B_reduced,logistic,development|BTC/USDT|2023-08-23T18:00:00+00:00,0.5853898730593307
2,profitable_after_fees,B_reduced,logistic,development|ETH/USDT|2023-08-23T22:00:00+00:00,0.5606697534531463
2,profitable_after_fees,B_reduced,logistic,development|BTC/USDT|2023-08-26T16:00:00+00:00,0.3472936498298838
2,profitable_after_fees,B_reduced,logistic,development|ETH/USDT|2023-08-26T16:00:00+00:00,0.4277245454909733
2,profitable_after_fees,B_reduced,logistic,development|BTC/USDT|2023-08-27T13:00:00+00:00,0.12224924570060257
2,profitable_after_fees,B_reduced,logistic,development|ETH/USDT|2023-08-27T16:00:00+00:00,0.18778268648124338
2,profitable_after_fees,B_reduced,logistic,development|BTC/USDT|2023-08-29T03:00:00+00:00,0.6493071033470956
2,profitable_after_fees,B_reduced,logistic,development|ETH/USDT|2023-08-29T07:00:00+00:00,0.2650129993756814
2,profitable_after_fees,B_reduced,logistic,development|BTC/USDT|2023-08-29T15:00:00+00:00,0.009134043965938744
2,profitable_after_fees,B_reduced,logistic,development|ETH/USDT|2023-08-29T15:00:00+00:00,0.010106490226852389
2,profitable_after_fees,B_reduced,logistic,development|ETH/USDT|2023-09-03T05:00:00+00:00,0.5557163788463855
2,profitable_after_fees,B_reduced,logistic,development|BTC/USDT|2023-09-03T06:00:00+00:00,0.49317735746695623
2,profitable_after_fees,B_reduced,logistic,development|ETH/USDT|2023-09-06T01:00:00+00:00,0.6102859159110373
2,profitable_after_fees,B_reduced,logistic,development|BTC/USDT|2023-09-07T13:00:00+00:00,0.4286005915178273
2,profitable_after_fees,B_reduced,logistic,development|BTC/USDT|2023-09-07T15:00:00+00:00,0.3192622376086572
2,profitable_after_fees,B_reduced,logistic,development|BTC/USDT|2023-09-12T16:00:00+00:00,0.4289786502633484
2,profitable_after_fees,B_reduced,logistic,development|ETH/USDT|2023-09-12T21:00:00+00:00,0.8022955765757158
2,profitable_after_fees,B_reduced,logistic,development|BTC/USDT|2023-09-16T14:00:00+00:00,0.23741658065217439
2,profitable_after_fees,B_reduced,logistic,development|BTC/USDT|2023-09-18T05:00:00+00:00,0.44004680598407764
2,profitable_after_fees,B_reduced,logistic,development|ETH/USDT|2023-09-18T14:00:00+00:00,0.4527268271707598
2,profitable_after_fees,B_reduced,logistic,development|ETH/USDT|2023-09-23T08:00:00+00:00,0.5563838370367441
2,profitable_after_fees,B_reduced,logistic,development|BTC/USDT|2023-09-24T12:00:00+00:00,0.10559718359143808
2,profitable_after_fees,B_reduced,logistic,development|ETH/USDT|2023-09-24T15:00:00+00:00,0.15315361850798748
2,profitable_after_fees,B_reduced,logistic,development|BTC/USDT|2023-09-24T18:00:00+00:00,0.0867250353656351
2,profitable_after_fees,B_reduced,logistic,development|ETH/USDT|2023-09-26T08:00:00+00:00,0.6713872932857258
2,profitable_after_fees,B_reduced,logistic,development|BTC/USDT|2023-09-26T21:00:00+00:00,0.5460958029793723
2,profitable_after_fees,B_reduced,logistic,development|BTC/USDT|2023-09-27T12:00:00+00:00,0.26652381061882613
2,profitable_after_fees,B_reduced,logistic,development|BTC/USDT|2023-09-30T22:00:00+00:00,0.19886808740639075
2,profitable_after_fees,B_reduced,forest,development|BTC/USDT|2023-07-02T01:00:00+00:00,0.3538190442686657
2,profitable_after_fees,B_reduced,forest,development|ETH/USDT|2023-07-03T02:00:00+00:00,0.09602623448456998
2,profitable_after_fees,B_reduced,forest,development|BTC/USDT|2023-07-08T13:00:00+00:00,0.33420220742116163
2,profitable_after_fees,B_reduced,forest,development|BTC/USDT|2023-07-09T09:00:00+00:00,0.33909451919230227
2,profitable_after_fees,B_reduced,forest,development|BTC/USDT|2023-07-09T15:00:00+00:00,0.27857899484754145
2,profitable_after_fees,B_reduced,forest,development|ETH/USDT|2023-07-09T15:00:00+00:00,0.3569459336480423
2,profitable_after_fees,B_reduced,forest,development|BTC/USDT|2023-07-10T21:00:00+00:00,0.4732612298646788
2,profitable_after_fees,B_reduced,forest,development|ETH/USDT|2023-07-10T21:00:00+00:00,0.3115678200902269
2,profitable_after_fees,B_reduced,forest,development|ETH/USDT|2023-07-13T17:00:00+00:00,0.15574191515478256
2,profitable_after_fees,B_reduced,forest,development|BTC/USDT|2023-07-13T20:00:00+00:00,0.1009516795955761
2,profitable_after_fees,B_reduced,forest,development|BTC/USDT|2023-07-16T20:00:00+00:00,0.4519490488190376
2,profitable_after_fees,B_reduced,forest,development|BTC/USDT|2023-07-17T01:00:00+00:00,0.4888971091434155
2,profitable_after_fees,B_reduced,forest,development|ETH/USDT|2023-07-19T12:00:00+00:00,0.3448155716472542
2,profitable_after_fees,B_reduced,forest,development|BTC/USDT|2023-07-19T18:00:00+00:00,0.41413216134938574
2,profitable_after_fees,B_reduced,forest,development|ETH/USDT|2023-07-20T11:00:00+00:00,0.4254360484699569
2,profitable_after_fees,B_reduced,forest,development|BTC/USDT|2023-07-22T10:00:00+00:00,0.445735165103504
2,profitable_after_fees,B_reduced,forest,development|BTC/USDT|2023-07-23T18:00:00+00:00,0.20623999539210455
2,profitable_after_fees,B_reduced,forest,development|ETH/USDT|2023-07-26T02:00:00+00:00,0.4563046609974325
2,profitable_after_fees,B_reduced,forest,development|BTC/USDT|2023-07-26T08:00:00+00:00,0.46185218124793787
2,profitable_after_fees,B_reduced,forest,development|ETH/USDT|2023-07-29T00:00:00+00:00,0.3789466660984477
2,profitable_after_fees,B_reduced,forest,development|BTC/USDT|2023-07-29T05:00:00+00:00,0.4926901810489126
2,profitable_after_fees,B_reduced,forest,development|BTC/USDT|2023-07-30T17:00:00+00:00,0.24639079694900357
2,profitable_after_fees,B_reduced,forest,development|BTC/USDT|2023-07-31T04:00:00+00:00,0.36689077068937315
2,profitable_after_fees,B_reduced,forest,development|BTC/USDT|2023-08-02T05:00:00+00:00,0.34340954972238996
2,profitable_after_fees,B_reduced,forest,development|ETH/USDT|2023-08-02T08:00:00+00:00,0.5238338996733133
2,profitable_after_fees,B_reduced,forest,development|BTC/USDT|2023-08-04T10:00:00+00:00,0.34404585591192627
2,profitable_after_fees,B_reduced,forest,development|ETH/USDT|2023-08-06T06:00:00+00:00,0.28633543024961167
2,profitable_after_fees,B_reduced,forest,development|BTC/USDT|2023-08-06T19:00:00+00:00,0.2880419159258046
2,profitable_after_fees,B_reduced,forest,development|ETH/USDT|2023-08-07T09:00:00+00:00,0.3245909069071818
2,profitable_after_fees,B_reduced,forest,development|ETH/USDT|2023-08-08T15:00:00+00:00,0.34875626217294453
2,profitable_after_fees,B_reduced,forest,development|ETH/USDT|2023-08-12T16:00:00+00:00,0.2738421921614878
2,profitable_after_fees,B_reduced,forest,development|BTC/USDT|2023-08-13T00:00:00+00:00,0.24111146153155402
2,profitable_after_fees,B_reduced,forest,development|BTC/USDT|2023-08-14T18:00:00+00:00,0.306848455310803
2,profitable_after_fees,B_reduced,forest,development|ETH/USDT|2023-08-20T04:00:00+00:00,0.5085436686444936
2,profitable_after_fees,B_reduced,forest,development|BTC/USDT|2023-08-20T09:00:00+00:00,0.35972874614616906
2,profitable_after_fees,B_reduced,forest,development|BTC/USDT|2023-08-23T18:00:00+00:00,0.41886144916377704
2,profitable_after_fees,B_reduced,forest,development|ETH/USDT|2023-08-23T22:00:00+00:00,0.46189748644827877
2,profitable_after_fees,B_reduced,forest,development|BTC/USDT|2023-08-26T16:00:00+00:00,0.43578735238151695
2,profitable_after_fees,B_reduced,forest,development|ETH/USDT|2023-08-26T16:00:00+00:00,0.418453527674858
2,profitable_after_fees,B_reduced,forest,development|BTC/USDT|2023-08-27T13:00:00+00:00,0.307550477044159
2,profitable_after_fees,B_reduced,forest,development|ETH/USDT|2023-08-27T16:00:00+00:00,0.3374703990845262
2,profitable_after_fees,B_reduced,forest,development|BTC/USDT|2023-08-29T03:00:00+00:00,0.5100911939337003
2,profitable_after_fees,B_reduced,forest,development|ETH/USDT|2023-08-29T07:00:00+00:00,0.499837506130848
2,profitable_after_fees,B_reduced,forest,development|BTC/USDT|2023-08-29T15:00:00+00:00,0.17707870646804444
2,profitable_after_fees,B_reduced,forest,development|ETH/USDT|2023-08-29T15:00:00+00:00,0.14671665960898922
2,profitable_after_fees,B_reduced,forest,development|ETH/USDT|2023-09-03T05:00:00+00:00,0.43630249082843386
2,profitable_after_fees,B_reduced,forest,development|BTC/USDT|2023-09-03T06:00:00+00:00,0.34001384714096533
2,profitable_after_fees,B_reduced,forest,development|ETH/USDT|2023-09-06T01:00:00+00:00,0.5511429606940134
2,profitable_after_fees,B_reduced,forest,development|BTC/USDT|2023-09-07T13:00:00+00:00,0.5095784986624556
2,profitable_after_fees,B_reduced,forest,development|BTC/USDT|2023-09-07T15:00:00+00:00,0.44850798982085704
2,profitable_after_fees,B_reduced,forest,development|BTC/USDT|2023-09-12T16:00:00+00:00,0.20336806747949565
2,profitable_after_fees,B_reduced,forest,development|ETH/USDT|2023-09-12T21:00:00+00:00,0.5996342769445203
2,profitable_after_fees,B_reduced,forest,development|BTC/USDT|2023-09-16T14:00:00+00:00,0.42570542434194714
2,profitable_after_fees,B_reduced,forest,development|BTC/USDT|2023-09-18T05:00:00+00:00,0.3121267975665191
2,profitable_after_fees,B_reduced,forest,development|ETH/USDT|2023-09-18T14:00:00+00:00,0.28987366283363586
2,profitable_after_fees,B_reduced,forest,development|ETH/USDT|2023-09-23T08:00:00+00:00,0.3686097702595869
2,profitable_after_fees,B_reduced,forest,development|BTC/USDT|2023-09-24T12:00:00+00:00,0.23235643671460968
2,profitable_after_fees,B_reduced,forest,development|ETH/USDT|2023-09-24T15:00:00+00:00,0.25969464713412865
2,profitable_after_fees,B_reduced,forest,development|BTC/USDT|2023-09-24T18:00:00+00:00,0.25679929861221346
2,profitable_after_fees,B_reduced,forest,development|ETH/USDT|2023-09-26T08:00:00+00:00,0.5499178678238467
2,profitable_after_fees,B_reduced,forest,development|BTC/USDT|2023-09-26T21:00:00+00:00,0.5571874841426703
2,profitable_after_fees,B_reduced,forest,development|BTC/USDT|2023-09-27T12:00:00+00:00,0.31964343358354375
2,profitable_after_fees,B_reduced,forest,development|BTC/USDT|2023-09-30T22:00:00+00:00,0.2559197548081887
2,profitable_after_fees,B_reduced,hist_gradient,development|BTC/USDT|2023-07-02T01:00:00+00:00,0.31366202769428764
2,profitable_after_fees,B_reduced,hist_gradient,development|ETH/USDT|2023-07-03T02:00:00+00:00,0.16525520959651385
2,profitable_after_fees,B_reduced,hist_gradient,development|BTC/USDT|2023-07-08T13:00:00+00:00,0.25553064278354537
2,profitable_after_fees,B_reduced,hist_gradient,development|BTC/USDT|2023-07-09T09:00:00+00:00,0.3928384453957794
2,profitable_after_fees,B_reduced,hist_gradient,development|BTC/USDT|2023-07-09T15:00:00+00:00,0.2738921218163767
2,profitable_after_fees,B_reduced,hist_gradient,development|ETH/USDT|2023-07-09T15:00:00+00:00,0.34610240043121404
2,profitable_after_fees,B_reduced,hist_gradient,development|BTC/USDT|2023-07-10T21:00:00+00:00,0.5004421575282673
2,profitable_after_fees,B_reduced,hist_gradient,development|ETH/USDT|2023-07-10T21:00:00+00:00,0.21390089795189582
2,profitable_after_fees,B_reduced,hist_gradient,development|ETH/USDT|2023-07-13T17:00:00+00:00,0.15375079378070647
2,profitable_after_fees,B_reduced,hist_gradient,development|BTC/USDT|2023-07-13T20:00:00+00:00,0.1437349254871767
2,profitable_after_fees,B_reduced,hist_gradient,development|BTC/USDT|2023-07-16T20:00:00+00:00,0.422158322190013
2,profitable_after_fees,B_reduced,hist_gradient,development|BTC/USDT|2023-07-17T01:00:00+00:00,0.4308505370582442
2,profitable_after_fees,B_reduced,hist_gradient,development|ETH/USDT|2023-07-19T12:00:00+00:00,0.3252910100796498
2,profitable_after_fees,B_reduced,hist_gradient,development|BTC/USDT|2023-07-19T18:00:00+00:00,0.3709241870566452
2,profitable_after_fees,B_reduced,hist_gradient,development|ETH/USDT|2023-07-20T11:00:00+00:00,0.31407314955034016
2,profitable_after_fees,B_reduced,hist_gradient,development|BTC/USDT|2023-07-22T10:00:00+00:00,0.5522161928260921
2,profitable_after_fees,B_reduced,hist_gradient,development|BTC/USDT|2023-07-23T18:00:00+00:00,0.21241120081654985
2,profitable_after_fees,B_reduced,hist_gradient,development|ETH/USDT|2023-07-26T02:00:00+00:00,0.47908665662487177
2,profitable_after_fees,B_reduced,hist_gradient,development|BTC/USDT|2023-07-26T08:00:00+00:00,0.5767813193610243
2,profitable_after_fees,B_reduced,hist_gradient,development|ETH/USDT|2023-07-29T00:00:00+00:00,0.27399684066023433
2,profitable_after_fees,B_reduced,hist_gradient,development|BTC/USDT|2023-07-29T05:00:00+00:00,0.5759057131452369
2,profitable_after_fees,B_reduced,hist_gradient,development|BTC/USDT|2023-07-30T17:00:00+00:00,0.228757334174792
2,profitable_after_fees,B_reduced,hist_gradient,development|BTC/USDT|2023-07-31T04:00:00+00:00,0.3392911884127608
2,profitable_after_fees,B_reduced,hist_gradient,development|BTC/USDT|2023-08-02T05:00:00+00:00,0.18042630540104837
2,profitable_after_fees,B_reduced,hist_gradient,development|ETH/USDT|2023-08-02T08:00:00+00:00,0.4978576695774635
2,profitable_after_fees,B_reduced,hist_gradient,development|BTC/USDT|2023-08-04T10:00:00+00:00,0.2683188474169404
2,profitable_after_fees,B_reduced,hist_gradient,development|ETH/USDT|2023-08-06T06:00:00+00:00,0.33444558871984625
2,profitable_after_fees,B_reduced,hist_gradient,development|BTC/USDT|2023-08-06T19:00:00+00:00,0.3164950234710969
2,profitable_after_fees,B_reduced,hist_gradient,development|ETH/USDT|2023-08-07T09:00:00+00:00,0.339594347776517
2,profitable_after_fees,B_reduced,hist_gradient,development|ETH/USDT|2023-08-08T15:00:00+00:00,0.34182438663533155
2,profitable_after_fees,B_reduced,hist_gradient,development|ETH/USDT|2023-08-12T16:00:00+00:00,0.25553064278354537
2,profitable_after_fees,B_reduced,hist_gradient,development|BTC/USDT|2023-08-13T00:00:00+00:00,0.25553064278354537
2,profitable_after_fees,B_reduced,hist_gradient,development|BTC/USDT|2023-08-14T18:00:00+00:00,0.2306454413340087
2,profitable_after_fees,B_reduced,hist_gradient,development|ETH/USDT|2023-08-20T04:00:00+00:00,0.45589580587330963
2,profitable_after_fees,B_reduced,hist_gradient,development|BTC/USDT|2023-08-20T09:00:00+00:00,0.4039462695591751
2,profitable_after_fees,B_reduced,hist_gradient,development|BTC/USDT|2023-08-23T18:00:00+00:00,0.5466980678857521
2,profitable_after_fees,B_reduced,hist_gradient,development|ETH/USDT|2023-08-23T22:00:00+00:00,0.5539446049778589
2,profitable_after_fees,B_reduced,hist_gradient,development|BTC/USDT|2023-08-26T16:00:00+00:00,0.405441082245798
2,profitable_after_fees,B_reduced,hist_gradient,development|ETH/USDT|2023-08-26T16:00:00+00:00,0.405441082245798
2,profitable_after_fees,B_reduced,hist_gradient,development|BTC/USDT|2023-08-27T13:00:00+00:00,0.405441082245798
2,profitable_after_fees,B_reduced,hist_gradient,development|ETH/USDT|2023-08-27T16:00:00+00:00,0.3042160048317877
2,profitable_after_fees,B_reduced,hist_gradient,development|BTC/USDT|2023-08-29T03:00:00+00:00,0.47933743944146423
2,profitable_after_fees,B_reduced,hist_gradient,development|ETH/USDT|2023-08-29T07:00:00+00:00,0.5187819634877526
2,profitable_after_fees,B_reduced,hist_gradient,development|BTC/USDT|2023-08-29T15:00:00+00:00,0.22784020270539743
2,profitable_after_fees,B_reduced,hist_gradient,development|ETH/USDT|2023-08-29T15:00:00+00:00,0.15927237264954722
2,profitable_after_fees,B_reduced,hist_gradient,development|ETH/USDT|2023-09-03T05:00:00+00:00,0.35139831523868326
2,profitable_after_fees,B_reduced,hist_gradient,development|BTC/USDT|2023-09-03T06:00:00+00:00,0.3152502228834028
2,profitable_after_fees,B_reduced,hist_gradient,development|ETH/USDT|2023-09-06T01:00:00+00:00,0.6366677015163261
2,profitable_after_fees,B_reduced,hist_gradient,development|BTC/USDT|2023-09-07T13:00:00+00:00,0.446200854652533
2,profitable_after_fees,B_reduced,hist_gradient,development|BTC/USDT|2023-09-07T15:00:00+00:00,0.5500151112746527
2,profitable_after_fees,B_reduced,hist_gradient,development|BTC/USDT|2023-09-12T16:00:00+00:00,0.15459840920211287
2,profitable_after_fees,B_reduced,hist_gradient,development|ETH/USDT|2023-09-12T21:00:00+00:00,0.6136030265838173
2,profitable_after_fees,B_reduced,hist_gradient,development|BTC/USDT|2023-09-16T14:00:00+00:00,0.3640673110360052
2,profitable_after_fees,B_reduced,hist_gradient,development|BTC/USDT|2023-09-18T05:00:00+00:00,0.3958253776892451
2,profitable_after_fees,B_reduced,hist_gradient,development|ETH/USDT|2023-09-18T14:00:00+00:00,0.1881626366541022
2,profitable_after_fees,B_reduced,hist_gradient,development|ETH/USDT|2023-09-23T08:00:00+00:00,0.34610240043121404
2,profitable_after_fees,B_reduced,hist_gradient,development|BTC/USDT|2023-09-24T12:00:00+00:00,0.25553064278354537
2,profitable_after_fees,B_reduced,hist_gradient,development|ETH/USDT|2023-09-24T15:00:00+00:00,0.22225710470064097
2,profitable_after_fees,B_reduced,hist_gradient,development|BTC/USDT|2023-09-24T18:00:00+00:00,0.21241120081654985
2,profitable_after_fees,B_reduced,hist_gradient,development|ETH/USDT|2023-09-26T08:00:00+00:00,0.5264291464548304
2,profitable_after_fees,B_reduced,hist_gradient,development|BTC/USDT|2023-09-26T21:00:00+00:00,0.576182716301751
2,profitable_after_fees,B_reduced,hist_gradient,development|BTC/USDT|2023-09-27T12:00:00+00:00,0.3072198450681703
2,profitable_after_fees,B_reduced,hist_gradient,development|BTC/USDT|2023-09-30T22:00:00+00:00,0.2652117576307431
2,profitable_after_fees,C_price,dummy,development|BTC/USDT|2023-07-02T01:00:00+00:00,0.3577981651376147
2,profitable_after_fees,C_price,dummy,development|ETH/USDT|2023-07-03T02:00:00+00:00,0.3577981651376147
2,profitable_after_fees,C_price,dummy,development|BTC/USDT|2023-07-08T13:00:00+00:00,0.3577981651376147
2,profitable_after_fees,C_price,dummy,development|BTC/USDT|2023-07-09T09:00:00+00:00,0.3577981651376147
2,profitable_after_fees,C_price,dummy,development|BTC/USDT|2023-07-09T15:00:00+00:00,0.3577981651376147
2,profitable_after_fees,C_price,dummy,development|ETH/USDT|2023-07-09T15:00:00+00:00,0.3577981651376147
2,profitable_after_fees,C_price,dummy,development|BTC/USDT|2023-07-10T21:00:00+00:00,0.3577981651376147
2,profitable_after_fees,C_price,dummy,development|ETH/USDT|2023-07-10T21:00:00+00:00,0.3577981651376147
2,profitable_after_fees,C_price,dummy,development|ETH/USDT|2023-07-13T17:00:00+00:00,0.3577981651376147
2,profitable_after_fees,C_price,dummy,development|BTC/USDT|2023-07-13T20:00:00+00:00,0.3577981651376147
2,profitable_after_fees,C_price,dummy,development|BTC/USDT|2023-07-16T20:00:00+00:00,0.3577981651376147
2,profitable_after_fees,C_price,dummy,development|BTC/USDT|2023-07-17T01:00:00+00:00,0.3577981651376147
2,profitable_after_fees,C_price,dummy,development|ETH/USDT|2023-07-19T12:00:00+00:00,0.3577981651376147
2,profitable_after_fees,C_price,dummy,development|BTC/USDT|2023-07-19T18:00:00+00:00,0.3577981651376147
2,profitable_after_fees,C_price,dummy,development|ETH/USDT|2023-07-20T11:00:00+00:00,0.3577981651376147
2,profitable_after_fees,C_price,dummy,development|BTC/USDT|2023-07-22T10:00:00+00:00,0.3577981651376147
2,profitable_after_fees,C_price,dummy,development|BTC/USDT|2023-07-23T18:00:00+00:00,0.3577981651376147
2,profitable_after_fees,C_price,dummy,development|ETH/USDT|2023-07-26T02:00:00+00:00,0.3577981651376147
2,profitable_after_fees,C_price,dummy,development|BTC/USDT|2023-07-26T08:00:00+00:00,0.3577981651376147
2,profitable_after_fees,C_price,dummy,development|ETH/USDT|2023-07-29T00:00:00+00:00,0.3577981651376147
2,profitable_after_fees,C_price,dummy,development|BTC/USDT|2023-07-29T05:00:00+00:00,0.3577981651376147
2,profitable_after_fees,C_price,dummy,development|BTC/USDT|2023-07-30T17:00:00+00:00,0.3577981651376147
2,profitable_after_fees,C_price,dummy,development|BTC/USDT|2023-07-31T04:00:00+00:00,0.3577981651376147
2,profitable_after_fees,C_price,dummy,development|BTC/USDT|2023-08-02T05:00:00+00:00,0.3577981651376147
2,profitable_after_fees,C_price,dummy,development|ETH/USDT|2023-08-02T08:00:00+00:00,0.3577981651376147
2,profitable_after_fees,C_price,dummy,development|BTC/USDT|2023-08-04T10:00:00+00:00,0.3577981651376147
2,profitable_after_fees,C_price,dummy,development|ETH/USDT|2023-08-06T06:00:00+00:00,0.3577981651376147
2,profitable_after_fees,C_price,dummy,development|BTC/USDT|2023-08-06T19:00:00+00:00,0.3577981651376147
2,profitable_after_fees,C_price,dummy,development|ETH/USDT|2023-08-07T09:00:00+00:00,0.3577981651376147
2,profitable_after_fees,C_price,dummy,development|ETH/USDT|2023-08-08T15:00:00+00:00,0.3577981651376147
2,profitable_after_fees,C_price,dummy,development|ETH/USDT|2023-08-12T16:00:00+00:00,0.3577981651376147
2,profitable_after_fees,C_price,dummy,development|BTC/USDT|2023-08-13T00:00:00+00:00,0.3577981651376147
2,profitable_after_fees,C_price,dummy,development|BTC/USDT|2023-08-14T18:00:00+00:00,0.3577981651376147
2,profitable_after_fees,C_price,dummy,development|ETH/USDT|2023-08-20T04:00:00+00:00,0.3577981651376147
2,profitable_after_fees,C_price,dummy,development|BTC/USDT|2023-08-20T09:00:00+00:00,0.3577981651376147
2,profitable_after_fees,C_price,dummy,development|BTC/USDT|2023-08-23T18:00:00+00:00,0.3577981651376147
2,profitable_after_fees,C_price,dummy,development|ETH/USDT|2023-08-23T22:00:00+00:00,0.3577981651376147
2,profitable_after_fees,C_price,dummy,development|BTC/USDT|2023-08-26T16:00:00+00:00,0.3577981651376147
2,profitable_after_fees,C_price,dummy,development|ETH/USDT|2023-08-26T16:00:00+00:00,0.3577981651376147
2,profitable_after_fees,C_price,dummy,development|BTC/USDT|2023-08-27T13:00:00+00:00,0.3577981651376147
2,profitable_after_fees,C_price,dummy,development|ETH/USDT|2023-08-27T16:00:00+00:00,0.3577981651376147
2,profitable_after_fees,C_price,dummy,development|BTC/USDT|2023-08-29T03:00:00+00:00,0.3577981651376147
2,profitable_after_fees,C_price,dummy,development|ETH/USDT|2023-08-29T07:00:00+00:00,0.3577981651376147
2,profitable_after_fees,C_price,dummy,development|BTC/USDT|2023-08-29T15:00:00+00:00,0.3577981651376147
2,profitable_after_fees,C_price,dummy,development|ETH/USDT|2023-08-29T15:00:00+00:00,0.3577981651376147
2,profitable_after_fees,C_price,dummy,development|ETH/USDT|2023-09-03T05:00:00+00:00,0.3577981651376147
2,profitable_after_fees,C_price,dummy,development|BTC/USDT|2023-09-03T06:00:00+00:00,0.3577981651376147
2,profitable_after_fees,C_price,dummy,development|ETH/USDT|2023-09-06T01:00:00+00:00,0.3577981651376147
2,profitable_after_fees,C_price,dummy,development|BTC/USDT|2023-09-07T13:00:00+00:00,0.3577981651376147
2,profitable_after_fees,C_price,dummy,development|BTC/USDT|2023-09-07T15:00:00+00:00,0.3577981651376147
2,profitable_after_fees,C_price,dummy,development|BTC/USDT|2023-09-12T16:00:00+00:00,0.3577981651376147
2,profitable_after_fees,C_price,dummy,development|ETH/USDT|2023-09-12T21:00:00+00:00,0.3577981651376147
2,profitable_after_fees,C_price,dummy,development|BTC/USDT|2023-09-16T14:00:00+00:00,0.3577981651376147
2,profitable_after_fees,C_price,dummy,development|BTC/USDT|2023-09-18T05:00:00+00:00,0.3577981651376147
2,profitable_after_fees,C_price,dummy,development|ETH/USDT|2023-09-18T14:00:00+00:00,0.3577981651376147
2,profitable_after_fees,C_price,dummy,development|ETH/USDT|2023-09-23T08:00:00+00:00,0.3577981651376147
2,profitable_after_fees,C_price,dummy,development|BTC/USDT|2023-09-24T12:00:00+00:00,0.3577981651376147
2,profitable_after_fees,C_price,dummy,development|ETH/USDT|2023-09-24T15:00:00+00:00,0.3577981651376147
2,profitable_after_fees,C_price,dummy,development|BTC/USDT|2023-09-24T18:00:00+00:00,0.3577981651376147
2,profitable_after_fees,C_price,dummy,development|ETH/USDT|2023-09-26T08:00:00+00:00,0.3577981651376147
2,profitable_after_fees,C_price,dummy,development|BTC/USDT|2023-09-26T21:00:00+00:00,0.3577981651376147
2,profitable_after_fees,C_price,dummy,development|BTC/USDT|2023-09-27T12:00:00+00:00,0.3577981651376147
2,profitable_after_fees,C_price,dummy,development|BTC/USDT|2023-09-30T22:00:00+00:00,0.3577981651376147
2,profitable_after_fees,C_price,logistic,development|BTC/USDT|2023-07-02T01:00:00+00:00,0.5356958758389846
2,profitable_after_fees,C_price,logistic,development|ETH/USDT|2023-07-03T02:00:00+00:00,0.09116298511057178
2,profitable_after_fees,C_price,logistic,development|BTC/USDT|2023-07-08T13:00:00+00:00,0.43688139009474286
2,profitable_after_fees,C_price,logistic,development|BTC/USDT|2023-07-09T09:00:00+00:00,0.18752786738381735
2,profitable_after_fees,C_price,logistic,development|BTC/USDT|2023-07-09T15:00:00+00:00,0.287644578069314
2,profitable_after_fees,C_price,logistic,development|ETH/USDT|2023-07-09T15:00:00+00:00,0.4906683507468846
2,profitable_after_fees,C_price,logistic,development|BTC/USDT|2023-07-10T21:00:00+00:00,0.49907163315834396
2,profitable_after_fees,C_price,logistic,development|ETH/USDT|2023-07-10T21:00:00+00:00,0.38215748748890477
2,profitable_after_fees,C_price,logistic,development|ETH/USDT|2023-07-13T17:00:00+00:00,0.10777038595728412
2,profitable_after_fees,C_price,logistic,development|BTC/USDT|2023-07-13T20:00:00+00:00,0.19015495115411848
2,profitable_after_fees,C_price,logistic,development|BTC/USDT|2023-07-16T20:00:00+00:00,0.4054756614736219
2,profitable_after_fees,C_price,logistic,development|BTC/USDT|2023-07-17T01:00:00+00:00,0.4553454807403452
2,profitable_after_fees,C_price,logistic,development|ETH/USDT|2023-07-19T12:00:00+00:00,0.5490271729705287
2,profitable_after_fees,C_price,logistic,development|BTC/USDT|2023-07-19T18:00:00+00:00,0.36571367209086975
2,profitable_after_fees,C_price,logistic,development|ETH/USDT|2023-07-20T11:00:00+00:00,0.3954956100291374
2,profitable_after_fees,C_price,logistic,development|BTC/USDT|2023-07-22T10:00:00+00:00,0.37059095005174136
2,profitable_after_fees,C_price,logistic,development|BTC/USDT|2023-07-23T18:00:00+00:00,0.16848139785410243
2,profitable_after_fees,C_price,logistic,development|ETH/USDT|2023-07-26T02:00:00+00:00,0.34790231173498204
2,profitable_after_fees,C_price,logistic,development|BTC/USDT|2023-07-26T08:00:00+00:00,0.4547688118444074
2,profitable_after_fees,C_price,logistic,development|ETH/USDT|2023-07-29T00:00:00+00:00,0.13931900175821657
2,profitable_after_fees,C_price,logistic,development|BTC/USDT|2023-07-29T05:00:00+00:00,0.4206462415426733
2,profitable_after_fees,C_price,logistic,development|BTC/USDT|2023-07-30T17:00:00+00:00,0.22348782122220381
2,profitable_after_fees,C_price,logistic,development|BTC/USDT|2023-07-31T04:00:00+00:00,0.1456591103341583
2,profitable_after_fees,C_price,logistic,development|BTC/USDT|2023-08-02T05:00:00+00:00,0.2868932368730387
2,profitable_after_fees,C_price,logistic,development|ETH/USDT|2023-08-02T08:00:00+00:00,0.4887594884574739
2,profitable_after_fees,C_price,logistic,development|BTC/USDT|2023-08-04T10:00:00+00:00,0.25422362410461435
2,profitable_after_fees,C_price,logistic,development|ETH/USDT|2023-08-06T06:00:00+00:00,0.21644204356275512
2,profitable_after_fees,C_price,logistic,development|BTC/USDT|2023-08-06T19:00:00+00:00,0.35416290210090806
2,profitable_after_fees,C_price,logistic,development|ETH/USDT|2023-08-07T09:00:00+00:00,0.1010102430568471
2,profitable_after_fees,C_price,logistic,development|ETH/USDT|2023-08-08T15:00:00+00:00,0.2470861281898769
2,profitable_after_fees,C_price,logistic,development|ETH/USDT|2023-08-12T16:00:00+00:00,0.23597611251265402
2,profitable_after_fees,C_price,logistic,development|BTC/USDT|2023-08-13T00:00:00+00:00,0.256382349665266
2,profitable_after_fees,C_price,logistic,development|BTC/USDT|2023-08-14T18:00:00+00:00,0.18157986984007393
2,profitable_after_fees,C_price,logistic,development|ETH/USDT|2023-08-20T04:00:00+00:00,0.7361704567357863
2,profitable_after_fees,C_price,logistic,development|BTC/USDT|2023-08-20T09:00:00+00:00,0.7900306119985007
2,profitable_after_fees,C_price,logistic,development|BTC/USDT|2023-08-23T18:00:00+00:00,0.5443116565811381
2,profitable_after_fees,C_price,logistic,development|ETH/USDT|2023-08-23T22:00:00+00:00,0.6361142740125896
2,profitable_after_fees,C_price,logistic,development|BTC/USDT|2023-08-26T16:00:00+00:00,0.32354780404729966
2,profitable_after_fees,C_price,logistic,development|ETH/USDT|2023-08-26T16:00:00+00:00,0.364846313523244
2,profitable_after_fees,C_price,logistic,development|BTC/USDT|2023-08-27T13:00:00+00:00,0.20800901519529255
2,profitable_after_fees,C_price,logistic,development|ETH/USDT|2023-08-27T16:00:00+00:00,0.2936870646471366
2,profitable_after_fees,C_price,logistic,development|BTC/USDT|2023-08-29T03:00:00+00:00,0.4341467256071069
2,profitable_after_fees,C_price,logistic,development|ETH/USDT|2023-08-29T07:00:00+00:00,0.18340577146088002
2,profitable_after_fees,C_price,logistic,development|BTC/USDT|2023-08-29T15:00:00+00:00,0.0049324866496256795
2,profitable_after_fees,C_price,logistic,development|ETH/USDT|2023-08-29T15:00:00+00:00,0.011706022522658106
2,profitable_after_fees,C_price,logistic,development|ETH/USDT|2023-09-03T05:00:00+00:00,0.4960813811081558
2,profitable_after_fees,C_price,logistic,development|BTC/USDT|2023-09-03T06:00:00+00:00,0.4727131579905013
2,profitable_after_fees,C_price,logistic,development|ETH/USDT|2023-09-06T01:00:00+00:00,0.5048438935243105
2,profitable_after_fees,C_price,logistic,development|BTC/USDT|2023-09-07T13:00:00+00:00,0.3056573964578504
2,profitable_after_fees,C_price,logistic,development|BTC/USDT|2023-09-07T15:00:00+00:00,0.20662232246286238
2,profitable_after_fees,C_price,logistic,development|BTC/USDT|2023-09-12T16:00:00+00:00,0.2978185270843171
2,profitable_after_fees,C_price,logistic,development|ETH/USDT|2023-09-12T21:00:00+00:00,0.7561507726120984
2,profitable_after_fees,C_price,logistic,development|BTC/USDT|2023-09-16T14:00:00+00:00,0.4615459664577714
2,profitable_after_fees,C_price,logistic,development|BTC/USDT|2023-09-18T05:00:00+00:00,0.24040588575455415
2,profitable_after_fees,C_price,logistic,development|ETH/USDT|2023-09-18T14:00:00+00:00,0.2909696992197241
2,profitable_after_fees,C_price,logistic,development|ETH/USDT|2023-09-23T08:00:00+00:00,0.5222119107898752
2,profitable_after_fees,C_price,logistic,development|BTC/USDT|2023-09-24T12:00:00+00:00,0.21789211833034022
2,profitable_after_fees,C_price,logistic,development|ETH/USDT|2023-09-24T15:00:00+00:00,0.31828185118534785
2,profitable_after_fees,C_price,logistic,development|BTC/USDT|2023-09-24T18:00:00+00:00,0.23838911798861295
2,profitable_after_fees,C_price,logistic,development|ETH/USDT|2023-09-26T08:00:00+00:00,0.6124771889164431
2,profitable_after_fees,C_price,logistic,development|BTC/USDT|2023-09-26T21:00:00+00:00,0.3489432923147388
2,profitable_after_fees,C_price,logistic,development|BTC/USDT|2023-09-27T12:00:00+00:00,0.17933779624965307
2,profitable_after_fees,C_price,logistic,development|BTC/USDT|2023-09-30T22:00:00+00:00,0.26426119578675683
2,profitable_after_fees,C_price,forest,development|BTC/USDT|2023-07-02T01:00:00+00:00,0.43551530969771307
2,profitable_after_fees,C_price,forest,development|ETH/USDT|2023-07-03T02:00:00+00:00,0.06975687823986884
2,profitable_after_fees,C_price,forest,development|BTC/USDT|2023-07-08T13:00:00+00:00,0.4257153294704943
2,profitable_after_fees,C_price,forest,development|BTC/USDT|2023-07-09T09:00:00+00:00,0.349946618619198
2,profitable_after_fees,C_price,forest,development|BTC/USDT|2023-07-09T15:00:00+00:00,0.3043149110815373
2,profitable_after_fees,C_price,forest,development|ETH/USDT|2023-07-09T15:00:00+00:00,0.38156506418721187
2,profitable_after_fees,C_price,forest,development|BTC/USDT|2023-07-10T21:00:00+00:00,0.48721342648346677
2,profitable_after_fees,C_price,forest,development|ETH/USDT|2023-07-10T21:00:00+00:00,0.37700047837984596
2,profitable_after_fees,C_price,forest,development|ETH/USDT|2023-07-13T17:00:00+00:00,0.12195693533163218
2,profitable_after_fees,C_price,forest,development|BTC/USDT|2023-07-13T20:00:00+00:00,0.07419493481963763
2,profitable_after_fees,C_price,forest,development|BTC/USDT|2023-07-16T20:00:00+00:00,0.4803916806459602
2,profitable_after_fees,C_price,forest,development|BTC/USDT|2023-07-17T01:00:00+00:00,0.49053155144301414
2,profitable_after_fees,C_price,forest,development|ETH/USDT|2023-07-19T12:00:00+00:00,0.3817437173836333
2,profitable_after_fees,C_price,forest,development|BTC/USDT|2023-07-19T18:00:00+00:00,0.4150822682493183
2,profitable_after_fees,C_price,forest,development|ETH/USDT|2023-07-20T11:00:00+00:00,0.47601596974298316
2,profitable_after_fees,C_price,forest,development|BTC/USDT|2023-07-22T10:00:00+00:00,0.41066670561525986
2,profitable_after_fees,C_price,forest,development|BTC/USDT|2023-07-23T18:00:00+00:00,0.2732039033546312
2,profitable_after_fees,C_price,forest,development|ETH/USDT|2023-07-26T02:00:00+00:00,0.4005594940900899
2,profitable_after_fees,C_price,forest,development|BTC/USDT|2023-07-26T08:00:00+00:00,0.40954437230920754
2,profitable_after_fees,C_price,forest,development|ETH/USDT|2023-07-29T00:00:00+00:00,0.32535965851184623
2,profitable_after_fees,C_price,forest,development|BTC/USDT|2023-07-29T05:00:00+00:00,0.4351002379296712
2,profitable_after_fees,C_price,forest,development|BTC/USDT|2023-07-30T17:00:00+00:00,0.2915130763034511
2,profitable_after_fees,C_price,forest,development|BTC/USDT|2023-07-31T04:00:00+00:00,0.29876482243135255
2,profitable_after_fees,C_price,forest,development|BTC/USDT|2023-08-02T05:00:00+00:00,0.321349663243183
2,profitable_after_fees,C_price,forest,development|ETH/USDT|2023-08-02T08:00:00+00:00,0.5158612233882998
2,profitable_after_fees,C_price,forest,development|BTC/USDT|2023-08-04T10:00:00+00:00,0.36666064908168605
2,profitable_after_fees,C_price,forest,development|ETH/USDT|2023-08-06T06:00:00+00:00,0.304497190576834
2,profitable_after_fees,C_price,forest,development|BTC/USDT|2023-08-06T19:00:00+00:00,0.4032275806127719
2,profitable_after_fees,C_price,forest,development|ETH/USDT|2023-08-07T09:00:00+00:00,0.3450732992803973
2,profitable_after_fees,C_price,forest,development|ETH/USDT|2023-08-08T15:00:00+00:00,0.3011779530850258
2,profitable_after_fees,C_price,forest,development|ETH/USDT|2023-08-12T16:00:00+00:00,0.358354940704858
2,profitable_after_fees,C_price,forest,development|BTC/USDT|2023-08-13T00:00:00+00:00,0.32088641399195256
2,profitable_after_fees,C_price,forest,development|BTC/USDT|2023-08-14T18:00:00+00:00,0.30103163158669327
2,profitable_after_fees,C_price,forest,development|ETH/USDT|2023-08-20T04:00:00+00:00,0.46679715071676897
2,profitable_after_fees,C_price,forest,development|BTC/USDT|2023-08-20T09:00:00+00:00,0.3639174086372976
2,profitable_after_fees,C_price,forest,development|BTC/USDT|2023-08-23T18:00:00+00:00,0.41273640176144843
2,profitable_after_fees,C_price,forest,development|ETH/USDT|2023-08-23T22:00:00+00:00,0.44186102634859764
2,profitable_after_fees,C_price,forest,development|BTC/USDT|2023-08-26T16:00:00+00:00,0.43997207087177015
2,profitable_after_fees,C_price,forest,development|ETH/USDT|2023-08-26T16:00:00+00:00,0.40463196240711935
2,profitable_after_fees,C_price,forest,development|BTC/USDT|2023-08-27T13:00:00+00:00,0.31456934385773494
2,profitable_after_fees,C_price,forest,development|ETH/USDT|2023-08-27T16:00:00+00:00,0.3370732975922376
2,profitable_after_fees,C_price,forest,development|BTC/USDT|2023-08-29T03:00:00+00:00,0.46549761751066676
2,profitable_after_fees,C_price,forest,development|ETH/USDT|2023-08-29T07:00:00+00:00,0.42222296890307814
2,profitable_after_fees,C_price,forest,development|BTC/USDT|2023-08-29T15:00:00+00:00,0.14773325909162208
2,profitable_after_fees,C_price,forest,development|ETH/USDT|2023-08-29T15:00:00+00:00,0.1647910988723294
2,profitable_after_fees,C_price,forest,development|ETH/USDT|2023-09-03T05:00:00+00:00,0.42301561422262535
2,profitable_after_fees,C_price,forest,development|BTC/USDT|2023-09-03T06:00:00+00:00,0.36388894147913803
2,profitable_after_fees,C_price,forest,development|ETH/USDT|2023-09-06T01:00:00+00:00,0.4924548986225533
2,profitable_after_fees,C_price,forest,development|BTC/USDT|2023-09-07T13:00:00+00:00,0.4425581181807303
2,profitable_after_fees,C_price,forest,development|BTC/USDT|2023-09-07T15:00:00+00:00,0.35436951227788627
2,profitable_after_fees,C_price,forest,development|BTC/USDT|2023-09-12T16:00:00+00:00,0.193527830446915
2,profitable_after_fees,C_price,forest,development|ETH/USDT|2023-09-12T21:00:00+00:00,0.6122294220285904
2,profitable_after_fees,C_price,forest,development|BTC/USDT|2023-09-16T14:00:00+00:00,0.46842196122982754
2,profitable_after_fees,C_price,forest,development|BTC/USDT|2023-09-18T05:00:00+00:00,0.3160960419828991
2,profitable_after_fees,C_price,forest,development|ETH/USDT|2023-09-18T14:00:00+00:00,0.22351932330765972
2,profitable_after_fees,C_price,forest,development|ETH/USDT|2023-09-23T08:00:00+00:00,0.3937012701852566
2,profitable_after_fees,C_price,forest,development|BTC/USDT|2023-09-24T12:00:00+00:00,0.3175244611299997
2,profitable_after_fees,C_price,forest,development|ETH/USDT|2023-09-24T15:00:00+00:00,0.3301907559720704
2,profitable_after_fees,C_price,forest,development|BTC/USDT|2023-09-24T18:00:00+00:00,0.33752126331331683
2,profitable_after_fees,C_price,forest,development|ETH/USDT|2023-09-26T08:00:00+00:00,0.5213266557497651
2,profitable_after_fees,C_price,forest,development|BTC/USDT|2023-09-26T21:00:00+00:00,0.4492185844277333
2,profitable_after_fees,C_price,forest,development|BTC/USDT|2023-09-27T12:00:00+00:00,0.2856309443013621
2,profitable_after_fees,C_price,forest,development|BTC/USDT|2023-09-30T22:00:00+00:00,0.2505896292084548
2,profitable_after_fees,C_price,hist_gradient,development|BTC/USDT|2023-07-02T01:00:00+00:00,0.4496455571303328
2,profitable_after_fees,C_price,hist_gradient,development|ETH/USDT|2023-07-03T02:00:00+00:00,0.14325703288729358
2,profitable_after_fees,C_price,hist_gradient,development|BTC/USDT|2023-07-08T13:00:00+00:00,0.3368555822704615
2,profitable_after_fees,C_price,hist_gradient,development|BTC/USDT|2023-07-09T09:00:00+00:00,0.4067485813742418
2,profitable_after_fees,C_price,hist_gradient,development|BTC/USDT|2023-07-09T15:00:00+00:00,0.22326485400572788
2,profitable_after_fees,C_price,hist_gradient,development|ETH/USDT|2023-07-09T15:00:00+00:00,0.3519982201906665
2,profitable_after_fees,C_price,hist_gradient,development|BTC/USDT|2023-07-10T21:00:00+00:00,0.5199433670053931
2,profitable_after_fees,C_price,hist_gradient,development|ETH/USDT|2023-07-10T21:00:00+00:00,0.18471456172225456
2,profitable_after_fees,C_price,hist_gradient,development|ETH/USDT|2023-07-13T17:00:00+00:00,0.14325703288729358
2,profitable_after_fees,C_price,hist_gradient,development|BTC/USDT|2023-07-13T20:00:00+00:00,0.14325703288729358
2,profitable_after_fees,C_price,hist_gradient,development|BTC/USDT|2023-07-16T20:00:00+00:00,0.48258797077373156
2,profitable_after_fees,C_price,hist_gradient,development|BTC/USDT|2023-07-17T01:00:00+00:00,0.3752677085624472
2,profitable_after_fees,C_price,hist_gradient,development|ETH/USDT|2023-07-19T12:00:00+00:00,0.3519982201906665
2,profitable_after_fees,C_price,hist_gradient,development|BTC/USDT|2023-07-19T18:00:00+00:00,0.3571010990756786
2,profitable_after_fees,C_price,hist_gradient,development|ETH/USDT|2023-07-20T11:00:00+00:00,0.38906139254789485
2,profitable_after_fees,C_price,hist_gradient,development|BTC/USDT|2023-07-22T10:00:00+00:00,0.5248176699783257
2,profitable_after_fees,C_price,hist_gradient,development|BTC/USDT|2023-07-23T18:00:00+00:00,0.24240279092695097
2,profitable_after_fees,C_price,hist_gradient,development|ETH/USDT|2023-07-26T02:00:00+00:00,0.34166513578906194
2,profitable_after_fees,C_price,hist_gradient,development|BTC/USDT|2023-07-26T08:00:00+00:00,0.416564372945115
2,profitable_after_fees,C_price,hist_gradient,development|ETH/USDT|2023-07-29T00:00:00+00:00,0.2999155374385044
2,profitable_after_fees,C_price,hist_gradient,development|BTC/USDT|2023-07-29T05:00:00+00:00,0.5457686583623047
2,profitable_after_fees,C_price,hist_gradient,development|BTC/USDT|2023-07-30T17:00:00+00:00,0.27092671095481086
2,profitable_after_fees,C_price,hist_gradient,development|BTC/USDT|2023-07-31T04:00:00+00:00,0.31813640274410454
2,profitable_after_fees,C_price,hist_gradient,development|BTC/USDT|2023-08-02T05:00:00+00:00,0.1881382777621275
2,profitable_after_fees,C_price,hist_gradient,development|ETH/USDT|2023-08-02T08:00:00+00:00,0.4792733797620194
2,profitable_after_fees,C_price,hist_gradient,development|BTC/USDT|2023-08-04T10:00:00+00:00,0.27310826863935284
2,profitable_after_fees,C_price,hist_gradient,development|ETH/USDT|2023-08-06T06:00:00+00:00,0.27868433310413876
2,profitable_after_fees,C_price,hist_gradient,development|BTC/USDT|2023-08-06T19:00:00+00:00,0.416564372945115
2,profitable_after_fees,C_price,hist_gradient,development|ETH/USDT|2023-08-07T09:00:00+00:00,0.4066047105754292
2,profitable_after_fees,C_price,hist_gradient,development|ETH/USDT|2023-08-08T15:00:00+00:00,0.2616774359979599
2,profitable_after_fees,C_price,hist_gradient,development|ETH/USDT|2023-08-12T16:00:00+00:00,0.2946592781977873
2,profitable_after_fees,C_price,hist_gradient,development|BTC/USDT|2023-08-13T00:00:00+00:00,0.3067112894236995
2,profitable_after_fees,C_price,hist_gradient,development|BTC/USDT|2023-08-14T18:00:00+00:00,0.25694291552607584
2,profitable_after_fees,C_price,hist_gradient,development|ETH/USDT|2023-08-20T04:00:00+00:00,0.5116546168115003
2,profitable_after_fees,C_price,hist_gradient,development|BTC/USDT|2023-08-20T09:00:00+00:00,0.47120078204461463
2,profitable_after_fees,C_price,hist_gradient,development|BTC/USDT|2023-08-23T18:00:00+00:00,0.47998249357863954
2,profitable_after_fees,C_price,hist_gradient,development|ETH/USDT|2023-08-23T22:00:00+00:00,0.4800151244545469
2,profitable_after_fees,C_price,hist_gradient,development|BTC/USDT|2023-08-26T16:00:00+00:00,0.4168282730568214
2,profitable_after_fees,C_price,hist_gradient,development|ETH/USDT|2023-08-26T16:00:00+00:00,0.3891774358906871
2,profitable_after_fees,C_price,hist_gradient,development|BTC/USDT|2023-08-27T13:00:00+00:00,0.4075699360295852
2,profitable_after_fees,C_price,hist_gradient,development|ETH/USDT|2023-08-27T16:00:00+00:00,0.284025688798207
2,profitable_after_fees,C_price,hist_gradient,development|BTC/USDT|2023-08-29T03:00:00+00:00,0.3984288696332507
2,profitable_after_fees,C_price,hist_gradient,development|ETH/USDT|2023-08-29T07:00:00+00:00,0.35282119380186683
2,profitable_after_fees,C_price,hist_gradient,development|BTC/USDT|2023-08-29T15:00:00+00:00,0.14325703288729358
2,profitable_after_fees,C_price,hist_gradient,development|ETH/USDT|2023-08-29T15:00:00+00:00,0.14325703288729358
2,profitable_after_fees,C_price,hist_gradient,development|ETH/USDT|2023-09-03T05:00:00+00:00,0.35662320458586466
2,profitable_after_fees,C_price,hist_gradient,development|BTC/USDT|2023-09-03T06:00:00+00:00,0.3209632255879105
2,profitable_after_fees,C_price,hist_gradient,development|ETH/USDT|2023-09-06T01:00:00+00:00,0.47841973252617426
2,profitable_after_fees,C_price,hist_gradient,development|BTC/USDT|2023-09-07T13:00:00+00:00,0.29608700110403136
2,profitable_after_fees,C_price,hist_gradient,development|BTC/USDT|2023-09-07T15:00:00+00:00,0.36635890945392974
2,profitable_after_fees,C_price,hist_gradient,development|BTC/USDT|2023-09-12T16:00:00+00:00,0.1451891084722717
2,profitable_after_fees,C_price,hist_gradient,development|ETH/USDT|2023-09-12T21:00:00+00:00,0.5192213070115484
2,profitable_after_fees,C_price,hist_gradient,development|BTC/USDT|2023-09-16T14:00:00+00:00,0.3984288696332507
2,profitable_after_fees,C_price,hist_gradient,development|BTC/USDT|2023-09-18T05:00:00+00:00,0.3066464210237515
2,profitable_after_fees,C_price,hist_gradient,development|ETH/USDT|2023-09-18T14:00:00+00:00,0.15150155932148998
2,profitable_after_fees,C_price,hist_gradient,development|ETH/USDT|2023-09-23T08:00:00+00:00,0.33948753093211265
2,profitable_after_fees,C_price,hist_gradient,development|BTC/USDT|2023-09-24T12:00:00+00:00,0.3067112894236995
2,profitable_after_fees,C_price,hist_gradient,development|ETH/USDT|2023-09-24T15:00:00+00:00,0.28589459612226586
2,profitable_after_fees,C_price,hist_gradient,development|BTC/USDT|2023-09-24T18:00:00+00:00,0.22790116832174448
2,profitable_after_fees,C_price,hist_gradient,development|ETH/USDT|2023-09-26T08:00:00+00:00,0.3892156779779734
2,profitable_after_fees,C_price,hist_gradient,development|BTC/USDT|2023-09-26T21:00:00+00:00,0.3669590444415081
2,profitable_after_fees,C_price,hist_gradient,development|BTC/USDT|2023-09-27T12:00:00+00:00,0.17630932463571675
2,profitable_after_fees,C_price,hist_gradient,development|BTC/USDT|2023-09-30T22:00:00+00:00,0.23767749014970582
2,profitable_after_fees,D_price_volatility,dummy,development|BTC/USDT|2023-07-02T01:00:00+00:00,0.3577981651376147
2,profitable_after_fees,D_price_volatility,dummy,development|ETH/USDT|2023-07-03T02:00:00+00:00,0.3577981651376147
2,profitable_after_fees,D_price_volatility,dummy,development|BTC/USDT|2023-07-08T13:00:00+00:00,0.3577981651376147
2,profitable_after_fees,D_price_volatility,dummy,development|BTC/USDT|2023-07-09T09:00:00+00:00,0.3577981651376147
2,profitable_after_fees,D_price_volatility,dummy,development|BTC/USDT|2023-07-09T15:00:00+00:00,0.3577981651376147
2,profitable_after_fees,D_price_volatility,dummy,development|ETH/USDT|2023-07-09T15:00:00+00:00,0.3577981651376147
2,profitable_after_fees,D_price_volatility,dummy,development|BTC/USDT|2023-07-10T21:00:00+00:00,0.3577981651376147
2,profitable_after_fees,D_price_volatility,dummy,development|ETH/USDT|2023-07-10T21:00:00+00:00,0.3577981651376147
2,profitable_after_fees,D_price_volatility,dummy,development|ETH/USDT|2023-07-13T17:00:00+00:00,0.3577981651376147
2,profitable_after_fees,D_price_volatility,dummy,development|BTC/USDT|2023-07-13T20:00:00+00:00,0.3577981651376147
2,profitable_after_fees,D_price_volatility,dummy,development|BTC/USDT|2023-07-16T20:00:00+00:00,0.3577981651376147
2,profitable_after_fees,D_price_volatility,dummy,development|BTC/USDT|2023-07-17T01:00:00+00:00,0.3577981651376147
2,profitable_after_fees,D_price_volatility,dummy,development|ETH/USDT|2023-07-19T12:00:00+00:00,0.3577981651376147
2,profitable_after_fees,D_price_volatility,dummy,development|BTC/USDT|2023-07-19T18:00:00+00:00,0.3577981651376147
2,profitable_after_fees,D_price_volatility,dummy,development|ETH/USDT|2023-07-20T11:00:00+00:00,0.3577981651376147
2,profitable_after_fees,D_price_volatility,dummy,development|BTC/USDT|2023-07-22T10:00:00+00:00,0.3577981651376147
2,profitable_after_fees,D_price_volatility,dummy,development|BTC/USDT|2023-07-23T18:00:00+00:00,0.3577981651376147
2,profitable_after_fees,D_price_volatility,dummy,development|ETH/USDT|2023-07-26T02:00:00+00:00,0.3577981651376147
2,profitable_after_fees,D_price_volatility,dummy,development|BTC/USDT|2023-07-26T08:00:00+00:00,0.3577981651376147
2,profitable_after_fees,D_price_volatility,dummy,development|ETH/USDT|2023-07-29T00:00:00+00:00,0.3577981651376147
2,profitable_after_fees,D_price_volatility,dummy,development|BTC/USDT|2023-07-29T05:00:00+00:00,0.3577981651376147
2,profitable_after_fees,D_price_volatility,dummy,development|BTC/USDT|2023-07-30T17:00:00+00:00,0.3577981651376147
2,profitable_after_fees,D_price_volatility,dummy,development|BTC/USDT|2023-07-31T04:00:00+00:00,0.3577981651376147
2,profitable_after_fees,D_price_volatility,dummy,development|BTC/USDT|2023-08-02T05:00:00+00:00,0.3577981651376147
2,profitable_after_fees,D_price_volatility,dummy,development|ETH/USDT|2023-08-02T08:00:00+00:00,0.3577981651376147
2,profitable_after_fees,D_price_volatility,dummy,development|BTC/USDT|2023-08-04T10:00:00+00:00,0.3577981651376147
2,profitable_after_fees,D_price_volatility,dummy,development|ETH/USDT|2023-08-06T06:00:00+00:00,0.3577981651376147
2,profitable_after_fees,D_price_volatility,dummy,development|BTC/USDT|2023-08-06T19:00:00+00:00,0.3577981651376147
2,profitable_after_fees,D_price_volatility,dummy,development|ETH/USDT|2023-08-07T09:00:00+00:00,0.3577981651376147
2,profitable_after_fees,D_price_volatility,dummy,development|ETH/USDT|2023-08-08T15:00:00+00:00,0.3577981651376147
2,profitable_after_fees,D_price_volatility,dummy,development|ETH/USDT|2023-08-12T16:00:00+00:00,0.3577981651376147
2,profitable_after_fees,D_price_volatility,dummy,development|BTC/USDT|2023-08-13T00:00:00+00:00,0.3577981651376147
2,profitable_after_fees,D_price_volatility,dummy,development|BTC/USDT|2023-08-14T18:00:00+00:00,0.3577981651376147
2,profitable_after_fees,D_price_volatility,dummy,development|ETH/USDT|2023-08-20T04:00:00+00:00,0.3577981651376147
2,profitable_after_fees,D_price_volatility,dummy,development|BTC/USDT|2023-08-20T09:00:00+00:00,0.3577981651376147
2,profitable_after_fees,D_price_volatility,dummy,development|BTC/USDT|2023-08-23T18:00:00+00:00,0.3577981651376147
2,profitable_after_fees,D_price_volatility,dummy,development|ETH/USDT|2023-08-23T22:00:00+00:00,0.3577981651376147
2,profitable_after_fees,D_price_volatility,dummy,development|BTC/USDT|2023-08-26T16:00:00+00:00,0.3577981651376147
2,profitable_after_fees,D_price_volatility,dummy,development|ETH/USDT|2023-08-26T16:00:00+00:00,0.3577981651376147
2,profitable_after_fees,D_price_volatility,dummy,development|BTC/USDT|2023-08-27T13:00:00+00:00,0.3577981651376147
2,profitable_after_fees,D_price_volatility,dummy,development|ETH/USDT|2023-08-27T16:00:00+00:00,0.3577981651376147
2,profitable_after_fees,D_price_volatility,dummy,development|BTC/USDT|2023-08-29T03:00:00+00:00,0.3577981651376147
2,profitable_after_fees,D_price_volatility,dummy,development|ETH/USDT|2023-08-29T07:00:00+00:00,0.3577981651376147
2,profitable_after_fees,D_price_volatility,dummy,development|BTC/USDT|2023-08-29T15:00:00+00:00,0.3577981651376147
2,profitable_after_fees,D_price_volatility,dummy,development|ETH/USDT|2023-08-29T15:00:00+00:00,0.3577981651376147
2,profitable_after_fees,D_price_volatility,dummy,development|ETH/USDT|2023-09-03T05:00:00+00:00,0.3577981651376147
2,profitable_after_fees,D_price_volatility,dummy,development|BTC/USDT|2023-09-03T06:00:00+00:00,0.3577981651376147
2,profitable_after_fees,D_price_volatility,dummy,development|ETH/USDT|2023-09-06T01:00:00+00:00,0.3577981651376147
2,profitable_after_fees,D_price_volatility,dummy,development|BTC/USDT|2023-09-07T13:00:00+00:00,0.3577981651376147
2,profitable_after_fees,D_price_volatility,dummy,development|BTC/USDT|2023-09-07T15:00:00+00:00,0.3577981651376147
2,profitable_after_fees,D_price_volatility,dummy,development|BTC/USDT|2023-09-12T16:00:00+00:00,0.3577981651376147
2,profitable_after_fees,D_price_volatility,dummy,development|ETH/USDT|2023-09-12T21:00:00+00:00,0.3577981651376147
2,profitable_after_fees,D_price_volatility,dummy,development|BTC/USDT|2023-09-16T14:00:00+00:00,0.3577981651376147
2,profitable_after_fees,D_price_volatility,dummy,development|BTC/USDT|2023-09-18T05:00:00+00:00,0.3577981651376147
2,profitable_after_fees,D_price_volatility,dummy,development|ETH/USDT|2023-09-18T14:00:00+00:00,0.3577981651376147
2,profitable_after_fees,D_price_volatility,dummy,development|ETH/USDT|2023-09-23T08:00:00+00:00,0.3577981651376147
2,profitable_after_fees,D_price_volatility,dummy,development|BTC/USDT|2023-09-24T12:00:00+00:00,0.3577981651376147
2,profitable_after_fees,D_price_volatility,dummy,development|ETH/USDT|2023-09-24T15:00:00+00:00,0.3577981651376147
2,profitable_after_fees,D_price_volatility,dummy,development|BTC/USDT|2023-09-24T18:00:00+00:00,0.3577981651376147
2,profitable_after_fees,D_price_volatility,dummy,development|ETH/USDT|2023-09-26T08:00:00+00:00,0.3577981651376147
2,profitable_after_fees,D_price_volatility,dummy,development|BTC/USDT|2023-09-26T21:00:00+00:00,0.3577981651376147
2,profitable_after_fees,D_price_volatility,dummy,development|BTC/USDT|2023-09-27T12:00:00+00:00,0.3577981651376147
2,profitable_after_fees,D_price_volatility,dummy,development|BTC/USDT|2023-09-30T22:00:00+00:00,0.3577981651376147
2,profitable_after_fees,D_price_volatility,logistic,development|BTC/USDT|2023-07-02T01:00:00+00:00,0.5181767034096392
2,profitable_after_fees,D_price_volatility,logistic,development|ETH/USDT|2023-07-03T02:00:00+00:00,0.1041521404319581
2,profitable_after_fees,D_price_volatility,logistic,development|BTC/USDT|2023-07-08T13:00:00+00:00,0.39566862886297677
2,profitable_after_fees,D_price_volatility,logistic,development|BTC/USDT|2023-07-09T09:00:00+00:00,0.17689106880559724
2,profitable_after_fees,D_price_volatility,logistic,development|BTC/USDT|2023-07-09T15:00:00+00:00,0.2613933611872328
2,profitable_after_fees,D_price_volatility,logistic,development|ETH/USDT|2023-07-09T15:00:00+00:00,0.44246535725201475
2,profitable_after_fees,D_price_volatility,logistic,development|BTC/USDT|2023-07-10T21:00:00+00:00,0.47860665074505987
2,profitable_after_fees,D_price_volatility,logistic,development|ETH/USDT|2023-07-10T21:00:00+00:00,0.37600502131464963
2,profitable_after_fees,D_price_volatility,logistic,development|ETH/USDT|2023-07-13T17:00:00+00:00,0.11894721128340571
2,profitable_after_fees,D_price_volatility,logistic,development|BTC/USDT|2023-07-13T20:00:00+00:00,0.22337468202174288
2,profitable_after_fees,D_price_volatility,logistic,development|BTC/USDT|2023-07-16T20:00:00+00:00,0.37532718764346845
2,profitable_after_fees,D_price_volatility,logistic,development|BTC/USDT|2023-07-17T01:00:00+00:00,0.4345875094643077
2,profitable_after_fees,D_price_volatility,logistic,development|ETH/USDT|2023-07-19T12:00:00+00:00,0.5244874352310515
2,profitable_after_fees,D_price_volatility,logistic,development|BTC/USDT|2023-07-19T18:00:00+00:00,0.3967832672587189
2,profitable_after_fees,D_price_volatility,logistic,development|ETH/USDT|2023-07-20T11:00:00+00:00,0.3995709092285004
2,profitable_after_fees,D_price_volatility,logistic,development|BTC/USDT|2023-07-22T10:00:00+00:00,0.3447101970259314
2,profitable_after_fees,D_price_volatility,logistic,development|BTC/USDT|2023-07-23T18:00:00+00:00,0.15830425643559007
2,profitable_after_fees,D_price_volatility,logistic,development|ETH/USDT|2023-07-26T02:00:00+00:00,0.3190709055818565
2,profitable_after_fees,D_price_volatility,logistic,development|BTC/USDT|2023-07-26T08:00:00+00:00,0.4490613378286902
2,profitable_after_fees,D_price_volatility,logistic,development|ETH/USDT|2023-07-29T00:00:00+00:00,0.13221190701396957
2,profitable_after_fees,D_price_volatility,logistic,development|BTC/USDT|2023-07-29T05:00:00+00:00,0.38280818116899895
2,profitable_after_fees,D_price_volatility,logistic,development|BTC/USDT|2023-07-30T17:00:00+00:00,0.21128605281784427
2,profitable_after_fees,D_price_volatility,logistic,development|BTC/USDT|2023-07-31T04:00:00+00:00,0.1566127608819143
2,profitable_after_fees,D_price_volatility,logistic,development|BTC/USDT|2023-08-02T05:00:00+00:00,0.32631537381307774
2,profitable_after_fees,D_price_volatility,logistic,development|ETH/USDT|2023-08-02T08:00:00+00:00,0.512338913154727
2,profitable_after_fees,D_price_volatility,logistic,development|BTC/USDT|2023-08-04T10:00:00+00:00,0.25640119982419723
2,profitable_after_fees,D_price_volatility,logistic,development|ETH/USDT|2023-08-06T06:00:00+00:00,0.20782888005036965
2,profitable_after_fees,D_price_volatility,logistic,development|BTC/USDT|2023-08-06T19:00:00+00:00,0.3394065035299051
2,profitable_after_fees,D_price_volatility,logistic,development|ETH/USDT|2023-08-07T09:00:00+00:00,0.10086133647137478
2,profitable_after_fees,D_price_volatility,logistic,development|ETH/USDT|2023-08-08T15:00:00+00:00,0.2624023272697896
2,profitable_after_fees,D_price_volatility,logistic,development|ETH/USDT|2023-08-12T16:00:00+00:00,0.22692927290815584
2,profitable_after_fees,D_price_volatility,logistic,development|BTC/USDT|2023-08-13T00:00:00+00:00,0.24440421342489274
2,profitable_after_fees,D_price_volatility,logistic,development|BTC/USDT|2023-08-14T18:00:00+00:00,0.20702008241959155
2,profitable_after_fees,D_price_volatility,logistic,development|ETH/USDT|2023-08-20T04:00:00+00:00,0.7944559643038007
2,profitable_after_fees,D_price_volatility,logistic,development|BTC/USDT|2023-08-20T09:00:00+00:00,0.8270131564490257
2,profitable_after_fees,D_price_volatility,logistic,development|BTC/USDT|2023-08-23T18:00:00+00:00,0.623635131845925
2,profitable_after_fees,D_price_volatility,logistic,development|ETH/USDT|2023-08-23T22:00:00+00:00,0.6697860466433798
2,profitable_after_fees,D_price_volatility,logistic,development|BTC/USDT|2023-08-26T16:00:00+00:00,0.3398700079743543
2,profitable_after_fees,D_price_volatility,logistic,development|ETH/USDT|2023-08-26T16:00:00+00:00,0.3970048433350676
2,profitable_after_fees,D_price_volatility,logistic,development|BTC/USDT|2023-08-27T13:00:00+00:00,0.2078561381654489
2,profitable_after_fees,D_price_volatility,logistic,development|ETH/USDT|2023-08-27T16:00:00+00:00,0.31007108948657014
2,profitable_after_fees,D_price_volatility,logistic,development|BTC/USDT|2023-08-29T03:00:00+00:00,0.47890907114847
2,profitable_after_fees,D_price_volatility,logistic,development|ETH/USDT|2023-08-29T07:00:00+00:00,0.2120961818687559
2,profitable_after_fees,D_price_volatility,logistic,development|BTC/USDT|2023-08-29T15:00:00+00:00,0.0038905393967336895
2,profitable_after_fees,D_price_volatility,logistic,development|ETH/USDT|2023-08-29T15:00:00+00:00,0.01129054463808484
2,profitable_after_fees,D_price_volatility,logistic,development|ETH/USDT|2023-09-03T05:00:00+00:00,0.5327518821560382
2,profitable_after_fees,D_price_volatility,logistic,development|BTC/USDT|2023-09-03T06:00:00+00:00,0.49175377458382497
2,profitable_after_fees,D_price_volatility,logistic,development|ETH/USDT|2023-09-06T01:00:00+00:00,0.5423029821067042
2,profitable_after_fees,D_price_volatility,logistic,development|BTC/USDT|2023-09-07T13:00:00+00:00,0.28918718359120743
2,profitable_after_fees,D_price_volatility,logistic,development|BTC/USDT|2023-09-07T15:00:00+00:00,0.21523613421061621
2,profitable_after_fees,D_price_volatility,logistic,development|BTC/USDT|2023-09-12T16:00:00+00:00,0.3421780312552296
2,profitable_after_fees,D_price_volatility,logistic,development|ETH/USDT|2023-09-12T21:00:00+00:00,0.7985541967714731
2,profitable_after_fees,D_price_volatility,logistic,development|BTC/USDT|2023-09-16T14:00:00+00:00,0.4438683141965344
2,profitable_after_fees,D_price_volatility,logistic,development|BTC/USDT|2023-09-18T05:00:00+00:00,0.2512431961948421
2,profitable_after_fees,D_price_volatility,logistic,development|ETH/USDT|2023-09-18T14:00:00+00:00,0.34096371105978035
2,profitable_after_fees,D_price_volatility,logistic,development|ETH/USDT|2023-09-23T08:00:00+00:00,0.5045666935739321
2,profitable_after_fees,D_price_volatility,logistic,development|BTC/USDT|2023-09-24T12:00:00+00:00,0.2083817323245288
2,profitable_after_fees,D_price_volatility,logistic,development|ETH/USDT|2023-09-24T15:00:00+00:00,0.2991029694375713
2,profitable_after_fees,D_price_volatility,logistic,development|BTC/USDT|2023-09-24T18:00:00+00:00,0.2313619302262317
2,profitable_after_fees,D_price_volatility,logistic,development|ETH/USDT|2023-09-26T08:00:00+00:00,0.6153418434676137
2,profitable_after_fees,D_price_volatility,logistic,development|BTC/USDT|2023-09-26T21:00:00+00:00,0.39712333256661503
2,profitable_after_fees,D_price_volatility,logistic,development|BTC/USDT|2023-09-27T12:00:00+00:00,0.19594689480058847
2,profitable_after_fees,D_price_volatility,logistic,development|BTC/USDT|2023-09-30T22:00:00+00:00,0.2645591121758201
2,profitable_after_fees,D_price_volatility,forest,development|BTC/USDT|2023-07-02T01:00:00+00:00,0.4264573343410962
2,profitable_after_fees,D_price_volatility,forest,development|ETH/USDT|2023-07-03T02:00:00+00:00,0.08584114454444065
2,profitable_after_fees,D_price_volatility,forest,development|BTC/USDT|2023-07-08T13:00:00+00:00,0.36871869475449137
2,profitable_after_fees,D_price_volatility,forest,development|BTC/USDT|2023-07-09T09:00:00+00:00,0.3243972133290518
2,profitable_after_fees,D_price_volatility,forest,development|BTC/USDT|2023-07-09T15:00:00+00:00,0.2958459194792247
2,profitable_after_fees,D_price_volatility,forest,development|ETH/USDT|2023-07-09T15:00:00+00:00,0.39768919383456636
2,profitable_after_fees,D_price_volatility,forest,development|BTC/USDT|2023-07-10T21:00:00+00:00,0.46371261662897967
2,profitable_after_fees,D_price_volatility,forest,development|ETH/USDT|2023-07-10T21:00:00+00:00,0.3474892506242416
2,profitable_after_fees,D_price_volatility,forest,development|ETH/USDT|2023-07-13T17:00:00+00:00,0.12351559800616911
2,profitable_after_fees,D_price_volatility,forest,development|BTC/USDT|2023-07-13T20:00:00+00:00,0.09041647869817487
2,profitable_after_fees,D_price_volatility,forest,development|BTC/USDT|2023-07-16T20:00:00+00:00,0.442559487468186
2,profitable_after_fees,D_price_volatility,forest,development|BTC/USDT|2023-07-17T01:00:00+00:00,0.4502518763014315
2,profitable_after_fees,D_price_volatility,forest,development|ETH/USDT|2023-07-19T12:00:00+00:00,0.41010252325784213
2,profitable_after_fees,D_price_volatility,forest,development|BTC/USDT|2023-07-19T18:00:00+00:00,0.4793257484929571
2,profitable_after_fees,D_price_volatility,forest,development|ETH/USDT|2023-07-20T11:00:00+00:00,0.48135203463820253
2,profitable_after_fees,D_price_volatility,forest,development|BTC/USDT|2023-07-22T10:00:00+00:00,0.39918056734660434
2,profitable_after_fees,D_price_volatility,forest,development|BTC/USDT|2023-07-23T18:00:00+00:00,0.24746579500172838
2,profitable_after_fees,D_price_volatility,forest,development|ETH/USDT|2023-07-26T02:00:00+00:00,0.3615968982323943
2,profitable_after_fees,D_price_volatility,forest,development|BTC/USDT|2023-07-26T08:00:00+00:00,0.4145010052816113
2,profitable_after_fees,D_price_volatility,forest,development|ETH/USDT|2023-07-29T00:00:00+00:00,0.30540506709473714
2,profitable_after_fees,D_price_volatility,forest,development|BTC/USDT|2023-07-29T05:00:00+00:00,0.4286204593509491
2,profitable_after_fees,D_price_volatility,forest,development|BTC/USDT|2023-07-30T17:00:00+00:00,0.2752394700995962
2,profitable_after_fees,D_price_volatility,forest,development|BTC/USDT|2023-07-31T04:00:00+00:00,0.2911242608121969
2,profitable_after_fees,D_price_volatility,forest,development|BTC/USDT|2023-08-02T05:00:00+00:00,0.28213822106754416
2,profitable_after_fees,D_price_volatility,forest,development|ETH/USDT|2023-08-02T08:00:00+00:00,0.5050645797238167
2,profitable_after_fees,D_price_volatility,forest,development|BTC/USDT|2023-08-04T10:00:00+00:00,0.3409618114410403
2,profitable_after_fees,D_price_volatility,forest,development|ETH/USDT|2023-08-06T06:00:00+00:00,0.2780900952998173
2,profitable_after_fees,D_price_volatility,forest,development|BTC/USDT|2023-08-06T19:00:00+00:00,0.39935058798643924
2,profitable_after_fees,D_price_volatility,forest,development|ETH/USDT|2023-08-07T09:00:00+00:00,0.31681456931287444
2,profitable_after_fees,D_price_volatility,forest,development|ETH/USDT|2023-08-08T15:00:00+00:00,0.30929041901430865
2,profitable_after_fees,D_price_volatility,forest,development|ETH/USDT|2023-08-12T16:00:00+00:00,0.3189164871051247
2,profitable_after_fees,D_price_volatility,forest,development|BTC/USDT|2023-08-13T00:00:00+00:00,0.2974543018421348
2,profitable_after_fees,D_price_volatility,forest,development|BTC/USDT|2023-08-14T18:00:00+00:00,0.3229702905951142
2,profitable_after_fees,D_price_volatility,forest,development|ETH/USDT|2023-08-20T04:00:00+00:00,0.5210866655455463
2,profitable_after_fees,D_price_volatility,forest,development|BTC/USDT|2023-08-20T09:00:00+00:00,0.43611365965942056
2,profitable_after_fees,D_price_volatility,forest,development|BTC/USDT|2023-08-23T18:00:00+00:00,0.4235768163684812
2,profitable_after_fees,D_price_volatility,forest,development|ETH/USDT|2023-08-23T22:00:00+00:00,0.5386845802579668
2,profitable_after_fees,D_price_volatility,forest,development|BTC/USDT|2023-08-26T16:00:00+00:00,0.3901761397785119
2,profitable_after_fees,D_price_volatility,forest,development|ETH/USDT|2023-08-26T16:00:00+00:00,0.383105802638537
2,profitable_after_fees,D_price_volatility,forest,development|BTC/USDT|2023-08-27T13:00:00+00:00,0.315091614566054
2,profitable_after_fees,D_price_volatility,forest,development|ETH/USDT|2023-08-27T16:00:00+00:00,0.3167425415577311
2,profitable_after_fees,D_price_volatility,forest,development|BTC/USDT|2023-08-29T03:00:00+00:00,0.47368647138237596
2,profitable_after_fees,D_price_volatility,forest,development|ETH/USDT|2023-08-29T07:00:00+00:00,0.42987413005926106
2,profitable_after_fees,D_price_volatility,forest,development|BTC/USDT|2023-08-29T15:00:00+00:00,0.1341627885349386
2,profitable_after_fees,D_price_volatility,forest,development|ETH/USDT|2023-08-29T15:00:00+00:00,0.15543662564696356
2,profitable_after_fees,D_price_volatility,forest,development|ETH/USDT|2023-09-03T05:00:00+00:00,0.4153350866676267
2,profitable_after_fees,D_price_volatility,forest,development|BTC/USDT|2023-09-03T06:00:00+00:00,0.3319799527326103
2,profitable_after_fees,D_price_volatility,forest,development|ETH/USDT|2023-09-06T01:00:00+00:00,0.5189883776328272
2,profitable_after_fees,D_price_volatility,forest,development|BTC/USDT|2023-09-07T13:00:00+00:00,0.417491543532696
2,profitable_after_fees,D_price_volatility,forest,development|BTC/USDT|2023-09-07T15:00:00+00:00,0.42918257364554696
2,profitable_after_fees,D_price_volatility,forest,development|BTC/USDT|2023-09-12T16:00:00+00:00,0.15357408574456916
2,profitable_after_fees,D_price_volatility,forest,development|ETH/USDT|2023-09-12T21:00:00+00:00,0.6424414206754564
2,profitable_after_fees,D_price_volatility,forest,development|BTC/USDT|2023-09-16T14:00:00+00:00,0.4637905604309306
2,profitable_after_fees,D_price_volatility,forest,development|BTC/USDT|2023-09-18T05:00:00+00:00,0.2812138046074071
2,profitable_after_fees,D_price_volatility,forest,development|ETH/USDT|2023-09-18T14:00:00+00:00,0.2703454153630439
2,profitable_after_fees,D_price_volatility,forest,development|ETH/USDT|2023-09-23T08:00:00+00:00,0.40613988291261444
2,profitable_after_fees,D_price_volatility,forest,development|BTC/USDT|2023-09-24T12:00:00+00:00,0.29145669132839525
2,profitable_after_fees,D_price_volatility,forest,development|ETH/USDT|2023-09-24T15:00:00+00:00,0.347380050113882
2,profitable_after_fees,D_price_volatility,forest,development|BTC/USDT|2023-09-24T18:00:00+00:00,0.29433738135866516
2,profitable_after_fees,D_price_volatility,forest,development|ETH/USDT|2023-09-26T08:00:00+00:00,0.4779600975629355
2,profitable_after_fees,D_price_volatility,forest,development|BTC/USDT|2023-09-26T21:00:00+00:00,0.4997528932147924
2,profitable_after_fees,D_price_volatility,forest,development|BTC/USDT|2023-09-27T12:00:00+00:00,0.265339349418346
2,profitable_after_fees,D_price_volatility,forest,development|BTC/USDT|2023-09-30T22:00:00+00:00,0.2669895179929192
2,profitable_after_fees,D_price_volatility,hist_gradient,development|BTC/USDT|2023-07-02T01:00:00+00:00,0.4439463797092778
2,profitable_after_fees,D_price_volatility,hist_gradient,development|ETH/USDT|2023-07-03T02:00:00+00:00,0.1595592252317864
2,profitable_after_fees,D_price_volatility,hist_gradient,development|BTC/USDT|2023-07-08T13:00:00+00:00,0.3066988072603463
2,profitable_after_fees,D_price_volatility,hist_gradient,development|BTC/USDT|2023-07-09T09:00:00+00:00,0.4025765446647711
2,profitable_after_fees,D_price_volatility,hist_gradient,development|BTC/USDT|2023-07-09T15:00:00+00:00,0.2606523980845603
2,profitable_after_fees,D_price_volatility,hist_gradient,development|ETH/USDT|2023-07-09T15:00:00+00:00,0.3274272488531562
2,profitable_after_fees,D_price_volatility,hist_gradient,development|BTC/USDT|2023-07-10T21:00:00+00:00,0.5279938594269854
2,profitable_after_fees,D_price_volatility,hist_gradient,development|ETH/USDT|2023-07-10T21:00:00+00:00,0.28816994907917587
2,profitable_after_fees,D_price_volatility,hist_gradient,development|ETH/USDT|2023-07-13T17:00:00+00:00,0.14225907258271117
2,profitable_after_fees,D_price_volatility,hist_gradient,development|BTC/USDT|2023-07-13T20:00:00+00:00,0.14225907258271117
2,profitable_after_fees,D_price_volatility,hist_gradient,development|BTC/USDT|2023-07-16T20:00:00+00:00,0.4427585622443725
2,profitable_after_fees,D_price_volatility,hist_gradient,development|BTC/USDT|2023-07-17T01:00:00+00:00,0.371540946228222
2,profitable_after_fees,D_price_volatility,hist_gradient,development|ETH/USDT|2023-07-19T12:00:00+00:00,0.314755847693925
2,profitable_after_fees,D_price_volatility,hist_gradient,development|BTC/USDT|2023-07-19T18:00:00+00:00,0.43551496642973425
2,profitable_after_fees,D_price_volatility,hist_gradient,development|ETH/USDT|2023-07-20T11:00:00+00:00,0.3578752091081837
2,profitable_after_fees,D_price_volatility,hist_gradient,development|BTC/USDT|2023-07-22T10:00:00+00:00,0.49345061840622884
2,profitable_after_fees,D_price_volatility,hist_gradient,development|BTC/USDT|2023-07-23T18:00:00+00:00,0.3008496686057467
2,profitable_after_fees,D_price_volatility,hist_gradient,development|ETH/USDT|2023-07-26T02:00:00+00:00,0.3066988072603463
2,profitable_after_fees,D_price_volatility,hist_gradient,development|BTC/USDT|2023-07-26T08:00:00+00:00,0.3946665776589513
2,profitable_after_fees,D_price_volatility,hist_gradient,development|ETH/USDT|2023-07-29T00:00:00+00:00,0.3040299463679507
2,profitable_after_fees,D_price_volatility,hist_gradient,development|BTC/USDT|2023-07-29T05:00:00+00:00,0.5176119277676949
2,profitable_after_fees,D_price_volatility,hist_gradient,development|BTC/USDT|2023-07-30T17:00:00+00:00,0.26293725305762694
2,profitable_after_fees,D_price_volatility,hist_gradient,development|BTC/USDT|2023-07-31T04:00:00+00:00,0.31634416641628954
2,profitable_after_fees,D_price_volatility,hist_gradient,development|BTC/USDT|2023-08-02T05:00:00+00:00,0.15345662650963457
2,profitable_after_fees,D_price_volatility,hist_gradient,development|ETH/USDT|2023-08-02T08:00:00+00:00,0.5164772471384941
2,profitable_after_fees,D_price_volatility,hist_gradient,development|BTC/USDT|2023-08-04T10:00:00+00:00,0.27452762732393693
2,profitable_after_fees,D_price_volatility,hist_gradient,development|ETH/USDT|2023-08-06T06:00:00+00:00,0.315285726750345
2,profitable_after_fees,D_price_volatility,hist_gradient,development|BTC/USDT|2023-08-06T19:00:00+00:00,0.3946665776589513
2,profitable_after_fees,D_price_volatility,hist_gradient,development|ETH/USDT|2023-08-07T09:00:00+00:00,0.4172840793256087
2,profitable_after_fees,D_price_volatility,hist_gradient,development|ETH/USDT|2023-08-08T15:00:00+00:00,0.27959295739221696
2,profitable_after_fees,D_price_volatility,hist_gradient,development|ETH/USDT|2023-08-12T16:00:00+00:00,0.315863449616753
2,profitable_after_fees,D_price_volatility,hist_gradient,development|BTC/USDT|2023-08-13T00:00:00+00:00,0.2934371218090433
2,profitable_after_fees,D_price_volatility,hist_gradient,development|BTC/USDT|2023-08-14T18:00:00+00:00,0.3172780807745368
2,profitable_after_fees,D_price_volatility,hist_gradient,development|ETH/USDT|2023-08-20T04:00:00+00:00,0.5271419749291317
2,profitable_after_fees,D_price_volatility,hist_gradient,development|BTC/USDT|2023-08-20T09:00:00+00:00,0.49617904979502314
2,profitable_after_fees,D_price_volatility,hist_gradient,development|BTC/USDT|2023-08-23T18:00:00+00:00,0.4476249503322856
2,profitable_after_fees,D_price_volatility,hist_gradient,development|ETH/USDT|2023-08-23T22:00:00+00:00,0.497207801172948
2,profitable_after_fees,D_price_volatility,hist_gradient,development|BTC/USDT|2023-08-26T16:00:00+00:00,0.4174914984903801
2,profitable_after_fees,D_price_volatility,hist_gradient,development|ETH/USDT|2023-08-26T16:00:00+00:00,0.40279745191333205
2,profitable_after_fees,D_price_volatility,hist_gradient,development|BTC/USDT|2023-08-27T13:00:00+00:00,0.4025765446647711
2,profitable_after_fees,D_price_volatility,hist_gradient,development|ETH/USDT|2023-08-27T16:00:00+00:00,0.3040299463679507
2,profitable_after_fees,D_price_volatility,hist_gradient,development|BTC/USDT|2023-08-29T03:00:00+00:00,0.3987329129151749
2,profitable_after_fees,D_price_volatility,hist_gradient,development|ETH/USDT|2023-08-29T07:00:00+00:00,0.429428470859414
2,profitable_after_fees,D_price_volatility,hist_gradient,development|BTC/USDT|2023-08-29T15:00:00+00:00,0.13921436384162664
2,profitable_after_fees,D_price_volatility,hist_gradient,development|ETH/USDT|2023-08-29T15:00:00+00:00,0.13921436384162664
2,profitable_after_fees,D_price_volatility,hist_gradient,development|ETH/USDT|2023-09-03T05:00:00+00:00,0.37093806200381624
2,profitable_after_fees,D_price_volatility,hist_gradient,development|BTC/USDT|2023-09-03T06:00:00+00:00,0.3075577845559907
2,profitable_after_fees,D_price_volatility,hist_gradient,development|ETH/USDT|2023-09-06T01:00:00+00:00,0.5015787389052602
2,profitable_after_fees,D_price_volatility,hist_gradient,development|BTC/USDT|2023-09-07T13:00:00+00:00,0.2854778563156045
2,profitable_after_fees,D_price_volatility,hist_gradient,development|BTC/USDT|2023-09-07T15:00:00+00:00,0.46082764457740943
2,profitable_after_fees,D_price_volatility,hist_gradient,development|BTC/USDT|2023-09-12T16:00:00+00:00,0.14553723194468535
2,profitable_after_fees,D_price_volatility,hist_gradient,development|ETH/USDT|2023-09-12T21:00:00+00:00,0.5619283097547333
2,profitable_after_fees,D_price_volatility,hist_gradient,development|BTC/USDT|2023-09-16T14:00:00+00:00,0.4126088557863348
2,profitable_after_fees,D_price_volatility,hist_gradient,development|BTC/USDT|2023-09-18T05:00:00+00:00,0.37753055630315213
2,profitable_after_fees,D_price_volatility,hist_gradient,development|ETH/USDT|2023-09-18T14:00:00+00:00,0.1714503468651946
2,profitable_after_fees,D_price_volatility,hist_gradient,development|ETH/USDT|2023-09-23T08:00:00+00:00,0.3505510442790624
2,profitable_after_fees,D_price_volatility,hist_gradient,development|BTC/USDT|2023-09-24T12:00:00+00:00,0.2934371218090433
2,profitable_after_fees,D_price_volatility,hist_gradient,development|ETH/USDT|2023-09-24T15:00:00+00:00,0.288784994954075
2,profitable_after_fees,D_price_volatility,hist_gradient,development|BTC/USDT|2023-09-24T18:00:00+00:00,0.24960613240801158
2,profitable_after_fees,D_price_volatility,hist_gradient,development|ETH/USDT|2023-09-26T08:00:00+00:00,0.34716753000023093
2,profitable_after_fees,D_price_volatility,hist_gradient,development|BTC/USDT|2023-09-26T21:00:00+00:00,0.4617042922799798
2,profitable_after_fees,D_price_volatility,hist_gradient,development|BTC/USDT|2023-09-27T12:00:00+00:00,0.251326911046783
2,profitable_after_fees,D_price_volatility,hist_gradient,development|BTC/USDT|2023-09-30T22:00:00+00:00,0.2643147189538875
2,profitable_after_fees,E_no_regime,dummy,development|BTC/USDT|2023-07-02T01:00:00+00:00,0.3577981651376147
2,profitable_after_fees,E_no_regime,dummy,development|ETH/USDT|2023-07-03T02:00:00+00:00,0.3577981651376147
2,profitable_after_fees,E_no_regime,dummy,development|BTC/USDT|2023-07-08T13:00:00+00:00,0.3577981651376147
2,profitable_after_fees,E_no_regime,dummy,development|BTC/USDT|2023-07-09T09:00:00+00:00,0.3577981651376147
2,profitable_after_fees,E_no_regime,dummy,development|BTC/USDT|2023-07-09T15:00:00+00:00,0.3577981651376147
2,profitable_after_fees,E_no_regime,dummy,development|ETH/USDT|2023-07-09T15:00:00+00:00,0.3577981651376147
2,profitable_after_fees,E_no_regime,dummy,development|BTC/USDT|2023-07-10T21:00:00+00:00,0.3577981651376147
2,profitable_after_fees,E_no_regime,dummy,development|ETH/USDT|2023-07-10T21:00:00+00:00,0.3577981651376147
2,profitable_after_fees,E_no_regime,dummy,development|ETH/USDT|2023-07-13T17:00:00+00:00,0.3577981651376147
2,profitable_after_fees,E_no_regime,dummy,development|BTC/USDT|2023-07-13T20:00:00+00:00,0.3577981651376147
2,profitable_after_fees,E_no_regime,dummy,development|BTC/USDT|2023-07-16T20:00:00+00:00,0.3577981651376147
2,profitable_after_fees,E_no_regime,dummy,development|BTC/USDT|2023-07-17T01:00:00+00:00,0.3577981651376147
2,profitable_after_fees,E_no_regime,dummy,development|ETH/USDT|2023-07-19T12:00:00+00:00,0.3577981651376147
2,profitable_after_fees,E_no_regime,dummy,development|BTC/USDT|2023-07-19T18:00:00+00:00,0.3577981651376147
2,profitable_after_fees,E_no_regime,dummy,development|ETH/USDT|2023-07-20T11:00:00+00:00,0.3577981651376147
2,profitable_after_fees,E_no_regime,dummy,development|BTC/USDT|2023-07-22T10:00:00+00:00,0.3577981651376147
2,profitable_after_fees,E_no_regime,dummy,development|BTC/USDT|2023-07-23T18:00:00+00:00,0.3577981651376147
2,profitable_after_fees,E_no_regime,dummy,development|ETH/USDT|2023-07-26T02:00:00+00:00,0.3577981651376147
2,profitable_after_fees,E_no_regime,dummy,development|BTC/USDT|2023-07-26T08:00:00+00:00,0.3577981651376147
2,profitable_after_fees,E_no_regime,dummy,development|ETH/USDT|2023-07-29T00:00:00+00:00,0.3577981651376147
2,profitable_after_fees,E_no_regime,dummy,development|BTC/USDT|2023-07-29T05:00:00+00:00,0.3577981651376147
2,profitable_after_fees,E_no_regime,dummy,development|BTC/USDT|2023-07-30T17:00:00+00:00,0.3577981651376147
2,profitable_after_fees,E_no_regime,dummy,development|BTC/USDT|2023-07-31T04:00:00+00:00,0.3577981651376147
2,profitable_after_fees,E_no_regime,dummy,development|BTC/USDT|2023-08-02T05:00:00+00:00,0.3577981651376147
2,profitable_after_fees,E_no_regime,dummy,development|ETH/USDT|2023-08-02T08:00:00+00:00,0.3577981651376147
2,profitable_after_fees,E_no_regime,dummy,development|BTC/USDT|2023-08-04T10:00:00+00:00,0.3577981651376147
2,profitable_after_fees,E_no_regime,dummy,development|ETH/USDT|2023-08-06T06:00:00+00:00,0.3577981651376147
2,profitable_after_fees,E_no_regime,dummy,development|BTC/USDT|2023-08-06T19:00:00+00:00,0.3577981651376147
2,profitable_after_fees,E_no_regime,dummy,development|ETH/USDT|2023-08-07T09:00:00+00:00,0.3577981651376147
2,profitable_after_fees,E_no_regime,dummy,development|ETH/USDT|2023-08-08T15:00:00+00:00,0.3577981651376147
2,profitable_after_fees,E_no_regime,dummy,development|ETH/USDT|2023-08-12T16:00:00+00:00,0.3577981651376147
2,profitable_after_fees,E_no_regime,dummy,development|BTC/USDT|2023-08-13T00:00:00+00:00,0.3577981651376147
2,profitable_after_fees,E_no_regime,dummy,development|BTC/USDT|2023-08-14T18:00:00+00:00,0.3577981651376147
2,profitable_after_fees,E_no_regime,dummy,development|ETH/USDT|2023-08-20T04:00:00+00:00,0.3577981651376147
2,profitable_after_fees,E_no_regime,dummy,development|BTC/USDT|2023-08-20T09:00:00+00:00,0.3577981651376147
2,profitable_after_fees,E_no_regime,dummy,development|BTC/USDT|2023-08-23T18:00:00+00:00,0.3577981651376147
2,profitable_after_fees,E_no_regime,dummy,development|ETH/USDT|2023-08-23T22:00:00+00:00,0.3577981651376147
2,profitable_after_fees,E_no_regime,dummy,development|BTC/USDT|2023-08-26T16:00:00+00:00,0.3577981651376147
2,profitable_after_fees,E_no_regime,dummy,development|ETH/USDT|2023-08-26T16:00:00+00:00,0.3577981651376147
2,profitable_after_fees,E_no_regime,dummy,development|BTC/USDT|2023-08-27T13:00:00+00:00,0.3577981651376147
2,profitable_after_fees,E_no_regime,dummy,development|ETH/USDT|2023-08-27T16:00:00+00:00,0.3577981651376147
2,profitable_after_fees,E_no_regime,dummy,development|BTC/USDT|2023-08-29T03:00:00+00:00,0.3577981651376147
2,profitable_after_fees,E_no_regime,dummy,development|ETH/USDT|2023-08-29T07:00:00+00:00,0.3577981651376147
2,profitable_after_fees,E_no_regime,dummy,development|BTC/USDT|2023-08-29T15:00:00+00:00,0.3577981651376147
2,profitable_after_fees,E_no_regime,dummy,development|ETH/USDT|2023-08-29T15:00:00+00:00,0.3577981651376147
2,profitable_after_fees,E_no_regime,dummy,development|ETH/USDT|2023-09-03T05:00:00+00:00,0.3577981651376147
2,profitable_after_fees,E_no_regime,dummy,development|BTC/USDT|2023-09-03T06:00:00+00:00,0.3577981651376147
2,profitable_after_fees,E_no_regime,dummy,development|ETH/USDT|2023-09-06T01:00:00+00:00,0.3577981651376147
2,profitable_after_fees,E_no_regime,dummy,development|BTC/USDT|2023-09-07T13:00:00+00:00,0.3577981651376147
2,profitable_after_fees,E_no_regime,dummy,development|BTC/USDT|2023-09-07T15:00:00+00:00,0.3577981651376147
2,profitable_after_fees,E_no_regime,dummy,development|BTC/USDT|2023-09-12T16:00:00+00:00,0.3577981651376147
2,profitable_after_fees,E_no_regime,dummy,development|ETH/USDT|2023-09-12T21:00:00+00:00,0.3577981651376147
2,profitable_after_fees,E_no_regime,dummy,development|BTC/USDT|2023-09-16T14:00:00+00:00,0.3577981651376147
2,profitable_after_fees,E_no_regime,dummy,development|BTC/USDT|2023-09-18T05:00:00+00:00,0.3577981651376147
2,profitable_after_fees,E_no_regime,dummy,development|ETH/USDT|2023-09-18T14:00:00+00:00,0.3577981651376147
2,profitable_after_fees,E_no_regime,dummy,development|ETH/USDT|2023-09-23T08:00:00+00:00,0.3577981651376147
2,profitable_after_fees,E_no_regime,dummy,development|BTC/USDT|2023-09-24T12:00:00+00:00,0.3577981651376147
2,profitable_after_fees,E_no_regime,dummy,development|ETH/USDT|2023-09-24T15:00:00+00:00,0.3577981651376147
2,profitable_after_fees,E_no_regime,dummy,development|BTC/USDT|2023-09-24T18:00:00+00:00,0.3577981651376147
2,profitable_after_fees,E_no_regime,dummy,development|ETH/USDT|2023-09-26T08:00:00+00:00,0.3577981651376147
2,profitable_after_fees,E_no_regime,dummy,development|BTC/USDT|2023-09-26T21:00:00+00:00,0.3577981651376147
2,profitable_after_fees,E_no_regime,dummy,development|BTC/USDT|2023-09-27T12:00:00+00:00,0.3577981651376147
2,profitable_after_fees,E_no_regime,dummy,development|BTC/USDT|2023-09-30T22:00:00+00:00,0.3577981651376147
2,profitable_after_fees,E_no_regime,logistic,development|BTC/USDT|2023-07-02T01:00:00+00:00,0.43607113383237295
2,profitable_after_fees,E_no_regime,logistic,development|ETH/USDT|2023-07-03T02:00:00+00:00,0.15162642098507392
2,profitable_after_fees,E_no_regime,logistic,development|BTC/USDT|2023-07-08T13:00:00+00:00,0.3398681620499111
2,profitable_after_fees,E_no_regime,logistic,development|BTC/USDT|2023-07-09T09:00:00+00:00,0.12115917833206767
2,profitable_after_fees,E_no_regime,logistic,development|BTC/USDT|2023-07-09T15:00:00+00:00,0.14605300448115702
2,profitable_after_fees,E_no_regime,logistic,development|ETH/USDT|2023-07-09T15:00:00+00:00,0.2929462740576156
2,profitable_after_fees,E_no_regime,logistic,development|BTC/USDT|2023-07-10T21:00:00+00:00,0.5067132742680683
2,profitable_after_fees,E_no_regime,logistic,development|ETH/USDT|2023-07-10T21:00:00+00:00,0.4471459628561453
2,profitable_after_fees,E_no_regime,logistic,development|ETH/USDT|2023-07-13T17:00:00+00:00,0.08836184278212734
2,profitable_after_fees,E_no_regime,logistic,development|BTC/USDT|2023-07-13T20:00:00+00:00,0.24225654628248958
2,profitable_after_fees,E_no_regime,logistic,development|BTC/USDT|2023-07-16T20:00:00+00:00,0.26020244837417567
2,profitable_after_fees,E_no_regime,logistic,development|BTC/USDT|2023-07-17T01:00:00+00:00,0.5137385168254042
2,profitable_after_fees,E_no_regime,logistic,development|ETH/USDT|2023-07-19T12:00:00+00:00,0.5689111708684665
2,profitable_after_fees,E_no_regime,logistic,development|BTC/USDT|2023-07-19T18:00:00+00:00,0.3840308443098415
2,profitable_after_fees,E_no_regime,logistic,development|ETH/USDT|2023-07-20T11:00:00+00:00,0.4415467527347542
2,profitable_after_fees,E_no_regime,logistic,development|BTC/USDT|2023-07-22T10:00:00+00:00,0.3216662468621362
2,profitable_after_fees,E_no_regime,logistic,development|BTC/USDT|2023-07-23T18:00:00+00:00,0.10372929421805864
2,profitable_after_fees,E_no_regime,logistic,development|ETH/USDT|2023-07-26T02:00:00+00:00,0.36715001717955653
2,profitable_after_fees,E_no_regime,logistic,development|BTC/USDT|2023-07-26T08:00:00+00:00,0.5271106315714061
2,profitable_after_fees,E_no_regime,logistic,development|ETH/USDT|2023-07-29T00:00:00+00:00,0.12596889014689608
2,profitable_after_fees,E_no_regime,logistic,development|BTC/USDT|2023-07-29T05:00:00+00:00,0.40683731585107397
2,profitable_after_fees,E_no_regime,logistic,development|BTC/USDT|2023-07-30T17:00:00+00:00,0.14522080621896014
2,profitable_after_fees,E_no_regime,logistic,development|BTC/USDT|2023-07-31T04:00:00+00:00,0.2281700300373271
2,profitable_after_fees,E_no_regime,logistic,development|BTC/USDT|2023-08-02T05:00:00+00:00,0.43122429924024847
2,profitable_after_fees,E_no_regime,logistic,development|ETH/USDT|2023-08-02T08:00:00+00:00,0.6048160725716807
2,profitable_after_fees,E_no_regime,logistic,development|BTC/USDT|2023-08-04T10:00:00+00:00,0.2581748609987609
2,profitable_after_fees,E_no_regime,logistic,development|ETH/USDT|2023-08-06T06:00:00+00:00,0.15526463500961957
2,profitable_after_fees,E_no_regime,logistic,development|BTC/USDT|2023-08-06T19:00:00+00:00,0.2449085547307403
2,profitable_after_fees,E_no_regime,logistic,development|ETH/USDT|2023-08-07T09:00:00+00:00,0.12053110703500654
2,profitable_after_fees,E_no_regime,logistic,development|ETH/USDT|2023-08-08T15:00:00+00:00,0.3558628249689543
2,profitable_after_fees,E_no_regime,logistic,development|ETH/USDT|2023-08-12T16:00:00+00:00,0.1721540995540401
2,profitable_after_fees,E_no_regime,logistic,development|BTC/USDT|2023-08-13T00:00:00+00:00,0.19187130528959745
2,profitable_after_fees,E_no_regime,logistic,development|BTC/USDT|2023-08-14T18:00:00+00:00,0.28625048267324243
2,profitable_after_fees,E_no_regime,logistic,development|ETH/USDT|2023-08-20T04:00:00+00:00,0.7605309263600522
2,profitable_after_fees,E_no_regime,logistic,development|BTC/USDT|2023-08-20T09:00:00+00:00,0.7778445457500246
2,profitable_after_fees,E_no_regime,logistic,development|BTC/USDT|2023-08-23T18:00:00+00:00,0.6528664739197246
2,profitable_after_fees,E_no_regime,logistic,development|ETH/USDT|2023-08-23T22:00:00+00:00,0.6922188610947736
2,profitable_after_fees,E_no_regime,logistic,development|BTC/USDT|2023-08-26T16:00:00+00:00,0.26567125367644256
2,profitable_after_fees,E_no_regime,logistic,development|ETH/USDT|2023-08-26T16:00:00+00:00,0.3204951523170293
2,profitable_after_fees,E_no_regime,logistic,development|BTC/USDT|2023-08-27T13:00:00+00:00,0.14770879794250044
2,profitable_after_fees,E_no_regime,logistic,development|ETH/USDT|2023-08-27T16:00:00+00:00,0.21451498601493674
2,profitable_after_fees,E_no_regime,logistic,development|BTC/USDT|2023-08-29T03:00:00+00:00,0.5713636982264317
2,profitable_after_fees,E_no_regime,logistic,development|ETH/USDT|2023-08-29T07:00:00+00:00,0.26647629654122107
2,profitable_after_fees,E_no_regime,logistic,development|BTC/USDT|2023-08-29T15:00:00+00:00,0.001779424103757704
2,profitable_after_fees,E_no_regime,logistic,development|ETH/USDT|2023-08-29T15:00:00+00:00,0.005514119773154791
2,profitable_after_fees,E_no_regime,logistic,development|ETH/USDT|2023-09-03T05:00:00+00:00,0.454233507388785
2,profitable_after_fees,E_no_regime,logistic,development|BTC/USDT|2023-09-03T06:00:00+00:00,0.45528314868537256
2,profitable_after_fees,E_no_regime,logistic,development|ETH/USDT|2023-09-06T01:00:00+00:00,0.6271330435393055
2,profitable_after_fees,E_no_regime,logistic,development|BTC/USDT|2023-09-07T13:00:00+00:00,0.3150480579862964
2,profitable_after_fees,E_no_regime,logistic,development|BTC/USDT|2023-09-07T15:00:00+00:00,0.22155633946279246
2,profitable_after_fees,E_no_regime,logistic,development|BTC/USDT|2023-09-12T16:00:00+00:00,0.4068310811575865
2,profitable_after_fees,E_no_regime,logistic,development|ETH/USDT|2023-09-12T21:00:00+00:00,0.813930081553335
2,profitable_after_fees,E_no_regime,logistic,development|BTC/USDT|2023-09-16T14:00:00+00:00,0.39197470447970695
2,profitable_after_fees,E_no_regime,logistic,development|BTC/USDT|2023-09-18T05:00:00+00:00,0.33233789862232943
2,profitable_after_fees,E_no_regime,logistic,development|ETH/USDT|2023-09-18T14:00:00+00:00,0.43691741898685926
2,profitable_after_fees,E_no_regime,logistic,development|ETH/USDT|2023-09-23T08:00:00+00:00,0.47156144747290224
2,profitable_after_fees,E_no_regime,logistic,development|BTC/USDT|2023-09-24T12:00:00+00:00,0.1442986010105791
2,profitable_after_fees,E_no_regime,logistic,development|ETH/USDT|2023-09-24T15:00:00+00:00,0.20628278101465836
2,profitable_after_fees,E_no_regime,logistic,development|BTC/USDT|2023-09-24T18:00:00+00:00,0.1373986870541545
2,profitable_after_fees,E_no_regime,logistic,development|ETH/USDT|2023-09-26T08:00:00+00:00,0.6735915949298168
2,profitable_after_fees,E_no_regime,logistic,development|BTC/USDT|2023-09-26T21:00:00+00:00,0.4296673347324097
2,profitable_after_fees,E_no_regime,logistic,development|BTC/USDT|2023-09-27T12:00:00+00:00,0.17547194867305624
2,profitable_after_fees,E_no_regime,logistic,development|BTC/USDT|2023-09-30T22:00:00+00:00,0.1887192859419995
2,profitable_after_fees,E_no_regime,forest,development|BTC/USDT|2023-07-02T01:00:00+00:00,0.39985152289526815
2,profitable_after_fees,E_no_regime,forest,development|ETH/USDT|2023-07-03T02:00:00+00:00,0.10231843826411861
2,profitable_after_fees,E_no_regime,forest,development|BTC/USDT|2023-07-08T13:00:00+00:00,0.340164842986702
2,profitable_after_fees,E_no_regime,forest,development|BTC/USDT|2023-07-09T09:00:00+00:00,0.29993002467786145
2,profitable_after_fees,E_no_regime,forest,development|BTC/USDT|2023-07-09T15:00:00+00:00,0.26413306174663653
2,profitable_after_fees,E_no_regime,forest,development|ETH/USDT|2023-07-09T15:00:00+00:00,0.368183584611441
2,profitable_after_fees,E_no_regime,forest,development|BTC/USDT|2023-07-10T21:00:00+00:00,0.4549072521098381
2,profitable_after_fees,E_no_regime,forest,development|ETH/USDT|2023-07-10T21:00:00+00:00,0.3362828545996809
2,profitable_after_fees,E_no_regime,forest,development|ETH/USDT|2023-07-13T17:00:00+00:00,0.1193874227873279
2,profitable_after_fees,E_no_regime,forest,development|BTC/USDT|2023-07-13T20:00:00+00:00,0.08561232773415899
2,profitable_after_fees,E_no_regime,forest,development|BTC/USDT|2023-07-16T20:00:00+00:00,0.4125868082551717
2,profitable_after_fees,E_no_regime,forest,development|BTC/USDT|2023-07-17T01:00:00+00:00,0.4255508244320193
2,profitable_after_fees,E_no_regime,forest,development|ETH/USDT|2023-07-19T12:00:00+00:00,0.47550570477628873
2,profitable_after_fees,E_no_regime,forest,development|BTC/USDT|2023-07-19T18:00:00+00:00,0.47191281239386634
2,profitable_after_fees,E_no_regime,forest,development|ETH/USDT|2023-07-20T11:00:00+00:00,0.4894539393928653
2,profitable_after_fees,E_no_regime,forest,development|BTC/USDT|2023-07-22T10:00:00+00:00,0.4561176182010088
2,profitable_after_fees,E_no_regime,forest,development|BTC/USDT|2023-07-23T18:00:00+00:00,0.21942627767404368
2,profitable_after_fees,E_no_regime,forest,development|ETH/USDT|2023-07-26T02:00:00+00:00,0.40164820281119484
2,profitable_after_fees,E_no_regime,forest,development|BTC/USDT|2023-07-26T08:00:00+00:00,0.4852291949826054
2,profitable_after_fees,E_no_regime,forest,development|ETH/USDT|2023-07-29T00:00:00+00:00,0.35161770001924664
2,profitable_after_fees,E_no_regime,forest,development|BTC/USDT|2023-07-29T05:00:00+00:00,0.47929098076488325
2,profitable_after_fees,E_no_regime,forest,development|BTC/USDT|2023-07-30T17:00:00+00:00,0.2589444258372193
2,profitable_after_fees,E_no_regime,forest,development|BTC/USDT|2023-07-31T04:00:00+00:00,0.36762068674873477
2,profitable_after_fees,E_no_regime,forest,development|BTC/USDT|2023-08-02T05:00:00+00:00,0.3024753148875965
2,profitable_after_fees,E_no_regime,forest,development|ETH/USDT|2023-08-02T08:00:00+00:00,0.5388668240259252
2,profitable_after_fees,E_no_regime,forest,development|BTC/USDT|2023-08-04T10:00:00+00:00,0.36905007526175
2,profitable_after_fees,E_no_regime,forest,development|ETH/USDT|2023-08-06T06:00:00+00:00,0.2621410440065941
2,profitable_after_fees,E_no_regime,forest,development|BTC/USDT|2023-08-06T19:00:00+00:00,0.36506888282506955
2,profitable_after_fees,E_no_regime,forest,development|ETH/USDT|2023-08-07T09:00:00+00:00,0.3779906068205072
2,profitable_after_fees,E_no_regime,forest,development|ETH/USDT|2023-08-08T15:00:00+00:00,0.3246102913792495
2,profitable_after_fees,E_no_regime,forest,development|ETH/USDT|2023-08-12T16:00:00+00:00,0.2918730975668497
2,profitable_after_fees,E_no_regime,forest,development|BTC/USDT|2023-08-13T00:00:00+00:00,0.27054624151421713
2,profitable_after_fees,E_no_regime,forest,development|BTC/USDT|2023-08-14T18:00:00+00:00,0.3705061104650027
2,profitable_after_fees,E_no_regime,forest,development|ETH/USDT|2023-08-20T04:00:00+00:00,0.4855563411969302
2,profitable_after_fees,E_no_regime,forest,development|BTC/USDT|2023-08-20T09:00:00+00:00,0.36521333472581347
2,profitable_after_fees,E_no_regime,forest,development|BTC/USDT|2023-08-23T18:00:00+00:00,0.36077576331661676
2,profitable_after_fees,E_no_regime,forest,development|ETH/USDT|2023-08-23T22:00:00+00:00,0.4802553102329919
2,profitable_after_fees,E_no_regime,forest,development|BTC/USDT|2023-08-26T16:00:00+00:00,0.3527673422896928
2,profitable_after_fees,E_no_regime,forest,development|ETH/USDT|2023-08-26T16:00:00+00:00,0.3340613852279071
2,profitable_after_fees,E_no_regime,forest,development|BTC/USDT|2023-08-27T13:00:00+00:00,0.2917864062475841
2,profitable_after_fees,E_no_regime,forest,development|ETH/USDT|2023-08-27T16:00:00+00:00,0.2816732269746555
2,profitable_after_fees,E_no_regime,forest,development|BTC/USDT|2023-08-29T03:00:00+00:00,0.50849008667401
2,profitable_after_fees,E_no_regime,forest,development|ETH/USDT|2023-08-29T07:00:00+00:00,0.4513776999836229
2,profitable_after_fees,E_no_regime,forest,development|BTC/USDT|2023-08-29T15:00:00+00:00,0.1330120961593776
2,profitable_after_fees,E_no_regime,forest,development|ETH/USDT|2023-08-29T15:00:00+00:00,0.15062854070516996
2,profitable_after_fees,E_no_regime,forest,development|ETH/USDT|2023-09-03T05:00:00+00:00,0.3545737475718162
2,profitable_after_fees,E_no_regime,forest,development|BTC/USDT|2023-09-03T06:00:00+00:00,0.30001385198975483
2,profitable_after_fees,E_no_regime,forest,development|ETH/USDT|2023-09-06T01:00:00+00:00,0.5557900945092097
2,profitable_after_fees,E_no_regime,forest,development|BTC/USDT|2023-09-07T13:00:00+00:00,0.42064509437369674
2,profitable_after_fees,E_no_regime,forest,development|BTC/USDT|2023-09-07T15:00:00+00:00,0.43258254538392166
2,profitable_after_fees,E_no_regime,forest,development|BTC/USDT|2023-09-12T16:00:00+00:00,0.19489034241858952
2,profitable_after_fees,E_no_regime,forest,development|ETH/USDT|2023-09-12T21:00:00+00:00,0.6205980980480598
2,profitable_after_fees,E_no_regime,forest,development|BTC/USDT|2023-09-16T14:00:00+00:00,0.47145815643788175
2,profitable_after_fees,E_no_regime,forest,development|BTC/USDT|2023-09-18T05:00:00+00:00,0.2908644195651747
2,profitable_after_fees,E_no_regime,forest,development|ETH/USDT|2023-09-18T14:00:00+00:00,0.2766455533453317
2,profitable_after_fees,E_no_regime,forest,development|ETH/USDT|2023-09-23T08:00:00+00:00,0.3725114994515347
2,profitable_after_fees,E_no_regime,forest,development|BTC/USDT|2023-09-24T12:00:00+00:00,0.26300756437259876
2,profitable_after_fees,E_no_regime,forest,development|ETH/USDT|2023-09-24T15:00:00+00:00,0.292991717822969
2,profitable_after_fees,E_no_regime,forest,development|BTC/USDT|2023-09-24T18:00:00+00:00,0.27155964875819416
2,profitable_after_fees,E_no_regime,forest,development|ETH/USDT|2023-09-26T08:00:00+00:00,0.544666596686723
2,profitable_after_fees,E_no_regime,forest,development|BTC/USDT|2023-09-26T21:00:00+00:00,0.4937335654186764
2,profitable_after_fees,E_no_regime,forest,development|BTC/USDT|2023-09-27T12:00:00+00:00,0.245784978065518
2,profitable_after_fees,E_no_regime,forest,development|BTC/USDT|2023-09-30T22:00:00+00:00,0.2130722813772241
2,profitable_after_fees,E_no_regime,hist_gradient,development|BTC/USDT|2023-07-02T01:00:00+00:00,0.4011087133918269
2,profitable_after_fees,E_no_regime,hist_gradient,development|ETH/USDT|2023-07-03T02:00:00+00:00,0.16678659941577484
2,profitable_after_fees,E_no_regime,hist_gradient,development|BTC/USDT|2023-07-08T13:00:00+00:00,0.2708835194068235
2,profitable_after_fees,E_no_regime,hist_gradient,development|BTC/USDT|2023-07-09T09:00:00+00:00,0.3945651782702532
2,profitable_after_fees,E_no_regime,hist_gradient,development|BTC/USDT|2023-07-09T15:00:00+00:00,0.22811708764798286
2,profitable_after_fees,E_no_regime,hist_gradient,development|ETH/USDT|2023-07-09T15:00:00+00:00,0.3219548458805498
2,profitable_after_fees,E_no_regime,hist_gradient,development|BTC/USDT|2023-07-10T21:00:00+00:00,0.49380152817503326
2,profitable_after_fees,E_no_regime,hist_gradient,development|ETH/USDT|2023-07-10T21:00:00+00:00,0.2408968665172318
2,profitable_after_fees,E_no_regime,hist_gradient,development|ETH/USDT|2023-07-13T17:00:00+00:00,0.14143400308638748
2,profitable_after_fees,E_no_regime,hist_gradient,development|BTC/USDT|2023-07-13T20:00:00+00:00,0.14143400308638748
2,profitable_after_fees,E_no_regime,hist_gradient,development|BTC/USDT|2023-07-16T20:00:00+00:00,0.4107536757385042
2,profitable_after_fees,E_no_regime,hist_gradient,development|BTC/USDT|2023-07-17T01:00:00+00:00,0.3219548458805498
2,profitable_after_fees,E_no_regime,hist_gradient,development|ETH/USDT|2023-07-19T12:00:00+00:00,0.40501641211285866
2,profitable_after_fees,E_no_regime,hist_gradient,development|BTC/USDT|2023-07-19T18:00:00+00:00,0.4566103537592363
2,profitable_after_fees,E_no_regime,hist_gradient,development|ETH/USDT|2023-07-20T11:00:00+00:00,0.38722310753592293
2,profitable_after_fees,E_no_regime,hist_gradient,development|BTC/USDT|2023-07-22T10:00:00+00:00,0.5849920873706631
2,profitable_after_fees,E_no_regime,hist_gradient,development|BTC/USDT|2023-07-23T18:00:00+00:00,0.25031598660596943
2,profitable_after_fees,E_no_regime,hist_gradient,development|ETH/USDT|2023-07-26T02:00:00+00:00,0.40786777588713796
2,profitable_after_fees,E_no_regime,hist_gradient,development|BTC/USDT|2023-07-26T08:00:00+00:00,0.5073343542974648
2,profitable_after_fees,E_no_regime,hist_gradient,development|ETH/USDT|2023-07-29T00:00:00+00:00,0.3278289754600035
2,profitable_after_fees,E_no_regime,hist_gradient,development|BTC/USDT|2023-07-29T05:00:00+00:00,0.6018768562351687
2,profitable_after_fees,E_no_regime,hist_gradient,development|BTC/USDT|2023-07-30T17:00:00+00:00,0.2532615650320887
2,profitable_after_fees,E_no_regime,hist_gradient,development|BTC/USDT|2023-07-31T04:00:00+00:00,0.3681959433445298
2,profitable_after_fees,E_no_regime,hist_gradient,development|BTC/USDT|2023-08-02T05:00:00+00:00,0.18480334116721153
2,profitable_after_fees,E_no_regime,hist_gradient,development|ETH/USDT|2023-08-02T08:00:00+00:00,0.5760941716433085
2,profitable_after_fees,E_no_regime,hist_gradient,development|BTC/USDT|2023-08-04T10:00:00+00:00,0.3696018501901591
2,profitable_after_fees,E_no_regime,hist_gradient,development|ETH/USDT|2023-08-06T06:00:00+00:00,0.32454041198899936
2,profitable_after_fees,E_no_regime,hist_gradient,development|BTC/USDT|2023-08-06T19:00:00+00:00,0.3411870222427697
2,profitable_after_fees,E_no_regime,hist_gradient,development|ETH/USDT|2023-08-07T09:00:00+00:00,0.4255307082375201
2,profitable_after_fees,E_no_regime,hist_gradient,development|ETH/USDT|2023-08-08T15:00:00+00:00,0.305823271111634
2,profitable_after_fees,E_no_regime,hist_gradient,development|ETH/USDT|2023-08-12T16:00:00+00:00,0.2956501196734144
2,profitable_after_fees,E_no_regime,hist_gradient,development|BTC/USDT|2023-08-13T00:00:00+00:00,0.32454041198899936
2,profitable_after_fees,E_no_regime,hist_gradient,development|BTC/USDT|2023-08-14T18:00:00+00:00,0.2963340691200297
2,profitable_after_fees,E_no_regime,hist_gradient,development|ETH/USDT|2023-08-20T04:00:00+00:00,0.5684507795191772
2,profitable_after_fees,E_no_regime,hist_gradient,development|BTC/USDT|2023-08-20T09:00:00+00:00,0.4788468362536995
2,profitable_after_fees,E_no_regime,hist_gradient,development|BTC/USDT|2023-08-23T18:00:00+00:00,0.4688475239421241
2,profitable_after_fees,E_no_regime,hist_gradient,development|ETH/USDT|2023-08-23T22:00:00+00:00,0.5497111244276633
2,profitable_after_fees,E_no_regime,hist_gradient,development|BTC/USDT|2023-08-26T16:00:00+00:00,0.33507410245374103
2,profitable_after_fees,E_no_regime,hist_gradient,development|ETH/USDT|2023-08-26T16:00:00+00:00,0.3451704827213192
2,profitable_after_fees,E_no_regime,hist_gradient,development|BTC/USDT|2023-08-27T13:00:00+00:00,0.35084360189684394
2,profitable_after_fees,E_no_regime,hist_gradient,development|ETH/USDT|2023-08-27T16:00:00+00:00,0.2532615650320887
2,profitable_after_fees,E_no_regime,hist_gradient,development|BTC/USDT|2023-08-29T03:00:00+00:00,0.5073343542974648
2,profitable_after_fees,E_no_regime,hist_gradient,development|ETH/USDT|2023-08-29T07:00:00+00:00,0.45842142145642223
2,profitable_after_fees,E_no_regime,hist_gradient,development|BTC/USDT|2023-08-29T15:00:00+00:00,0.1644651097214626
2,profitable_after_fees,E_no_regime,hist_gradient,development|ETH/USDT|2023-08-29T15:00:00+00:00,0.1644651097214626
2,profitable_after_fees,E_no_regime,hist_gradient,development|ETH/USDT|2023-09-03T05:00:00+00:00,0.3558305120065071
2,profitable_after_fees,E_no_regime,hist_gradient,development|BTC/USDT|2023-09-03T06:00:00+00:00,0.29767284680318606
2,profitable_after_fees,E_no_regime,hist_gradient,development|ETH/USDT|2023-09-06T01:00:00+00:00,0.5545952770645435
2,profitable_after_fees,E_no_regime,hist_gradient,development|BTC/USDT|2023-09-07T13:00:00+00:00,0.3488884850030309
2,profitable_after_fees,E_no_regime,hist_gradient,development|BTC/USDT|2023-09-07T15:00:00+00:00,0.437817148455111
2,profitable_after_fees,E_no_regime,hist_gradient,development|BTC/USDT|2023-09-12T16:00:00+00:00,0.15963899731531986
2,profitable_after_fees,E_no_regime,hist_gradient,development|ETH/USDT|2023-09-12T21:00:00+00:00,0.5851976305604276
2,profitable_after_fees,E_no_regime,hist_gradient,development|BTC/USDT|2023-09-16T14:00:00+00:00,0.43886806006252155
2,profitable_after_fees,E_no_regime,hist_gradient,development|BTC/USDT|2023-09-18T05:00:00+00:00,0.4059158064211465
2,profitable_after_fees,E_no_regime,hist_gradient,development|ETH/USDT|2023-09-18T14:00:00+00:00,0.2048037540508201
2,profitable_after_fees,E_no_regime,hist_gradient,development|ETH/USDT|2023-09-23T08:00:00+00:00,0.3219548458805498
2,profitable_after_fees,E_no_regime,hist_gradient,development|BTC/USDT|2023-09-24T12:00:00+00:00,0.2708835194068235
2,profitable_after_fees,E_no_regime,hist_gradient,development|ETH/USDT|2023-09-24T15:00:00+00:00,0.2539656985381782
2,profitable_after_fees,E_no_regime,hist_gradient,development|BTC/USDT|2023-09-24T18:00:00+00:00,0.24067487976002794
2,profitable_after_fees,E_no_regime,hist_gradient,development|ETH/USDT|2023-09-26T08:00:00+00:00,0.40501641211285866
2,profitable_after_fees,E_no_regime,hist_gradient,development|BTC/USDT|2023-09-26T21:00:00+00:00,0.48645057873912856
2,profitable_after_fees,E_no_regime,hist_gradient,development|BTC/USDT|2023-09-27T12:00:00+00:00,0.24722424741658802
2,profitable_after_fees,E_no_regime,hist_gradient,development|BTC/USDT|2023-09-30T22:00:00+00:00,0.20669307943665613
2,return_above_0_5_percent,A_all,dummy,development|BTC/USDT|2023-07-02T01:00:00+00:00,0.29357798165137616
2,return_above_0_5_percent,A_all,dummy,development|ETH/USDT|2023-07-03T02:00:00+00:00,0.29357798165137616
2,return_above_0_5_percent,A_all,dummy,development|BTC/USDT|2023-07-08T13:00:00+00:00,0.29357798165137616
2,return_above_0_5_percent,A_all,dummy,development|BTC/USDT|2023-07-09T09:00:00+00:00,0.29357798165137616
2,return_above_0_5_percent,A_all,dummy,development|BTC/USDT|2023-07-09T15:00:00+00:00,0.29357798165137616
2,return_above_0_5_percent,A_all,dummy,development|ETH/USDT|2023-07-09T15:00:00+00:00,0.29357798165137616
2,return_above_0_5_percent,A_all,dummy,development|BTC/USDT|2023-07-10T21:00:00+00:00,0.29357798165137616
2,return_above_0_5_percent,A_all,dummy,development|ETH/USDT|2023-07-10T21:00:00+00:00,0.29357798165137616
2,return_above_0_5_percent,A_all,dummy,development|ETH/USDT|2023-07-13T17:00:00+00:00,0.29357798165137616
2,return_above_0_5_percent,A_all,dummy,development|BTC/USDT|2023-07-13T20:00:00+00:00,0.29357798165137616
2,return_above_0_5_percent,A_all,dummy,development|BTC/USDT|2023-07-16T20:00:00+00:00,0.29357798165137616
2,return_above_0_5_percent,A_all,dummy,development|BTC/USDT|2023-07-17T01:00:00+00:00,0.29357798165137616
2,return_above_0_5_percent,A_all,dummy,development|ETH/USDT|2023-07-19T12:00:00+00:00,0.29357798165137616
2,return_above_0_5_percent,A_all,dummy,development|BTC/USDT|2023-07-19T18:00:00+00:00,0.29357798165137616
2,return_above_0_5_percent,A_all,dummy,development|ETH/USDT|2023-07-20T11:00:00+00:00,0.29357798165137616
2,return_above_0_5_percent,A_all,dummy,development|BTC/USDT|2023-07-22T10:00:00+00:00,0.29357798165137616
2,return_above_0_5_percent,A_all,dummy,development|BTC/USDT|2023-07-23T18:00:00+00:00,0.29357798165137616
2,return_above_0_5_percent,A_all,dummy,development|ETH/USDT|2023-07-26T02:00:00+00:00,0.29357798165137616
2,return_above_0_5_percent,A_all,dummy,development|BTC/USDT|2023-07-26T08:00:00+00:00,0.29357798165137616
2,return_above_0_5_percent,A_all,dummy,development|ETH/USDT|2023-07-29T00:00:00+00:00,0.29357798165137616
2,return_above_0_5_percent,A_all,dummy,development|BTC/USDT|2023-07-29T05:00:00+00:00,0.29357798165137616
2,return_above_0_5_percent,A_all,dummy,development|BTC/USDT|2023-07-30T17:00:00+00:00,0.29357798165137616
2,return_above_0_5_percent,A_all,dummy,development|BTC/USDT|2023-07-31T04:00:00+00:00,0.29357798165137616
2,return_above_0_5_percent,A_all,dummy,development|BTC/USDT|2023-08-02T05:00:00+00:00,0.29357798165137616
2,return_above_0_5_percent,A_all,dummy,development|ETH/USDT|2023-08-02T08:00:00+00:00,0.29357798165137616
2,return_above_0_5_percent,A_all,dummy,development|BTC/USDT|2023-08-04T10:00:00+00:00,0.29357798165137616
2,return_above_0_5_percent,A_all,dummy,development|ETH/USDT|2023-08-06T06:00:00+00:00,0.29357798165137616
2,return_above_0_5_percent,A_all,dummy,development|BTC/USDT|2023-08-06T19:00:00+00:00,0.29357798165137616
2,return_above_0_5_percent,A_all,dummy,development|ETH/USDT|2023-08-07T09:00:00+00:00,0.29357798165137616
2,return_above_0_5_percent,A_all,dummy,development|ETH/USDT|2023-08-08T15:00:00+00:00,0.29357798165137616
2,return_above_0_5_percent,A_all,dummy,development|ETH/USDT|2023-08-12T16:00:00+00:00,0.29357798165137616
2,return_above_0_5_percent,A_all,dummy,development|BTC/USDT|2023-08-13T00:00:00+00:00,0.29357798165137616
2,return_above_0_5_percent,A_all,dummy,development|BTC/USDT|2023-08-14T18:00:00+00:00,0.29357798165137616
2,return_above_0_5_percent,A_all,dummy,development|ETH/USDT|2023-08-20T04:00:00+00:00,0.29357798165137616
2,return_above_0_5_percent,A_all,dummy,development|BTC/USDT|2023-08-20T09:00:00+00:00,0.29357798165137616
2,return_above_0_5_percent,A_all,dummy,development|BTC/USDT|2023-08-23T18:00:00+00:00,0.29357798165137616
2,return_above_0_5_percent,A_all,dummy,development|ETH/USDT|2023-08-23T22:00:00+00:00,0.29357798165137616
2,return_above_0_5_percent,A_all,dummy,development|BTC/USDT|2023-08-26T16:00:00+00:00,0.29357798165137616
2,return_above_0_5_percent,A_all,dummy,development|ETH/USDT|2023-08-26T16:00:00+00:00,0.29357798165137616
2,return_above_0_5_percent,A_all,dummy,development|BTC/USDT|2023-08-27T13:00:00+00:00,0.29357798165137616
2,return_above_0_5_percent,A_all,dummy,development|ETH/USDT|2023-08-27T16:00:00+00:00,0.29357798165137616
2,return_above_0_5_percent,A_all,dummy,development|BTC/USDT|2023-08-29T03:00:00+00:00,0.29357798165137616
2,return_above_0_5_percent,A_all,dummy,development|ETH/USDT|2023-08-29T07:00:00+00:00,0.29357798165137616
2,return_above_0_5_percent,A_all,dummy,development|BTC/USDT|2023-08-29T15:00:00+00:00,0.29357798165137616
2,return_above_0_5_percent,A_all,dummy,development|ETH/USDT|2023-08-29T15:00:00+00:00,0.29357798165137616
2,return_above_0_5_percent,A_all,dummy,development|ETH/USDT|2023-09-03T05:00:00+00:00,0.29357798165137616
2,return_above_0_5_percent,A_all,dummy,development|BTC/USDT|2023-09-03T06:00:00+00:00,0.29357798165137616
2,return_above_0_5_percent,A_all,dummy,development|ETH/USDT|2023-09-06T01:00:00+00:00,0.29357798165137616
2,return_above_0_5_percent,A_all,dummy,development|BTC/USDT|2023-09-07T13:00:00+00:00,0.29357798165137616
2,return_above_0_5_percent,A_all,dummy,development|BTC/USDT|2023-09-07T15:00:00+00:00,0.29357798165137616
2,return_above_0_5_percent,A_all,dummy,development|BTC/USDT|2023-09-12T16:00:00+00:00,0.29357798165137616
2,return_above_0_5_percent,A_all,dummy,development|ETH/USDT|2023-09-12T21:00:00+00:00,0.29357798165137616
2,return_above_0_5_percent,A_all,dummy,development|BTC/USDT|2023-09-16T14:00:00+00:00,0.29357798165137616
2,return_above_0_5_percent,A_all,dummy,development|BTC/USDT|2023-09-18T05:00:00+00:00,0.29357798165137616
2,return_above_0_5_percent,A_all,dummy,development|ETH/USDT|2023-09-18T14:00:00+00:00,0.29357798165137616
2,return_above_0_5_percent,A_all,dummy,development|ETH/USDT|2023-09-23T08:00:00+00:00,0.29357798165137616
2,return_above_0_5_percent,A_all,dummy,development|BTC/USDT|2023-09-24T12:00:00+00:00,0.29357798165137616
2,return_above_0_5_percent,A_all,dummy,development|ETH/USDT|2023-09-24T15:00:00+00:00,0.29357798165137616
2,return_above_0_5_percent,A_all,dummy,development|BTC/USDT|2023-09-24T18:00:00+00:00,0.29357798165137616
2,return_above_0_5_percent,A_all,dummy,development|ETH/USDT|2023-09-26T08:00:00+00:00,0.29357798165137616
2,return_above_0_5_percent,A_all,dummy,development|BTC/USDT|2023-09-26T21:00:00+00:00,0.29357798165137616
2,return_above_0_5_percent,A_all,dummy,development|BTC/USDT|2023-09-27T12:00:00+00:00,0.29357798165137616
2,return_above_0_5_percent,A_all,dummy,development|BTC/USDT|2023-09-30T22:00:00+00:00,0.29357798165137616
2,return_above_0_5_percent,A_all,logistic,development|BTC/USDT|2023-07-02T01:00:00+00:00,0.13678420054857143
2,return_above_0_5_percent,A_all,logistic,development|ETH/USDT|2023-07-03T02:00:00+00:00,0.1525268671255327
2,return_above_0_5_percent,A_all,logistic,development|BTC/USDT|2023-07-08T13:00:00+00:00,0.2327694669403529
2,return_above_0_5_percent,A_all,logistic,development|BTC/USDT|2023-07-09T09:00:00+00:00,0.10035957377285372
2,return_above_0_5_percent,A_all,logistic,development|BTC/USDT|2023-07-09T15:00:00+00:00,0.10203554581313981
2,return_above_0_5_percent,A_all,logistic,development|ETH/USDT|2023-07-09T15:00:00+00:00,0.3773182935994707
2,return_above_0_5_percent,A_all,logistic,development|BTC/USDT|2023-07-10T21:00:00+00:00,0.3681346754295661
2,return_above_0_5_percent,A_all,logistic,development|ETH/USDT|2023-07-10T21:00:00+00:00,0.26086810480111744
2,return_above_0_5_percent,A_all,logistic,development|ETH/USDT|2023-07-13T17:00:00+00:00,0.139173095744783
2,return_above_0_5_percent,A_all,logistic,development|BTC/USDT|2023-07-13T20:00:00+00:00,0.3230575898880494
2,return_above_0_5_percent,A_all,logistic,development|BTC/USDT|2023-07-16T20:00:00+00:00,0.1599588467616642
2,return_above_0_5_percent,A_all,logistic,development|BTC/USDT|2023-07-17T01:00:00+00:00,0.3283793873483472
2,return_above_0_5_percent,A_all,logistic,development|ETH/USDT|2023-07-19T12:00:00+00:00,0.26666523300851513
2,return_above_0_5_percent,A_all,logistic,development|BTC/USDT|2023-07-19T18:00:00+00:00,0.1607381934693613
2,return_above_0_5_percent,A_all,logistic,development|ETH/USDT|2023-07-20T11:00:00+00:00,0.1237285795020679
2,return_above_0_5_percent,A_all,logistic,development|BTC/USDT|2023-07-22T10:00:00+00:00,0.26998927151499563
2,return_above_0_5_percent,A_all,logistic,development|BTC/USDT|2023-07-23T18:00:00+00:00,0.046488865085623825
2,return_above_0_5_percent,A_all,logistic,development|ETH/USDT|2023-07-26T02:00:00+00:00,0.40550190582706963
2,return_above_0_5_percent,A_all,logistic,development|BTC/USDT|2023-07-26T08:00:00+00:00,0.47013191909980845
2,return_above_0_5_percent,A_all,logistic,development|ETH/USDT|2023-07-29T00:00:00+00:00,0.1877167014867309
2,return_above_0_5_percent,A_all,logistic,development|BTC/USDT|2023-07-29T05:00:00+00:00,0.2947285468614976
2,return_above_0_5_percent,A_all,logistic,development|BTC/USDT|2023-07-30T17:00:00+00:00,0.05636191874484968
2,return_above_0_5_percent,A_all,logistic,development|BTC/USDT|2023-07-31T04:00:00+00:00,0.26579842699476536
2,return_above_0_5_percent,A_all,logistic,development|BTC/USDT|2023-08-02T05:00:00+00:00,0.4423471245114219
2,return_above_0_5_percent,A_all,logistic,development|ETH/USDT|2023-08-02T08:00:00+00:00,0.5597262658360298
2,return_above_0_5_percent,A_all,logistic,development|BTC/USDT|2023-08-04T10:00:00+00:00,0.12089164043095273
2,return_above_0_5_percent,A_all,logistic,development|ETH/USDT|2023-08-06T06:00:00+00:00,0.1287574333807149
2,return_above_0_5_percent,A_all,logistic,development|BTC/USDT|2023-08-06T19:00:00+00:00,0.0892088158901613
2,return_above_0_5_percent,A_all,logistic,development|ETH/USDT|2023-08-07T09:00:00+00:00,0.06478350617874595
2,return_above_0_5_percent,A_all,logistic,development|ETH/USDT|2023-08-08T15:00:00+00:00,0.37591625638589815
2,return_above_0_5_percent,A_all,logistic,development|ETH/USDT|2023-08-12T16:00:00+00:00,0.08672664885476188
2,return_above_0_5_percent,A_all,logistic,development|BTC/USDT|2023-08-13T00:00:00+00:00,0.07717164272324345
2,return_above_0_5_percent,A_all,logistic,development|BTC/USDT|2023-08-14T18:00:00+00:00,0.052033025740818424
2,return_above_0_5_percent,A_all,logistic,development|ETH/USDT|2023-08-20T04:00:00+00:00,0.7584744762668015
2,return_above_0_5_percent,A_all,logistic,development|BTC/USDT|2023-08-20T09:00:00+00:00,0.5934859521969801
2,return_above_0_5_percent,A_all,logistic,development|BTC/USDT|2023-08-23T18:00:00+00:00,0.38404012506936586
2,return_above_0_5_percent,A_all,logistic,development|ETH/USDT|2023-08-23T22:00:00+00:00,0.6466922940079162
2,return_above_0_5_percent,A_all,logistic,development|BTC/USDT|2023-08-26T16:00:00+00:00,0.24177051701306262
2,return_above_0_5_percent,A_all,logistic,development|ETH/USDT|2023-08-26T16:00:00+00:00,0.3044186781876805
2,return_above_0_5_percent,A_all,logistic,development|BTC/USDT|2023-08-27T13:00:00+00:00,0.08112348182495746
2,return_above_0_5_percent,A_all,logistic,development|ETH/USDT|2023-08-27T16:00:00+00:00,0.12520057115874075
2,return_above_0_5_percent,A_all,logistic,development|BTC/USDT|2023-08-29T03:00:00+00:00,0.43735921338735045
2,return_above_0_5_percent,A_all,logistic,development|ETH/USDT|2023-08-29T07:00:00+00:00,0.2189004894678283
2,return_above_0_5_percent,A_all,logistic,development|BTC/USDT|2023-08-29T15:00:00+00:00,0.00715205860812748
2,return_above_0_5_percent,A_all,logistic,development|ETH/USDT|2023-08-29T15:00:00+00:00,0.012373999401313517
2,return_above_0_5_percent,A_all,logistic,development|ETH/USDT|2023-09-03T05:00:00+00:00,0.43395392707062613
2,return_above_0_5_percent,A_all,logistic,development|BTC/USDT|2023-09-03T06:00:00+00:00,0.36435421941598434
2,return_above_0_5_percent,A_all,logistic,development|ETH/USDT|2023-09-06T01:00:00+00:00,0.4198242933524674
2,return_above_0_5_percent,A_all,logistic,development|BTC/USDT|2023-09-07T13:00:00+00:00,0.35197459198825237
2,return_above_0_5_percent,A_all,logistic,development|BTC/USDT|2023-09-07T15:00:00+00:00,0.24687604250929143
2,return_above_0_5_percent,A_all,logistic,development|BTC/USDT|2023-09-12T16:00:00+00:00,0.4183539024307427
2,return_above_0_5_percent,A_all,logistic,development|ETH/USDT|2023-09-12T21:00:00+00:00,0.7686315305029918
2,return_above_0_5_percent,A_all,logistic,development|BTC/USDT|2023-09-16T14:00:00+00:00,0.1373363681440097
2,return_above_0_5_percent,A_all,logistic,development|BTC/USDT|2023-09-18T05:00:00+00:00,0.3281597861989819
2,return_above_0_5_percent,A_all,logistic,development|ETH/USDT|2023-09-18T14:00:00+00:00,0.536841575909871
2,return_above_0_5_percent,A_all,logistic,development|ETH/USDT|2023-09-23T08:00:00+00:00,0.4295453772055562
2,return_above_0_5_percent,A_all,logistic,development|BTC/USDT|2023-09-24T12:00:00+00:00,0.0941102998476719
2,return_above_0_5_percent,A_all,logistic,development|ETH/USDT|2023-09-24T15:00:00+00:00,0.09006449523906006
2,return_above_0_5_percent,A_all,logistic,development|BTC/USDT|2023-09-24T18:00:00+00:00,0.054096970511883405
2,return_above_0_5_percent,A_all,logistic,development|ETH/USDT|2023-09-26T08:00:00+00:00,0.3936624268375191
2,return_above_0_5_percent,A_all,logistic,development|BTC/USDT|2023-09-26T21:00:00+00:00,0.465160993165775
2,return_above_0_5_percent,A_all,logistic,development|BTC/USDT|2023-09-27T12:00:00+00:00,0.1961905814226705
2,return_above_0_5_percent,A_all,logistic,development|BTC/USDT|2023-09-30T22:00:00+00:00,0.16320009279877862
2,return_above_0_5_percent,A_all,forest,development|BTC/USDT|2023-07-02T01:00:00+00:00,0.21377944708925237
2,return_above_0_5_percent,A_all,forest,development|ETH/USDT|2023-07-03T02:00:00+00:00,0.12467592275368743
2,return_above_0_5_percent,A_all,forest,development|BTC/USDT|2023-07-08T13:00:00+00:00,0.18023700959110772
2,return_above_0_5_percent,A_all,forest,development|BTC/USDT|2023-07-09T09:00:00+00:00,0.264629660235368
2,return_above_0_5_percent,A_all,forest,development|BTC/USDT|2023-07-09T15:00:00+00:00,0.24117266906747076
2,return_above_0_5_percent,A_all,forest,development|ETH/USDT|2023-07-09T15:00:00+00:00,0.34495141125100853
2,return_above_0_5_percent,A_all,forest,development|BTC/USDT|2023-07-10T21:00:00+00:00,0.3568863764483368
2,return_above_0_5_percent,A_all,forest,development|ETH/USDT|2023-07-10T21:00:00+00:00,0.24742750394413526
2,return_above_0_5_percent,A_all,forest,development|ETH/USDT|2023-07-13T17:00:00+00:00,0.17357435695512674
2,return_above_0_5_percent,A_all,forest,development|BTC/USDT|2023-07-13T20:00:00+00:00,0.0991155402546694
2,return_above_0_5_percent,A_all,forest,development|BTC/USDT|2023-07-16T20:00:00+00:00,0.29369259502812683
2,return_above_0_5_percent,A_all,forest,development|BTC/USDT|2023-07-17T01:00:00+00:00,0.35284129952597193
2,return_above_0_5_percent,A_all,forest,development|ETH/USDT|2023-07-19T12:00:00+00:00,0.27939616768635783
2,return_above_0_5_percent,A_all,forest,development|BTC/USDT|2023-07-19T18:00:00+00:00,0.39271091168572236
2,return_above_0_5_percent,A_all,forest,development|ETH/USDT|2023-07-20T11:00:00+00:00,0.27567057386491806
2,return_above_0_5_percent,A_all,forest,development|BTC/USDT|2023-07-22T10:00:00+00:00,0.2795675554308812
2,return_above_0_5_percent,A_all,forest,development|BTC/USDT|2023-07-23T18:00:00+00:00,0.18679715106859543
2,return_above_0_5_percent,A_all,forest,development|ETH/USDT|2023-07-26T02:00:00+00:00,0.33059309947181675
2,return_above_0_5_percent,A_all,forest,development|BTC/USDT|2023-07-26T08:00:00+00:00,0.3511768566953944
2,return_above_0_5_percent,A_all,forest,development|ETH/USDT|2023-07-29T00:00:00+00:00,0.2780952455242936
2,return_above_0_5_percent,A_all,forest,development|BTC/USDT|2023-07-29T05:00:00+00:00,0.2973329751892174
2,return_above_0_5_percent,A_all,forest,development|BTC/USDT|2023-07-30T17:00:00+00:00,0.16417164677488238
2,return_above_0_5_percent,A_all,forest,development|BTC/USDT|2023-07-31T04:00:00+00:00,0.296183886539261
2,return_above_0_5_percent,A_all,forest,development|BTC/USDT|2023-08-02T05:00:00+00:00,0.2863736204859998
2,return_above_0_5_percent,A_all,forest,development|ETH/USDT|2023-08-02T08:00:00+00:00,0.5015909257681339
2,return_above_0_5_percent,A_all,forest,development|BTC/USDT|2023-08-04T10:00:00+00:00,0.1719031498063549
2,return_above_0_5_percent,A_all,forest,development|ETH/USDT|2023-08-06T06:00:00+00:00,0.19685806902891648
2,return_above_0_5_percent,A_all,forest,development|BTC/USDT|2023-08-06T19:00:00+00:00,0.22137612690926173
2,return_above_0_5_percent,A_all,forest,development|ETH/USDT|2023-08-07T09:00:00+00:00,0.17918227919751673
2,return_above_0_5_percent,A_all,forest,development|ETH/USDT|2023-08-08T15:00:00+00:00,0.2892535826612857
2,return_above_0_5_percent,A_all,forest,development|ETH/USDT|2023-08-12T16:00:00+00:00,0.1583449804573366
2,return_above_0_5_percent,A_all,forest,development|BTC/USDT|2023-08-13T00:00:00+00:00,0.14512994026155537
2,return_above_0_5_percent,A_all,forest,development|BTC/USDT|2023-08-14T18:00:00+00:00,0.23040905837231673
2,return_above_0_5_percent,A_all,forest,development|ETH/USDT|2023-08-20T04:00:00+00:00,0.46672668315275795
2,return_above_0_5_percent,A_all,forest,development|BTC/USDT|2023-08-20T09:00:00+00:00,0.4132756911984909
2,return_above_0_5_percent,A_all,forest,development|BTC/USDT|2023-08-23T18:00:00+00:00,0.3957612072174453
2,return_above_0_5_percent,A_all,forest,development|ETH/USDT|2023-08-23T22:00:00+00:00,0.4257879554843649
2,return_above_0_5_percent,A_all,forest,development|BTC/USDT|2023-08-26T16:00:00+00:00,0.27203806383753876
2,return_above_0_5_percent,A_all,forest,development|ETH/USDT|2023-08-26T16:00:00+00:00,0.24267447312163104
2,return_above_0_5_percent,A_all,forest,development|BTC/USDT|2023-08-27T13:00:00+00:00,0.23860351510681177
2,return_above_0_5_percent,A_all,forest,development|ETH/USDT|2023-08-27T16:00:00+00:00,0.21932954396349466
2,return_above_0_5_percent,A_all,forest,development|BTC/USDT|2023-08-29T03:00:00+00:00,0.3334750870182843
2,return_above_0_5_percent,A_all,forest,development|ETH/USDT|2023-08-29T07:00:00+00:00,0.3370565234343761
2,return_above_0_5_percent,A_all,forest,development|BTC/USDT|2023-08-29T15:00:00+00:00,0.19638831520181
2,return_above_0_5_percent,A_all,forest,development|ETH/USDT|2023-08-29T15:00:00+00:00,0.17219055838856767
2,return_above_0_5_percent,A_all,forest,development|ETH/USDT|2023-09-03T05:00:00+00:00,0.30458251327366237
2,return_above_0_5_percent,A_all,forest,development|BTC/USDT|2023-09-03T06:00:00+00:00,0.26141404435897764
2,return_above_0_5_percent,A_all,forest,development|ETH/USDT|2023-09-06T01:00:00+00:00,0.40667319700670385
2,return_above_0_5_percent,A_all,forest,development|BTC/USDT|2023-09-07T13:00:00+00:00,0.3662595910014831
2,return_above_0_5_percent,A_all,forest,development|BTC/USDT|2023-09-07T15:00:00+00:00,0.4019407207515928
2,return_above_0_5_percent,A_all,forest,development|BTC/USDT|2023-09-12T16:00:00+00:00,0.1970716063481218
2,return_above_0_5_percent,A_all,forest,development|ETH/USDT|2023-09-12T21:00:00+00:00,0.5346285861677642
2,return_above_0_5_percent,A_all,forest,development|BTC/USDT|2023-09-16T14:00:00+00:00,0.24634778353144593
2,return_above_0_5_percent,A_all,forest,development|BTC/USDT|2023-09-18T05:00:00+00:00,0.23628038690969003
2,return_above_0_5_percent,A_all,forest,development|ETH/USDT|2023-09-18T14:00:00+00:00,0.2609614667678954
2,return_above_0_5_percent,A_all,forest,development|ETH/USDT|2023-09-23T08:00:00+00:00,0.2684950429649172
2,return_above_0_5_percent,A_all,forest,development|BTC/USDT|2023-09-24T12:00:00+00:00,0.1481406340890482
2,return_above_0_5_percent,A_all,forest,development|ETH/USDT|2023-09-24T15:00:00+00:00,0.18566308201713133
2,return_above_0_5_percent,A_all,forest,development|BTC/USDT|2023-09-24T18:00:00+00:00,0.15764522940805756
2,return_above_0_5_percent,A_all,forest,development|ETH/USDT|2023-09-26T08:00:00+00:00,0.3011995094083273
2,return_above_0_5_percent,A_all,forest,development|BTC/USDT|2023-09-26T21:00:00+00:00,0.4670033877442472
2,return_above_0_5_percent,A_all,forest,development|BTC/USDT|2023-09-27T12:00:00+00:00,0.3409446101584589
2,return_above_0_5_percent,A_all,forest,development|BTC/USDT|2023-09-30T22:00:00+00:00,0.2285731825881873
2,return_above_0_5_percent,A_all,hist_gradient,development|BTC/USDT|2023-07-02T01:00:00+00:00,0.21193598778096004
2,return_above_0_5_percent,A_all,hist_gradient,development|ETH/USDT|2023-07-03T02:00:00+00:00,0.16284237420989942
2,return_above_0_5_percent,A_all,hist_gradient,development|BTC/USDT|2023-07-08T13:00:00+00:00,0.17608196006733232
2,return_above_0_5_percent,A_all,hist_gradient,development|BTC/USDT|2023-07-09T09:00:00+00:00,0.2177344512501664
2,return_above_0_5_percent,A_all,hist_gradient,development|BTC/USDT|2023-07-09T15:00:00+00:00,0.19849230050343306
2,return_above_0_5_percent,A_all,hist_gradient,development|ETH/USDT|2023-07-09T15:00:00+00:00,0.2621407495094282
2,return_above_0_5_percent,A_all,hist_gradient,development|BTC/USDT|2023-07-10T21:00:00+00:00,0.30523794600899307
2,return_above_0_5_percent,A_all,hist_gradient,development|ETH/USDT|2023-07-10T21:00:00+00:00,0.22524414680406454
2,return_above_0_5_percent,A_all,hist_gradient,development|ETH/USDT|2023-07-13T17:00:00+00:00,0.19066313060198947
2,return_above_0_5_percent,A_all,hist_gradient,development|BTC/USDT|2023-07-13T20:00:00+00:00,0.1529665860392011
2,return_above_0_5_percent,A_all,hist_gradient,development|BTC/USDT|2023-07-16T20:00:00+00:00,0.2007387025273589
2,return_above_0_5_percent,A_all,hist_gradient,development|BTC/USDT|2023-07-17T01:00:00+00:00,0.37331676579722073
2,return_above_0_5_percent,A_all,hist_gradient,development|ETH/USDT|2023-07-19T12:00:00+00:00,0.20846918664896227
2,return_above_0_5_percent,A_all,hist_gradient,development|BTC/USDT|2023-07-19T18:00:00+00:00,0.4027574546543535
2,return_above_0_5_percent,A_all,hist_gradient,development|ETH/USDT|2023-07-20T11:00:00+00:00,0.2105262685175731
2,return_above_0_5_percent,A_all,hist_gradient,development|BTC/USDT|2023-07-22T10:00:00+00:00,0.337915535153578
2,return_above_0_5_percent,A_all,hist_gradient,development|BTC/USDT|2023-07-23T18:00:00+00:00,0.21437987849288226
2,return_above_0_5_percent,A_all,hist_gradient,development|ETH/USDT|2023-07-26T02:00:00+00:00,0.32592468094066745
2,return_above_0_5_percent,A_all,hist_gradient,development|BTC/USDT|2023-07-26T08:00:00+00:00,0.39236846350366156
2,return_above_0_5_percent,A_all,hist_gradient,development|ETH/USDT|2023-07-29T00:00:00+00:00,0.2988573119924047
2,return_above_0_5_percent,A_all,hist_gradient,development|BTC/USDT|2023-07-29T05:00:00+00:00,0.27100189847672007
2,return_above_0_5_percent,A_all,hist_gradient,development|BTC/USDT|2023-07-30T17:00:00+00:00,0.18988957115915095
2,return_above_0_5_percent,A_all,hist_gradient,development|BTC/USDT|2023-07-31T04:00:00+00:00,0.27320399454311695
2,return_above_0_5_percent,A_all,hist_gradient,development|BTC/USDT|2023-08-02T05:00:00+00:00,0.17095990531766886
2,return_above_0_5_percent,A_all,hist_gradient,development|ETH/USDT|2023-08-02T08:00:00+00:00,0.4135364123590163
2,return_above_0_5_percent,A_all,hist_gradient,development|BTC/USDT|2023-08-04T10:00:00+00:00,0.1859248793781974
2,return_above_0_5_percent,A_all,hist_gradient,development|ETH/USDT|2023-08-06T06:00:00+00:00,0.24187835577545974
2,return_above_0_5_percent,A_all,hist_gradient,development|BTC/USDT|2023-08-06T19:00:00+00:00,0.2174229745285832
2,return_above_0_5_percent,A_all,hist_gradient,development|ETH/USDT|2023-08-07T09:00:00+00:00,0.19024834248814762
2,return_above_0_5_percent,A_all,hist_gradient,development|ETH/USDT|2023-08-08T15:00:00+00:00,0.27320399454311695
2,return_above_0_5_percent,A_all,hist_gradient,development|ETH/USDT|2023-08-12T16:00:00+00:00,0.19024834248814762
2,return_above_0_5_percent,A_all,hist_gradient,development|BTC/USDT|2023-08-13T00:00:00+00:00,0.19134024439523237
2,return_above_0_5_percent,A_all,hist_gradient,development|BTC/USDT|2023-08-14T18:00:00+00:00,0.21757849958209435
2,return_above_0_5_percent,A_all,hist_gradient,development|ETH/USDT|2023-08-20T04:00:00+00:00,0.5053756878977037
2,return_above_0_5_percent,A_all,hist_gradient,development|BTC/USDT|2023-08-20T09:00:00+00:00,0.44615176204390455
2,return_above_0_5_percent,A_all,hist_gradient,development|BTC/USDT|2023-08-23T18:00:00+00:00,0.491756759253103
2,return_above_0_5_percent,A_all,hist_gradient,development|ETH/USDT|2023-08-23T22:00:00+00:00,0.5461582161175588
2,return_above_0_5_percent,A_all,hist_gradient,development|BTC/USDT|2023-08-26T16:00:00+00:00,0.2494302306400788
2,return_above_0_5_percent,A_all,hist_gradient,development|ETH/USDT|2023-08-26T16:00:00+00:00,0.2494302306400788
2,return_above_0_5_percent,A_all,hist_gradient,development|BTC/USDT|2023-08-27T13:00:00+00:00,0.2087435853852167
2,return_above_0_5_percent,A_all,hist_gradient,development|ETH/USDT|2023-08-27T16:00:00+00:00,0.21515763425575032
2,return_above_0_5_percent,A_all,hist_gradient,development|BTC/USDT|2023-08-29T03:00:00+00:00,0.31754895695413055
2,return_above_0_5_percent,A_all,hist_gradient,development|ETH/USDT|2023-08-29T07:00:00+00:00,0.2685900770738135
2,return_above_0_5_percent,A_all,hist_gradient,development|BTC/USDT|2023-08-29T15:00:00+00:00,0.18618123637876238
2,return_above_0_5_percent,A_all,hist_gradient,development|ETH/USDT|2023-08-29T15:00:00+00:00,0.15591762509081455
2,return_above_0_5_percent,A_all,hist_gradient,development|ETH/USDT|2023-09-03T05:00:00+00:00,0.3410804282115411
2,return_above_0_5_percent,A_all,hist_gradient,development|BTC/USDT|2023-09-03T06:00:00+00:00,0.25349059416779884
2,return_above_0_5_percent,A_all,hist_gradient,development|ETH/USDT|2023-09-06T01:00:00+00:00,0.44332777208852897
2,return_above_0_5_percent,A_all,hist_gradient,development|BTC/USDT|2023-09-07T13:00:00+00:00,0.3628018429231543
2,return_above_0_5_percent,A_all,hist_gradient,development|BTC/USDT|2023-09-07T15:00:00+00:00,0.619931513994531
2,return_above_0_5_percent,A_all,hist_gradient,development|BTC/USDT|2023-09-12T16:00:00+00:00,0.1529665860392011
2,return_above_0_5_percent,A_all,hist_gradient,development|ETH/USDT|2023-09-12T21:00:00+00:00,0.6065230549904554
2,return_above_0_5_percent,A_all,hist_gradient,development|BTC/USDT|2023-09-16T14:00:00+00:00,0.3090739079897901
2,return_above_0_5_percent,A_all,hist_gradient,development|BTC/USDT|2023-09-18T05:00:00+00:00,0.2676183811270707
2,return_above_0_5_percent,A_all,hist_gradient,development|ETH/USDT|2023-09-18T14:00:00+00:00,0.19176414504932032
2,return_above_0_5_percent,A_all,hist_gradient,development|ETH/USDT|2023-09-23T08:00:00+00:00,0.2621407495094282
2,return_above_0_5_percent,A_all,hist_gradient,development|BTC/USDT|2023-09-24T12:00:00+00:00,0.1859248793781974
2,return_above_0_5_percent,A_all,hist_gradient,development|ETH/USDT|2023-09-24T15:00:00+00:00,0.17175145968014874
2,return_above_0_5_percent,A_all,hist_gradient,development|BTC/USDT|2023-09-24T18:00:00+00:00,0.18988957115915095
2,return_above_0_5_percent,A_all,hist_gradient,development|ETH/USDT|2023-09-26T08:00:00+00:00,0.30999931059019026
2,return_above_0_5_percent,A_all,hist_gradient,development|BTC/USDT|2023-09-26T21:00:00+00:00,0.4890615769741247
2,return_above_0_5_percent,A_all,hist_gradient,development|BTC/USDT|2023-09-27T12:00:00+00:00,0.28965848519559817
2,return_above_0_5_percent,A_all,hist_gradient,development|BTC/USDT|2023-09-30T22:00:00+00:00,0.23079052967723035
2,return_above_0_5_percent,B_reduced,dummy,development|BTC/USDT|2023-07-02T01:00:00+00:00,0.29357798165137616
2,return_above_0_5_percent,B_reduced,dummy,development|ETH/USDT|2023-07-03T02:00:00+00:00,0.29357798165137616
2,return_above_0_5_percent,B_reduced,dummy,development|BTC/USDT|2023-07-08T13:00:00+00:00,0.29357798165137616
2,return_above_0_5_percent,B_reduced,dummy,development|BTC/USDT|2023-07-09T09:00:00+00:00,0.29357798165137616
2,return_above_0_5_percent,B_reduced,dummy,development|BTC/USDT|2023-07-09T15:00:00+00:00,0.29357798165137616
2,return_above_0_5_percent,B_reduced,dummy,development|ETH/USDT|2023-07-09T15:00:00+00:00,0.29357798165137616
2,return_above_0_5_percent,B_reduced,dummy,development|BTC/USDT|2023-07-10T21:00:00+00:00,0.29357798165137616
2,return_above_0_5_percent,B_reduced,dummy,development|ETH/USDT|2023-07-10T21:00:00+00:00,0.29357798165137616
2,return_above_0_5_percent,B_reduced,dummy,development|ETH/USDT|2023-07-13T17:00:00+00:00,0.29357798165137616
2,return_above_0_5_percent,B_reduced,dummy,development|BTC/USDT|2023-07-13T20:00:00+00:00,0.29357798165137616
2,return_above_0_5_percent,B_reduced,dummy,development|BTC/USDT|2023-07-16T20:00:00+00:00,0.29357798165137616
2,return_above_0_5_percent,B_reduced,dummy,development|BTC/USDT|2023-07-17T01:00:00+00:00,0.29357798165137616
2,return_above_0_5_percent,B_reduced,dummy,development|ETH/USDT|2023-07-19T12:00:00+00:00,0.29357798165137616
2,return_above_0_5_percent,B_reduced,dummy,development|BTC/USDT|2023-07-19T18:00:00+00:00,0.29357798165137616
2,return_above_0_5_percent,B_reduced,dummy,development|ETH/USDT|2023-07-20T11:00:00+00:00,0.29357798165137616
2,return_above_0_5_percent,B_reduced,dummy,development|BTC/USDT|2023-07-22T10:00:00+00:00,0.29357798165137616
2,return_above_0_5_percent,B_reduced,dummy,development|BTC/USDT|2023-07-23T18:00:00+00:00,0.29357798165137616
2,return_above_0_5_percent,B_reduced,dummy,development|ETH/USDT|2023-07-26T02:00:00+00:00,0.29357798165137616
2,return_above_0_5_percent,B_reduced,dummy,development|BTC/USDT|2023-07-26T08:00:00+00:00,0.29357798165137616
2,return_above_0_5_percent,B_reduced,dummy,development|ETH/USDT|2023-07-29T00:00:00+00:00,0.29357798165137616
2,return_above_0_5_percent,B_reduced,dummy,development|BTC/USDT|2023-07-29T05:00:00+00:00,0.29357798165137616
2,return_above_0_5_percent,B_reduced,dummy,development|BTC/USDT|2023-07-30T17:00:00+00:00,0.29357798165137616
2,return_above_0_5_percent,B_reduced,dummy,development|BTC/USDT|2023-07-31T04:00:00+00:00,0.29357798165137616
2,return_above_0_5_percent,B_reduced,dummy,development|BTC/USDT|2023-08-02T05:00:00+00:00,0.29357798165137616
2,return_above_0_5_percent,B_reduced,dummy,development|ETH/USDT|2023-08-02T08:00:00+00:00,0.29357798165137616
2,return_above_0_5_percent,B_reduced,dummy,development|BTC/USDT|2023-08-04T10:00:00+00:00,0.29357798165137616
2,return_above_0_5_percent,B_reduced,dummy,development|ETH/USDT|2023-08-06T06:00:00+00:00,0.29357798165137616
2,return_above_0_5_percent,B_reduced,dummy,development|BTC/USDT|2023-08-06T19:00:00+00:00,0.29357798165137616
2,return_above_0_5_percent,B_reduced,dummy,development|ETH/USDT|2023-08-07T09:00:00+00:00,0.29357798165137616
2,return_above_0_5_percent,B_reduced,dummy,development|ETH/USDT|2023-08-08T15:00:00+00:00,0.29357798165137616
2,return_above_0_5_percent,B_reduced,dummy,development|ETH/USDT|2023-08-12T16:00:00+00:00,0.29357798165137616
2,return_above_0_5_percent,B_reduced,dummy,development|BTC/USDT|2023-08-13T00:00:00+00:00,0.29357798165137616
2,return_above_0_5_percent,B_reduced,dummy,development|BTC/USDT|2023-08-14T18:00:00+00:00,0.29357798165137616
2,return_above_0_5_percent,B_reduced,dummy,development|ETH/USDT|2023-08-20T04:00:00+00:00,0.29357798165137616
2,return_above_0_5_percent,B_reduced,dummy,development|BTC/USDT|2023-08-20T09:00:00+00:00,0.29357798165137616
2,return_above_0_5_percent,B_reduced,dummy,development|BTC/USDT|2023-08-23T18:00:00+00:00,0.29357798165137616
2,return_above_0_5_percent,B_reduced,dummy,development|ETH/USDT|2023-08-23T22:00:00+00:00,0.29357798165137616
2,return_above_0_5_percent,B_reduced,dummy,development|BTC/USDT|2023-08-26T16:00:00+00:00,0.29357798165137616
2,return_above_0_5_percent,B_reduced,dummy,development|ETH/USDT|2023-08-26T16:00:00+00:00,0.29357798165137616
2,return_above_0_5_percent,B_reduced,dummy,development|BTC/USDT|2023-08-27T13:00:00+00:00,0.29357798165137616
2,return_above_0_5_percent,B_reduced,dummy,development|ETH/USDT|2023-08-27T16:00:00+00:00,0.29357798165137616
2,return_above_0_5_percent,B_reduced,dummy,development|BTC/USDT|2023-08-29T03:00:00+00:00,0.29357798165137616
2,return_above_0_5_percent,B_reduced,dummy,development|ETH/USDT|2023-08-29T07:00:00+00:00,0.29357798165137616
2,return_above_0_5_percent,B_reduced,dummy,development|BTC/USDT|2023-08-29T15:00:00+00:00,0.29357798165137616
2,return_above_0_5_percent,B_reduced,dummy,development|ETH/USDT|2023-08-29T15:00:00+00:00,0.29357798165137616
2,return_above_0_5_percent,B_reduced,dummy,development|ETH/USDT|2023-09-03T05:00:00+00:00,0.29357798165137616
2,return_above_0_5_percent,B_reduced,dummy,development|BTC/USDT|2023-09-03T06:00:00+00:00,0.29357798165137616
2,return_above_0_5_percent,B_reduced,dummy,development|ETH/USDT|2023-09-06T01:00:00+00:00,0.29357798165137616
2,return_above_0_5_percent,B_reduced,dummy,development|BTC/USDT|2023-09-07T13:00:00+00:00,0.29357798165137616
2,return_above_0_5_percent,B_reduced,dummy,development|BTC/USDT|2023-09-07T15:00:00+00:00,0.29357798165137616
2,return_above_0_5_percent,B_reduced,dummy,development|BTC/USDT|2023-09-12T16:00:00+00:00,0.29357798165137616
2,return_above_0_5_percent,B_reduced,dummy,development|ETH/USDT|2023-09-12T21:00:00+00:00,0.29357798165137616
2,return_above_0_5_percent,B_reduced,dummy,development|BTC/USDT|2023-09-16T14:00:00+00:00,0.29357798165137616
2,return_above_0_5_percent,B_reduced,dummy,development|BTC/USDT|2023-09-18T05:00:00+00:00,0.29357798165137616
2,return_above_0_5_percent,B_reduced,dummy,development|ETH/USDT|2023-09-18T14:00:00+00:00,0.29357798165137616
2,return_above_0_5_percent,B_reduced,dummy,development|ETH/USDT|2023-09-23T08:00:00+00:00,0.29357798165137616
2,return_above_0_5_percent,B_reduced,dummy,development|BTC/USDT|2023-09-24T12:00:00+00:00,0.29357798165137616
2,return_above_0_5_percent,B_reduced,dummy,development|ETH/USDT|2023-09-24T15:00:00+00:00,0.29357798165137616
2,return_above_0_5_percent,B_reduced,dummy,development|BTC/USDT|2023-09-24T18:00:00+00:00,0.29357798165137616
2,return_above_0_5_percent,B_reduced,dummy,development|ETH/USDT|2023-09-26T08:00:00+00:00,0.29357798165137616
2,return_above_0_5_percent,B_reduced,dummy,development|BTC/USDT|2023-09-26T21:00:00+00:00,0.29357798165137616
2,return_above_0_5_percent,B_reduced,dummy,development|BTC/USDT|2023-09-27T12:00:00+00:00,0.29357798165137616
2,return_above_0_5_percent,B_reduced,dummy,development|BTC/USDT|2023-09-30T22:00:00+00:00,0.29357798165137616
2,return_above_0_5_percent,B_reduced,logistic,development|BTC/USDT|2023-07-02T01:00:00+00:00,0.14236584142154476
2,return_above_0_5_percent,B_reduced,logistic,development|ETH/USDT|2023-07-03T02:00:00+00:00,0.15526740036813377
2,return_above_0_5_percent,B_reduced,logistic,development|BTC/USDT|2023-07-08T13:00:00+00:00,0.23368919066061772
2,return_above_0_5_percent,B_reduced,logistic,development|BTC/USDT|2023-07-09T09:00:00+00:00,0.09793890824025929
2,return_above_0_5_percent,B_reduced,logistic,development|BTC/USDT|2023-07-09T15:00:00+00:00,0.10789098214423987
2,return_above_0_5_percent,B_reduced,logistic,development|ETH/USDT|2023-07-09T15:00:00+00:00,0.3755881742365665
2,return_above_0_5_percent,B_reduced,logistic,development|BTC/USDT|2023-07-10T21:00:00+00:00,0.3556335860412925
2,return_above_0_5_percent,B_reduced,logistic,development|ETH/USDT|2023-07-10T21:00:00+00:00,0.23270571740655777
2,return_above_0_5_percent,B_reduced,logistic,development|ETH/USDT|2023-07-13T17:00:00+00:00,0.14472315528852092
2,return_above_0_5_percent,B_reduced,logistic,development|BTC/USDT|2023-07-13T20:00:00+00:00,0.3668688573788413
2,return_above_0_5_percent,B_reduced,logistic,development|BTC/USDT|2023-07-16T20:00:00+00:00,0.15871273795266436
2,return_above_0_5_percent,B_reduced,logistic,development|BTC/USDT|2023-07-17T01:00:00+00:00,0.33467014547838847
2,return_above_0_5_percent,B_reduced,logistic,development|ETH/USDT|2023-07-19T12:00:00+00:00,0.2584759604577033
2,return_above_0_5_percent,B_reduced,logistic,development|BTC/USDT|2023-07-19T18:00:00+00:00,0.17481366763172101
2,return_above_0_5_percent,B_reduced,logistic,development|ETH/USDT|2023-07-20T11:00:00+00:00,0.1238326455818403
2,return_above_0_5_percent,B_reduced,logistic,development|BTC/USDT|2023-07-22T10:00:00+00:00,0.2686823000171159
2,return_above_0_5_percent,B_reduced,logistic,development|BTC/USDT|2023-07-23T18:00:00+00:00,0.04751072158073355
2,return_above_0_5_percent,B_reduced,logistic,development|ETH/USDT|2023-07-26T02:00:00+00:00,0.3946716611349314
2,return_above_0_5_percent,B_reduced,logistic,development|BTC/USDT|2023-07-26T08:00:00+00:00,0.47369669080398363
2,return_above_0_5_percent,B_reduced,logistic,development|ETH/USDT|2023-07-29T00:00:00+00:00,0.19015972445239543
2,return_above_0_5_percent,B_reduced,logistic,development|BTC/USDT|2023-07-29T05:00:00+00:00,0.29860355173530934
2,return_above_0_5_percent,B_reduced,logistic,development|BTC/USDT|2023-07-30T17:00:00+00:00,0.05551560643719513
2,return_above_0_5_percent,B_reduced,logistic,development|BTC/USDT|2023-07-31T04:00:00+00:00,0.260216935909948
2,return_above_0_5_percent,B_reduced,logistic,development|BTC/USDT|2023-08-02T05:00:00+00:00,0.4550896049280165
2,return_above_0_5_percent,B_reduced,logistic,development|ETH/USDT|2023-08-02T08:00:00+00:00,0.5643570024868501
2,return_above_0_5_percent,B_reduced,logistic,development|BTC/USDT|2023-08-04T10:00:00+00:00,0.1229093348370923
2,return_above_0_5_percent,B_reduced,logistic,development|ETH/USDT|2023-08-06T06:00:00+00:00,0.12030083641190195
2,return_above_0_5_percent,B_reduced,logistic,development|BTC/USDT|2023-08-06T19:00:00+00:00,0.08820231395453174
2,return_above_0_5_percent,B_reduced,logistic,development|ETH/USDT|2023-08-07T09:00:00+00:00,0.06386235407406081
2,return_above_0_5_percent,B_reduced,logistic,development|ETH/USDT|2023-08-08T15:00:00+00:00,0.38140758226613297
2,return_above_0_5_percent,B_reduced,logistic,development|ETH/USDT|2023-08-12T16:00:00+00:00,0.08652333142023452
2,return_above_0_5_percent,B_reduced,logistic,development|BTC/USDT|2023-08-13T00:00:00+00:00,0.07282943748235932
2,return_above_0_5_percent,B_reduced,logistic,development|BTC/USDT|2023-08-14T18:00:00+00:00,0.046259588320639346
2,return_above_0_5_percent,B_reduced,logistic,development|ETH/USDT|2023-08-20T04:00:00+00:00,0.752582263117173
2,return_above_0_5_percent,B_reduced,logistic,development|BTC/USDT|2023-08-20T09:00:00+00:00,0.5747891611910741
2,return_above_0_5_percent,B_reduced,logistic,development|BTC/USDT|2023-08-23T18:00:00+00:00,0.39328966442367036
2,return_above_0_5_percent,B_reduced,logistic,development|ETH/USDT|2023-08-23T22:00:00+00:00,0.5827758160595207
2,return_above_0_5_percent,B_reduced,logistic,development|BTC/USDT|2023-08-26T16:00:00+00:00,0.2427013372108848
2,return_above_0_5_percent,B_reduced,logistic,development|ETH/USDT|2023-08-26T16:00:00+00:00,0.3033627691358899
2,return_above_0_5_percent,B_reduced,logistic,development|BTC/USDT|2023-08-27T13:00:00+00:00,0.0752761293139463
2,return_above_0_5_percent,B_reduced,logistic,development|ETH/USDT|2023-08-27T16:00:00+00:00,0.12394857724404106
2,return_above_0_5_percent,B_reduced,logistic,development|BTC/USDT|2023-08-29T03:00:00+00:00,0.4334170734173852
2,return_above_0_5_percent,B_reduced,logistic,development|ETH/USDT|2023-08-29T07:00:00+00:00,0.21162907404519513
2,return_above_0_5_percent,B_reduced,logistic,development|BTC/USDT|2023-08-29T15:00:00+00:00,0.020327385749467547
2,return_above_0_5_percent,B_reduced,logistic,development|ETH/USDT|2023-08-29T15:00:00+00:00,0.02740295298052273
2,return_above_0_5_percent,B_reduced,logistic,development|ETH/USDT|2023-09-03T05:00:00+00:00,0.4278048780869604
2,return_above_0_5_percent,B_reduced,logistic,development|BTC/USDT|2023-09-03T06:00:00+00:00,0.34878227613991386
2,return_above_0_5_percent,B_reduced,logistic,development|ETH/USDT|2023-09-06T01:00:00+00:00,0.41039351127736334
2,return_above_0_5_percent,B_reduced,logistic,development|BTC/USDT|2023-09-07T13:00:00+00:00,0.35046416129062474
2,return_above_0_5_percent,B_reduced,logistic,development|BTC/USDT|2023-09-07T15:00:00+00:00,0.25878929135377987
2,return_above_0_5_percent,B_reduced,logistic,development|BTC/USDT|2023-09-12T16:00:00+00:00,0.43014507202736657
2,return_above_0_5_percent,B_reduced,logistic,development|ETH/USDT|2023-09-12T21:00:00+00:00,0.7661372487811573
2,return_above_0_5_percent,B_reduced,logistic,development|BTC/USDT|2023-09-16T14:00:00+00:00,0.13897283301897964
2,return_above_0_5_percent,B_reduced,logistic,development|BTC/USDT|2023-09-18T05:00:00+00:00,0.31259600557124007
2,return_above_0_5_percent,B_reduced,logistic,development|ETH/USDT|2023-09-18T14:00:00+00:00,0.4816049345186278
2,return_above_0_5_percent,B_reduced,logistic,development|ETH/USDT|2023-09-23T08:00:00+00:00,0.410566841824352
2,return_above_0_5_percent,B_reduced,logistic,development|BTC/USDT|2023-09-24T12:00:00+00:00,0.08862618523899465
2,return_above_0_5_percent,B_reduced,logistic,development|ETH/USDT|2023-09-24T15:00:00+00:00,0.08532843013468211
2,return_above_0_5_percent,B_reduced,logistic,development|BTC/USDT|2023-09-24T18:00:00+00:00,0.055300950035989976
2,return_above_0_5_percent,B_reduced,logistic,development|ETH/USDT|2023-09-26T08:00:00+00:00,0.39240453549394005
2,return_above_0_5_percent,B_reduced,logistic,development|BTC/USDT|2023-09-26T21:00:00+00:00,0.4592769966272897
2,return_above_0_5_percent,B_reduced,logistic,development|BTC/USDT|2023-09-27T12:00:00+00:00,0.2196538312470421
2,return_above_0_5_percent,B_reduced,logistic,development|BTC/USDT|2023-09-30T22:00:00+00:00,0.15819627132346403
2,return_above_0_5_percent,B_reduced,forest,development|BTC/USDT|2023-07-02T01:00:00+00:00,0.22926998141653138
2,return_above_0_5_percent,B_reduced,forest,development|ETH/USDT|2023-07-03T02:00:00+00:00,0.1349151376109203
2,return_above_0_5_percent,B_reduced,forest,development|BTC/USDT|2023-07-08T13:00:00+00:00,0.17509938955667517
2,return_above_0_5_percent,B_reduced,forest,development|BTC/USDT|2023-07-09T09:00:00+00:00,0.27273263679256715
2,return_above_0_5_percent,B_reduced,forest,development|BTC/USDT|2023-07-09T15:00:00+00:00,0.2230998176554534
2,return_above_0_5_percent,B_reduced,forest,development|ETH/USDT|2023-07-09T15:00:00+00:00,0.3350489567591757
2,return_above_0_5_percent,B_reduced,forest,development|BTC/USDT|2023-07-10T21:00:00+00:00,0.36008077334293304
2,return_above_0_5_percent,B_reduced,forest,development|ETH/USDT|2023-07-10T21:00:00+00:00,0.25685169984354705
2,return_above_0_5_percent,B_reduced,forest,development|ETH/USDT|2023-07-13T17:00:00+00:00,0.18211787474434005
2,return_above_0_5_percent,B_reduced,forest,development|BTC/USDT|2023-07-13T20:00:00+00:00,0.13677136030532502
2,return_above_0_5_percent,B_reduced,forest,development|BTC/USDT|2023-07-16T20:00:00+00:00,0.2725400387174243
2,return_above_0_5_percent,B_reduced,forest,development|BTC/USDT|2023-07-17T01:00:00+00:00,0.3549619765705378
2,return_above_0_5_percent,B_reduced,forest,development|ETH/USDT|2023-07-19T12:00:00+00:00,0.27272331836809277
2,return_above_0_5_percent,B_reduced,forest,development|BTC/USDT|2023-07-19T18:00:00+00:00,0.4134974063217652
2,return_above_0_5_percent,B_reduced,forest,development|ETH/USDT|2023-07-20T11:00:00+00:00,0.3063783586084774
2,return_above_0_5_percent,B_reduced,forest,development|BTC/USDT|2023-07-22T10:00:00+00:00,0.303800386251825
2,return_above_0_5_percent,B_reduced,forest,development|BTC/USDT|2023-07-23T18:00:00+00:00,0.1968696956629013
2,return_above_0_5_percent,B_reduced,forest,development|ETH/USDT|2023-07-26T02:00:00+00:00,0.3178005622489919
2,return_above_0_5_percent,B_reduced,forest,development|BTC/USDT|2023-07-26T08:00:00+00:00,0.35877307963043714
2,return_above_0_5_percent,B_reduced,forest,development|ETH/USDT|2023-07-29T00:00:00+00:00,0.2865043278276627
2,return_above_0_5_percent,B_reduced,forest,development|BTC/USDT|2023-07-29T05:00:00+00:00,0.29960959807969856
2,return_above_0_5_percent,B_reduced,forest,development|BTC/USDT|2023-07-30T17:00:00+00:00,0.1690316430197156
2,return_above_0_5_percent,B_reduced,forest,development|BTC/USDT|2023-07-31T04:00:00+00:00,0.28414757857566647
2,return_above_0_5_percent,B_reduced,forest,development|BTC/USDT|2023-08-02T05:00:00+00:00,0.2895926303145469
2,return_above_0_5_percent,B_reduced,forest,development|ETH/USDT|2023-08-02T08:00:00+00:00,0.5018709767277225
2,return_above_0_5_percent,B_reduced,forest,development|BTC/USDT|2023-08-04T10:00:00+00:00,0.17297890836812274
2,return_above_0_5_percent,B_reduced,forest,development|ETH/USDT|2023-08-06T06:00:00+00:00,0.18912379562711645
2,return_above_0_5_percent,B_reduced,forest,development|BTC/USDT|2023-08-06T19:00:00+00:00,0.22533332603182354
2,return_above_0_5_percent,B_reduced,forest,development|ETH/USDT|2023-08-07T09:00:00+00:00,0.17570163063450028
2,return_above_0_5_percent,B_reduced,forest,development|ETH/USDT|2023-08-08T15:00:00+00:00,0.29042842999760854
2,return_above_0_5_percent,B_reduced,forest,development|ETH/USDT|2023-08-12T16:00:00+00:00,0.16036498607804806
2,return_above_0_5_percent,B_reduced,forest,development|BTC/USDT|2023-08-13T00:00:00+00:00,0.13997154556909225
2,return_above_0_5_percent,B_reduced,forest,development|BTC/USDT|2023-08-14T18:00:00+00:00,0.2068056032606351
2,return_above_0_5_percent,B_reduced,forest,development|ETH/USDT|2023-08-20T04:00:00+00:00,0.47327594452439925
2,return_above_0_5_percent,B_reduced,forest,development|BTC/USDT|2023-08-20T09:00:00+00:00,0.38880099780907
2,return_above_0_5_percent,B_reduced,forest,development|BTC/USDT|2023-08-23T18:00:00+00:00,0.3795351560012908
2,return_above_0_5_percent,B_reduced,forest,development|ETH/USDT|2023-08-23T22:00:00+00:00,0.4709851103190828
2,return_above_0_5_percent,B_reduced,forest,development|BTC/USDT|2023-08-26T16:00:00+00:00,0.28110514741637477
2,return_above_0_5_percent,B_reduced,forest,development|ETH/USDT|2023-08-26T16:00:00+00:00,0.25040832334057334
2,return_above_0_5_percent,B_reduced,forest,development|BTC/USDT|2023-08-27T13:00:00+00:00,0.23890003256195946
2,return_above_0_5_percent,B_reduced,forest,development|ETH/USDT|2023-08-27T16:00:00+00:00,0.21233346306513554
2,return_above_0_5_percent,B_reduced,forest,development|BTC/USDT|2023-08-29T03:00:00+00:00,0.2743481807122706
2,return_above_0_5_percent,B_reduced,forest,development|ETH/USDT|2023-08-29T07:00:00+00:00,0.2919019178393567
2,return_above_0_5_percent,B_reduced,forest,development|BTC/USDT|2023-08-29T15:00:00+00:00,0.1907661790119825
2,return_above_0_5_percent,B_reduced,forest,development|ETH/USDT|2023-08-29T15:00:00+00:00,0.18468689724252552
2,return_above_0_5_percent,B_reduced,forest,development|ETH/USDT|2023-09-03T05:00:00+00:00,0.3210596228566942
2,return_above_0_5_percent,B_reduced,forest,development|BTC/USDT|2023-09-03T06:00:00+00:00,0.27565400501347886
2,return_above_0_5_percent,B_reduced,forest,development|ETH/USDT|2023-09-06T01:00:00+00:00,0.3496344442888292
2,return_above_0_5_percent,B_reduced,forest,development|BTC/USDT|2023-09-07T13:00:00+00:00,0.3541397869259198
2,return_above_0_5_percent,B_reduced,forest,development|BTC/USDT|2023-09-07T15:00:00+00:00,0.36875200304359396
2,return_above_0_5_percent,B_reduced,forest,development|BTC/USDT|2023-09-12T16:00:00+00:00,0.1696291590862725
2,return_above_0_5_percent,B_reduced,forest,development|ETH/USDT|2023-09-12T21:00:00+00:00,0.5355201624115604
2,return_above_0_5_percent,B_reduced,forest,development|BTC/USDT|2023-09-16T14:00:00+00:00,0.25553833409854304
2,return_above_0_5_percent,B_reduced,forest,development|BTC/USDT|2023-09-18T05:00:00+00:00,0.21742043168088432
2,return_above_0_5_percent,B_reduced,forest,development|ETH/USDT|2023-09-18T14:00:00+00:00,0.26666025417102857
2,return_above_0_5_percent,B_reduced,forest,development|ETH/USDT|2023-09-23T08:00:00+00:00,0.27759925951330805
2,return_above_0_5_percent,B_reduced,forest,development|BTC/USDT|2023-09-24T12:00:00+00:00,0.14862712641904652
2,return_above_0_5_percent,B_reduced,forest,development|ETH/USDT|2023-09-24T15:00:00+00:00,0.1671460847980878
2,return_above_0_5_percent,B_reduced,forest,development|BTC/USDT|2023-09-24T18:00:00+00:00,0.1629738146009637
2,return_above_0_5_percent,B_reduced,forest,development|ETH/USDT|2023-09-26T08:00:00+00:00,0.3043801430163529
2,return_above_0_5_percent,B_reduced,forest,development|BTC/USDT|2023-09-26T21:00:00+00:00,0.44969343562012914
2,return_above_0_5_percent,B_reduced,forest,development|BTC/USDT|2023-09-27T12:00:00+00:00,0.3125160337163569
2,return_above_0_5_percent,B_reduced,forest,development|BTC/USDT|2023-09-30T22:00:00+00:00,0.21074663084501702
2,return_above_0_5_percent,B_reduced,hist_gradient,development|BTC/USDT|2023-07-02T01:00:00+00:00,0.21193598778096004
2,return_above_0_5_percent,B_reduced,hist_gradient,development|ETH/USDT|2023-07-03T02:00:00+00:00,0.16284237420989942
2,return_above_0_5_percent,B_reduced,hist_gradient,development|BTC/USDT|2023-07-08T13:00:00+00:00,0.17608196006733232
2,return_above_0_5_percent,B_reduced,hist_gradient,development|BTC/USDT|2023-07-09T09:00:00+00:00,0.2177344512501664
2,return_above_0_5_percent,B_reduced,hist_gradient,development|BTC/USDT|2023-07-09T15:00:00+00:00,0.19849230050343306
2,return_above_0_5_percent,B_reduced,hist_gradient,development|ETH/USDT|2023-07-09T15:00:00+00:00,0.2621407495094282
2,return_above_0_5_percent,B_reduced,hist_gradient,development|BTC/USDT|2023-07-10T21:00:00+00:00,0.30523794600899307
2,return_above_0_5_percent,B_reduced,hist_gradient,development|ETH/USDT|2023-07-10T21:00:00+00:00,0.22524414680406454
2,return_above_0_5_percent,B_reduced,hist_gradient,development|ETH/USDT|2023-07-13T17:00:00+00:00,0.19066313060198947
2,return_above_0_5_percent,B_reduced,hist_gradient,development|BTC/USDT|2023-07-13T20:00:00+00:00,0.1529665860392011
2,return_above_0_5_percent,B_reduced,hist_gradient,development|BTC/USDT|2023-07-16T20:00:00+00:00,0.2007387025273589
2,return_above_0_5_percent,B_reduced,hist_gradient,development|BTC/USDT|2023-07-17T01:00:00+00:00,0.37331676579722073
2,return_above_0_5_percent,B_reduced,hist_gradient,development|ETH/USDT|2023-07-19T12:00:00+00:00,0.20846918664896227
2,return_above_0_5_percent,B_reduced,hist_gradient,development|BTC/USDT|2023-07-19T18:00:00+00:00,0.4027574546543535
2,return_above_0_5_percent,B_reduced,hist_gradient,development|ETH/USDT|2023-07-20T11:00:00+00:00,0.2105262685175731
2,return_above_0_5_percent,B_reduced,hist_gradient,development|BTC/USDT|2023-07-22T10:00:00+00:00,0.337915535153578
2,return_above_0_5_percent,B_reduced,hist_gradient,development|BTC/USDT|2023-07-23T18:00:00+00:00,0.21437987849288226
2,return_above_0_5_percent,B_reduced,hist_gradient,development|ETH/USDT|2023-07-26T02:00:00+00:00,0.32592468094066745
2,return_above_0_5_percent,B_reduced,hist_gradient,development|BTC/USDT|2023-07-26T08:00:00+00:00,0.39236846350366156
2,return_above_0_5_percent,B_reduced,hist_gradient,development|ETH/USDT|2023-07-29T00:00:00+00:00,0.2988573119924047
2,return_above_0_5_percent,B_reduced,hist_gradient,development|BTC/USDT|2023-07-29T05:00:00+00:00,0.27100189847672007
2,return_above_0_5_percent,B_reduced,hist_gradient,development|BTC/USDT|2023-07-30T17:00:00+00:00,0.18988957115915095
2,return_above_0_5_percent,B_reduced,hist_gradient,development|BTC/USDT|2023-07-31T04:00:00+00:00,0.27320399454311695
2,return_above_0_5_percent,B_reduced,hist_gradient,development|BTC/USDT|2023-08-02T05:00:00+00:00,0.17095990531766886
2,return_above_0_5_percent,B_reduced,hist_gradient,development|ETH/USDT|2023-08-02T08:00:00+00:00,0.4135364123590163
2,return_above_0_5_percent,B_reduced,hist_gradient,development|BTC/USDT|2023-08-04T10:00:00+00:00,0.1859248793781974
2,return_above_0_5_percent,B_reduced,hist_gradient,development|ETH/USDT|2023-08-06T06:00:00+00:00,0.24187835577545974
2,return_above_0_5_percent,B_reduced,hist_gradient,development|BTC/USDT|2023-08-06T19:00:00+00:00,0.2174229745285832
2,return_above_0_5_percent,B_reduced,hist_gradient,development|ETH/USDT|2023-08-07T09:00:00+00:00,0.19024834248814762
2,return_above_0_5_percent,B_reduced,hist_gradient,development|ETH/USDT|2023-08-08T15:00:00+00:00,0.27320399454311695
2,return_above_0_5_percent,B_reduced,hist_gradient,development|ETH/USDT|2023-08-12T16:00:00+00:00,0.19024834248814762
2,return_above_0_5_percent,B_reduced,hist_gradient,development|BTC/USDT|2023-08-13T00:00:00+00:00,0.19134024439523237
2,return_above_0_5_percent,B_reduced,hist_gradient,development|BTC/USDT|2023-08-14T18:00:00+00:00,0.21757849958209435
2,return_above_0_5_percent,B_reduced,hist_gradient,development|ETH/USDT|2023-08-20T04:00:00+00:00,0.5053756878977037
2,return_above_0_5_percent,B_reduced,hist_gradient,development|BTC/USDT|2023-08-20T09:00:00+00:00,0.44615176204390455
2,return_above_0_5_percent,B_reduced,hist_gradient,development|BTC/USDT|2023-08-23T18:00:00+00:00,0.491756759253103
2,return_above_0_5_percent,B_reduced,hist_gradient,development|ETH/USDT|2023-08-23T22:00:00+00:00,0.5461582161175588
2,return_above_0_5_percent,B_reduced,hist_gradient,development|BTC/USDT|2023-08-26T16:00:00+00:00,0.2494302306400788
2,return_above_0_5_percent,B_reduced,hist_gradient,development|ETH/USDT|2023-08-26T16:00:00+00:00,0.2494302306400788
2,return_above_0_5_percent,B_reduced,hist_gradient,development|BTC/USDT|2023-08-27T13:00:00+00:00,0.2087435853852167
2,return_above_0_5_percent,B_reduced,hist_gradient,development|ETH/USDT|2023-08-27T16:00:00+00:00,0.21515763425575032
2,return_above_0_5_percent,B_reduced,hist_gradient,development|BTC/USDT|2023-08-29T03:00:00+00:00,0.31754895695413055
2,return_above_0_5_percent,B_reduced,hist_gradient,development|ETH/USDT|2023-08-29T07:00:00+00:00,0.2685900770738135
2,return_above_0_5_percent,B_reduced,hist_gradient,development|BTC/USDT|2023-08-29T15:00:00+00:00,0.18618123637876238
2,return_above_0_5_percent,B_reduced,hist_gradient,development|ETH/USDT|2023-08-29T15:00:00+00:00,0.15591762509081455
2,return_above_0_5_percent,B_reduced,hist_gradient,development|ETH/USDT|2023-09-03T05:00:00+00:00,0.3410804282115411
2,return_above_0_5_percent,B_reduced,hist_gradient,development|BTC/USDT|2023-09-03T06:00:00+00:00,0.25349059416779884
2,return_above_0_5_percent,B_reduced,hist_gradient,development|ETH/USDT|2023-09-06T01:00:00+00:00,0.44332777208852897
2,return_above_0_5_percent,B_reduced,hist_gradient,development|BTC/USDT|2023-09-07T13:00:00+00:00,0.3628018429231543
2,return_above_0_5_percent,B_reduced,hist_gradient,development|BTC/USDT|2023-09-07T15:00:00+00:00,0.619931513994531
2,return_above_0_5_percent,B_reduced,hist_gradient,development|BTC/USDT|2023-09-12T16:00:00+00:00,0.1529665860392011
2,return_above_0_5_percent,B_reduced,hist_gradient,development|ETH/USDT|2023-09-12T21:00:00+00:00,0.6065230549904554
2,return_above_0_5_percent,B_reduced,hist_gradient,development|BTC/USDT|2023-09-16T14:00:00+00:00,0.3090739079897901
2,return_above_0_5_percent,B_reduced,hist_gradient,development|BTC/USDT|2023-09-18T05:00:00+00:00,0.2676183811270707
2,return_above_0_5_percent,B_reduced,hist_gradient,development|ETH/USDT|2023-09-18T14:00:00+00:00,0.19176414504932032
2,return_above_0_5_percent,B_reduced,hist_gradient,development|ETH/USDT|2023-09-23T08:00:00+00:00,0.2621407495094282
2,return_above_0_5_percent,B_reduced,hist_gradient,development|BTC/USDT|2023-09-24T12:00:00+00:00,0.1859248793781974
2,return_above_0_5_percent,B_reduced,hist_gradient,development|ETH/USDT|2023-09-24T15:00:00+00:00,0.17175145968014874
2,return_above_0_5_percent,B_reduced,hist_gradient,development|BTC/USDT|2023-09-24T18:00:00+00:00,0.18988957115915095
2,return_above_0_5_percent,B_reduced,hist_gradient,development|ETH/USDT|2023-09-26T08:00:00+00:00,0.30999931059019026
2,return_above_0_5_percent,B_reduced,hist_gradient,development|BTC/USDT|2023-09-26T21:00:00+00:00,0.4890615769741247
2,return_above_0_5_percent,B_reduced,hist_gradient,development|BTC/USDT|2023-09-27T12:00:00+00:00,0.28965848519559817
2,return_above_0_5_percent,B_reduced,hist_gradient,development|BTC/USDT|2023-09-30T22:00:00+00:00,0.23079052967723035
2,return_above_0_5_percent,C_price,dummy,development|BTC/USDT|2023-07-02T01:00:00+00:00,0.29357798165137616
2,return_above_0_5_percent,C_price,dummy,development|ETH/USDT|2023-07-03T02:00:00+00:00,0.29357798165137616
2,return_above_0_5_percent,C_price,dummy,development|BTC/USDT|2023-07-08T13:00:00+00:00,0.29357798165137616
2,return_above_0_5_percent,C_price,dummy,development|BTC/USDT|2023-07-09T09:00:00+00:00,0.29357798165137616
2,return_above_0_5_percent,C_price,dummy,development|BTC/USDT|2023-07-09T15:00:00+00:00,0.29357798165137616
2,return_above_0_5_percent,C_price,dummy,development|ETH/USDT|2023-07-09T15:00:00+00:00,0.29357798165137616
2,return_above_0_5_percent,C_price,dummy,development|BTC/USDT|2023-07-10T21:00:00+00:00,0.29357798165137616
2,return_above_0_5_percent,C_price,dummy,development|ETH/USDT|2023-07-10T21:00:00+00:00,0.29357798165137616
2,return_above_0_5_percent,C_price,dummy,development|ETH/USDT|2023-07-13T17:00:00+00:00,0.29357798165137616
2,return_above_0_5_percent,C_price,dummy,development|BTC/USDT|2023-07-13T20:00:00+00:00,0.29357798165137616
2,return_above_0_5_percent,C_price,dummy,development|BTC/USDT|2023-07-16T20:00:00+00:00,0.29357798165137616
2,return_above_0_5_percent,C_price,dummy,development|BTC/USDT|2023-07-17T01:00:00+00:00,0.29357798165137616
2,return_above_0_5_percent,C_price,dummy,development|ETH/USDT|2023-07-19T12:00:00+00:00,0.29357798165137616
2,return_above_0_5_percent,C_price,dummy,development|BTC/USDT|2023-07-19T18:00:00+00:00,0.29357798165137616
2,return_above_0_5_percent,C_price,dummy,development|ETH/USDT|2023-07-20T11:00:00+00:00,0.29357798165137616
2,return_above_0_5_percent,C_price,dummy,development|BTC/USDT|2023-07-22T10:00:00+00:00,0.29357798165137616
2,return_above_0_5_percent,C_price,dummy,development|BTC/USDT|2023-07-23T18:00:00+00:00,0.29357798165137616
2,return_above_0_5_percent,C_price,dummy,development|ETH/USDT|2023-07-26T02:00:00+00:00,0.29357798165137616
2,return_above_0_5_percent,C_price,dummy,development|BTC/USDT|2023-07-26T08:00:00+00:00,0.29357798165137616
2,return_above_0_5_percent,C_price,dummy,development|ETH/USDT|2023-07-29T00:00:00+00:00,0.29357798165137616
2,return_above_0_5_percent,C_price,dummy,development|BTC/USDT|2023-07-29T05:00:00+00:00,0.29357798165137616
2,return_above_0_5_percent,C_price,dummy,development|BTC/USDT|2023-07-30T17:00:00+00:00,0.29357798165137616
2,return_above_0_5_percent,C_price,dummy,development|BTC/USDT|2023-07-31T04:00:00+00:00,0.29357798165137616
2,return_above_0_5_percent,C_price,dummy,development|BTC/USDT|2023-08-02T05:00:00+00:00,0.29357798165137616
2,return_above_0_5_percent,C_price,dummy,development|ETH/USDT|2023-08-02T08:00:00+00:00,0.29357798165137616
2,return_above_0_5_percent,C_price,dummy,development|BTC/USDT|2023-08-04T10:00:00+00:00,0.29357798165137616
2,return_above_0_5_percent,C_price,dummy,development|ETH/USDT|2023-08-06T06:00:00+00:00,0.29357798165137616
2,return_above_0_5_percent,C_price,dummy,development|BTC/USDT|2023-08-06T19:00:00+00:00,0.29357798165137616
2,return_above_0_5_percent,C_price,dummy,development|ETH/USDT|2023-08-07T09:00:00+00:00,0.29357798165137616
2,return_above_0_5_percent,C_price,dummy,development|ETH/USDT|2023-08-08T15:00:00+00:00,0.29357798165137616
2,return_above_0_5_percent,C_price,dummy,development|ETH/USDT|2023-08-12T16:00:00+00:00,0.29357798165137616
2,return_above_0_5_percent,C_price,dummy,development|BTC/USDT|2023-08-13T00:00:00+00:00,0.29357798165137616
2,return_above_0_5_percent,C_price,dummy,development|BTC/USDT|2023-08-14T18:00:00+00:00,0.29357798165137616
2,return_above_0_5_percent,C_price,dummy,development|ETH/USDT|2023-08-20T04:00:00+00:00,0.29357798165137616
2,return_above_0_5_percent,C_price,dummy,development|BTC/USDT|2023-08-20T09:00:00+00:00,0.29357798165137616
2,return_above_0_5_percent,C_price,dummy,development|BTC/USDT|2023-08-23T18:00:00+00:00,0.29357798165137616
2,return_above_0_5_percent,C_price,dummy,development|ETH/USDT|2023-08-23T22:00:00+00:00,0.29357798165137616
2,return_above_0_5_percent,C_price,dummy,development|BTC/USDT|2023-08-26T16:00:00+00:00,0.29357798165137616
2,return_above_0_5_percent,C_price,dummy,development|ETH/USDT|2023-08-26T16:00:00+00:00,0.29357798165137616
2,return_above_0_5_percent,C_price,dummy,development|BTC/USDT|2023-08-27T13:00:00+00:00,0.29357798165137616
2,return_above_0_5_percent,C_price,dummy,development|ETH/USDT|2023-08-27T16:00:00+00:00,0.29357798165137616
2,return_above_0_5_percent,C_price,dummy,development|BTC/USDT|2023-08-29T03:00:00+00:00,0.29357798165137616
2,return_above_0_5_percent,C_price,dummy,development|ETH/USDT|2023-08-29T07:00:00+00:00,0.29357798165137616
2,return_above_0_5_percent,C_price,dummy,development|BTC/USDT|2023-08-29T15:00:00+00:00,0.29357798165137616
2,return_above_0_5_percent,C_price,dummy,development|ETH/USDT|2023-08-29T15:00:00+00:00,0.29357798165137616
2,return_above_0_5_percent,C_price,dummy,development|ETH/USDT|2023-09-03T05:00:00+00:00,0.29357798165137616
2,return_above_0_5_percent,C_price,dummy,development|BTC/USDT|2023-09-03T06:00:00+00:00,0.29357798165137616
2,return_above_0_5_percent,C_price,dummy,development|ETH/USDT|2023-09-06T01:00:00+00:00,0.29357798165137616
2,return_above_0_5_percent,C_price,dummy,development|BTC/USDT|2023-09-07T13:00:00+00:00,0.29357798165137616
2,return_above_0_5_percent,C_price,dummy,development|BTC/USDT|2023-09-07T15:00:00+00:00,0.29357798165137616
2,return_above_0_5_percent,C_price,dummy,development|BTC/USDT|2023-09-12T16:00:00+00:00,0.29357798165137616
2,return_above_0_5_percent,C_price,dummy,development|ETH/USDT|2023-09-12T21:00:00+00:00,0.29357798165137616
2,return_above_0_5_percent,C_price,dummy,development|BTC/USDT|2023-09-16T14:00:00+00:00,0.29357798165137616
2,return_above_0_5_percent,C_price,dummy,development|BTC/USDT|2023-09-18T05:00:00+00:00,0.29357798165137616
2,return_above_0_5_percent,C_price,dummy,development|ETH/USDT|2023-09-18T14:00:00+00:00,0.29357798165137616
2,return_above_0_5_percent,C_price,dummy,development|ETH/USDT|2023-09-23T08:00:00+00:00,0.29357798165137616
2,return_above_0_5_percent,C_price,dummy,development|BTC/USDT|2023-09-24T12:00:00+00:00,0.29357798165137616
2,return_above_0_5_percent,C_price,dummy,development|ETH/USDT|2023-09-24T15:00:00+00:00,0.29357798165137616
2,return_above_0_5_percent,C_price,dummy,development|BTC/USDT|2023-09-24T18:00:00+00:00,0.29357798165137616
2,return_above_0_5_percent,C_price,dummy,development|ETH/USDT|2023-09-26T08:00:00+00:00,0.29357798165137616
2,return_above_0_5_percent,C_price,dummy,development|BTC/USDT|2023-09-26T21:00:00+00:00,0.29357798165137616
2,return_above_0_5_percent,C_price,dummy,development|BTC/USDT|2023-09-27T12:00:00+00:00,0.29357798165137616
2,return_above_0_5_percent,C_price,dummy,development|BTC/USDT|2023-09-30T22:00:00+00:00,0.29357798165137616
2,return_above_0_5_percent,C_price,logistic,development|BTC/USDT|2023-07-02T01:00:00+00:00,0.2944329995444745
2,return_above_0_5_percent,C_price,logistic,development|ETH/USDT|2023-07-03T02:00:00+00:00,0.09615397036195389
2,return_above_0_5_percent,C_price,logistic,development|BTC/USDT|2023-07-08T13:00:00+00:00,0.3815205372292418
2,return_above_0_5_percent,C_price,logistic,development|BTC/USDT|2023-07-09T09:00:00+00:00,0.14385819390803128
2,return_above_0_5_percent,C_price,logistic,development|BTC/USDT|2023-07-09T15:00:00+00:00,0.1784708714234758
2,return_above_0_5_percent,C_price,logistic,development|ETH/USDT|2023-07-09T15:00:00+00:00,0.4268406441956028
2,return_above_0_5_percent,C_price,logistic,development|BTC/USDT|2023-07-10T21:00:00+00:00,0.33685174261708367
2,return_above_0_5_percent,C_price,logistic,development|ETH/USDT|2023-07-10T21:00:00+00:00,0.28716277921770117
2,return_above_0_5_percent,C_price,logistic,development|ETH/USDT|2023-07-13T17:00:00+00:00,0.1215087614189308
2,return_above_0_5_percent,C_price,logistic,development|BTC/USDT|2023-07-13T20:00:00+00:00,0.18837204978427846
2,return_above_0_5_percent,C_price,logistic,development|BTC/USDT|2023-07-16T20:00:00+00:00,0.304088599468167
2,return_above_0_5_percent,C_price,logistic,development|BTC/USDT|2023-07-17T01:00:00+00:00,0.2830827605052904
2,return_above_0_5_percent,C_price,logistic,development|ETH/USDT|2023-07-19T12:00:00+00:00,0.4209379669242859
2,return_above_0_5_percent,C_price,logistic,development|BTC/USDT|2023-07-19T18:00:00+00:00,0.26133389812992747
2,return_above_0_5_percent,C_price,logistic,development|ETH/USDT|2023-07-20T11:00:00+00:00,0.2518504927287412
2,return_above_0_5_percent,C_price,logistic,development|BTC/USDT|2023-07-22T10:00:00+00:00,0.2586089680801012
2,return_above_0_5_percent,C_price,logistic,development|BTC/USDT|2023-07-23T18:00:00+00:00,0.12049664655762893
2,return_above_0_5_percent,C_price,logistic,development|ETH/USDT|2023-07-26T02:00:00+00:00,0.3417257275777721
2,return_above_0_5_percent,C_price,logistic,development|BTC/USDT|2023-07-26T08:00:00+00:00,0.32436694374849956
2,return_above_0_5_percent,C_price,logistic,development|ETH/USDT|2023-07-29T00:00:00+00:00,0.14833900214114845
2,return_above_0_5_percent,C_price,logistic,development|BTC/USDT|2023-07-29T05:00:00+00:00,0.2673568423317576
2,return_above_0_5_percent,C_price,logistic,development|BTC/USDT|2023-07-30T17:00:00+00:00,0.16136446797123874
2,return_above_0_5_percent,C_price,logistic,development|BTC/USDT|2023-07-31T04:00:00+00:00,0.11493089600103151
2,return_above_0_5_percent,C_price,logistic,development|BTC/USDT|2023-08-02T05:00:00+00:00,0.22567234807328398
2,return_above_0_5_percent,C_price,logistic,development|ETH/USDT|2023-08-02T08:00:00+00:00,0.3774887040550017
2,return_above_0_5_percent,C_price,logistic,development|BTC/USDT|2023-08-04T10:00:00+00:00,0.19608074522760527
2,return_above_0_5_percent,C_price,logistic,development|ETH/USDT|2023-08-06T06:00:00+00:00,0.2039442816754786
2,return_above_0_5_percent,C_price,logistic,development|BTC/USDT|2023-08-06T19:00:00+00:00,0.233414358301163
2,return_above_0_5_percent,C_price,logistic,development|ETH/USDT|2023-08-07T09:00:00+00:00,0.11449784501871761
2,return_above_0_5_percent,C_price,logistic,development|ETH/USDT|2023-08-08T15:00:00+00:00,0.17408327786532984
2,return_above_0_5_percent,C_price,logistic,development|ETH/USDT|2023-08-12T16:00:00+00:00,0.21279282558157273
2,return_above_0_5_percent,C_price,logistic,development|BTC/USDT|2023-08-13T00:00:00+00:00,0.23875028819385305
2,return_above_0_5_percent,C_price,logistic,development|BTC/USDT|2023-08-14T18:00:00+00:00,0.17195201096816043
2,return_above_0_5_percent,C_price,logistic,development|ETH/USDT|2023-08-20T04:00:00+00:00,0.699744951223523
2,return_above_0_5_percent,C_price,logistic,development|BTC/USDT|2023-08-20T09:00:00+00:00,0.6649400855955593
2,return_above_0_5_percent,C_price,logistic,development|BTC/USDT|2023-08-23T18:00:00+00:00,0.3137204685314889
2,return_above_0_5_percent,C_price,logistic,development|ETH/USDT|2023-08-23T22:00:00+00:00,0.6648659673716776
2,return_above_0_5_percent,C_price,logistic,development|BTC/USDT|2023-08-26T16:00:00+00:00,0.22804504404119083
2,return_above_0_5_percent,C_price,logistic,development|ETH/USDT|2023-08-26T16:00:00+00:00,0.2589715188375676
2,return_above_0_5_percent,C_price,logistic,development|BTC/USDT|2023-08-27T13:00:00+00:00,0.15048094982298799
2,return_above_0_5_percent,C_price,logistic,development|ETH/USDT|2023-08-27T16:00:00+00:00,0.20703439864777218
2,return_above_0_5_percent,C_price,logistic,development|BTC/USDT|2023-08-29T03:00:00+00:00,0.25831416255995243
2,return_above_0_5_percent,C_price,logistic,development|ETH/USDT|2023-08-29T07:00:00+00:00,0.1724143617056852
2,return_above_0_5_percent,C_price,logistic,development|BTC/USDT|2023-08-29T15:00:00+00:00,0.012543834499063955
2,return_above_0_5_percent,C_price,logistic,development|ETH/USDT|2023-08-29T15:00:00+00:00,0.025598725173042257
2,return_above_0_5_percent,C_price,logistic,development|ETH/USDT|2023-09-03T05:00:00+00:00,0.41366626247812155
2,return_above_0_5_percent,C_price,logistic,development|BTC/USDT|2023-09-03T06:00:00+00:00,0.37460187822240265
2,return_above_0_5_percent,C_price,logistic,development|ETH/USDT|2023-09-06T01:00:00+00:00,0.34135972721212543
2,return_above_0_5_percent,C_price,logistic,development|BTC/USDT|2023-09-07T13:00:00+00:00,0.26961600038528016
2,return_above_0_5_percent,C_price,logistic,development|BTC/USDT|2023-09-07T15:00:00+00:00,0.1474816509349581
2,return_above_0_5_percent,C_price,logistic,development|BTC/USDT|2023-09-12T16:00:00+00:00,0.24644058717148593
2,return_above_0_5_percent,C_price,logistic,development|ETH/USDT|2023-09-12T21:00:00+00:00,0.6799904532426259
2,return_above_0_5_percent,C_price,logistic,development|BTC/USDT|2023-09-16T14:00:00+00:00,0.32486289580598404
2,return_above_0_5_percent,C_price,logistic,development|BTC/USDT|2023-09-18T05:00:00+00:00,0.1865026982761174
2,return_above_0_5_percent,C_price,logistic,development|ETH/USDT|2023-09-18T14:00:00+00:00,0.3232297146591466
2,return_above_0_5_percent,C_price,logistic,development|ETH/USDT|2023-09-23T08:00:00+00:00,0.41611760526327407
2,return_above_0_5_percent,C_price,logistic,development|BTC/USDT|2023-09-24T12:00:00+00:00,0.22268844399169965
2,return_above_0_5_percent,C_price,logistic,development|ETH/USDT|2023-09-24T15:00:00+00:00,0.21269495765817853
2,return_above_0_5_percent,C_price,logistic,development|BTC/USDT|2023-09-24T18:00:00+00:00,0.1525684858621288
2,return_above_0_5_percent,C_price,logistic,development|ETH/USDT|2023-09-26T08:00:00+00:00,0.35452063833296527
2,return_above_0_5_percent,C_price,logistic,development|BTC/USDT|2023-09-26T21:00:00+00:00,0.2718301389636654
2,return_above_0_5_percent,C_price,logistic,development|BTC/USDT|2023-09-27T12:00:00+00:00,0.13062325749553005
2,return_above_0_5_percent,C_price,logistic,development|BTC/USDT|2023-09-30T22:00:00+00:00,0.21041301663214187
2,return_above_0_5_percent,C_price,forest,development|BTC/USDT|2023-07-02T01:00:00+00:00,0.27036489788349316
2,return_above_0_5_percent,C_price,forest,development|ETH/USDT|2023-07-03T02:00:00+00:00,0.0715485347112697
2,return_above_0_5_percent,C_price,forest,development|BTC/USDT|2023-07-08T13:00:00+00:00,0.24401175922650217
2,return_above_0_5_percent,C_price,forest,development|BTC/USDT|2023-07-09T09:00:00+00:00,0.26740037951024354
2,return_above_0_5_percent,C_price,forest,development|BTC/USDT|2023-07-09T15:00:00+00:00,0.21022685917001904
2,return_above_0_5_percent,C_price,forest,development|ETH/USDT|2023-07-09T15:00:00+00:00,0.33032766296268146
2,return_above_0_5_percent,C_price,forest,development|BTC/USDT|2023-07-10T21:00:00+00:00,0.3707801324645694
2,return_above_0_5_percent,C_price,forest,development|ETH/USDT|2023-07-10T21:00:00+00:00,0.31650084511552024
2,return_above_0_5_percent,C_price,forest,development|ETH/USDT|2023-07-13T17:00:00+00:00,0.12920026142724036
2,return_above_0_5_percent,C_price,forest,development|BTC/USDT|2023-07-13T20:00:00+00:00,0.0730940212028082
2,return_above_0_5_percent,C_price,forest,development|BTC/USDT|2023-07-16T20:00:00+00:00,0.3131417453925873
2,return_above_0_5_percent,C_price,forest,development|BTC/USDT|2023-07-17T01:00:00+00:00,0.34078247399553013
2,return_above_0_5_percent,C_price,forest,development|ETH/USDT|2023-07-19T12:00:00+00:00,0.3486297427978069
2,return_above_0_5_percent,C_price,forest,development|BTC/USDT|2023-07-19T18:00:00+00:00,0.37772183280411586
2,return_above_0_5_percent,C_price,forest,development|ETH/USDT|2023-07-20T11:00:00+00:00,0.3834570496992512
2,return_above_0_5_percent,C_price,forest,development|BTC/USDT|2023-07-22T10:00:00+00:00,0.27007233384743995
2,return_above_0_5_percent,C_price,forest,development|BTC/USDT|2023-07-23T18:00:00+00:00,0.2574409416605785
2,return_above_0_5_percent,C_price,forest,development|ETH/USDT|2023-07-26T02:00:00+00:00,0.28290090389138495
2,return_above_0_5_percent,C_price,forest,development|BTC/USDT|2023-07-26T08:00:00+00:00,0.3205672791088026
2,return_above_0_5_percent,C_price,forest,development|ETH/USDT|2023-07-29T00:00:00+00:00,0.22179307135620926
2,return_above_0_5_percent,C_price,forest,development|BTC/USDT|2023-07-29T05:00:00+00:00,0.2647475440318843
2,return_above_0_5_percent,C_price,forest,development|BTC/USDT|2023-07-30T17:00:00+00:00,0.2233631101692265
2,return_above_0_5_percent,C_price,forest,development|BTC/USDT|2023-07-31T04:00:00+00:00,0.2005519158653397
2,return_above_0_5_percent,C_price,forest,development|BTC/USDT|2023-08-02T05:00:00+00:00,0.27531159249692644
2,return_above_0_5_percent,C_price,forest,development|ETH/USDT|2023-08-02T08:00:00+00:00,0.45291466066081504
2,return_above_0_5_percent,C_price,forest,development|BTC/USDT|2023-08-04T10:00:00+00:00,0.19378131296263856
2,return_above_0_5_percent,C_price,forest,development|ETH/USDT|2023-08-06T06:00:00+00:00,0.18539987484520037
2,return_above_0_5_percent,C_price,forest,development|BTC/USDT|2023-08-06T19:00:00+00:00,0.30631365992864673
2,return_above_0_5_percent,C_price,forest,development|ETH/USDT|2023-08-07T09:00:00+00:00,0.21163687291597547
2,return_above_0_5_percent,C_price,forest,development|ETH/USDT|2023-08-08T15:00:00+00:00,0.22743395779889458
2,return_above_0_5_percent,C_price,forest,development|ETH/USDT|2023-08-12T16:00:00+00:00,0.19446250862672457
2,return_above_0_5_percent,C_price,forest,development|BTC/USDT|2023-08-13T00:00:00+00:00,0.18623239777973638
2,return_above_0_5_percent,C_price,forest,development|BTC/USDT|2023-08-14T18:00:00+00:00,0.18279586238021636
2,return_above_0_5_percent,C_price,forest,development|ETH/USDT|2023-08-20T04:00:00+00:00,0.4322421253800522
2,return_above_0_5_percent,C_price,forest,development|BTC/USDT|2023-08-20T09:00:00+00:00,0.33869988321202643
2,return_above_0_5_percent,C_price,forest,development|BTC/USDT|2023-08-23T18:00:00+00:00,0.3834627802555377
2,return_above_0_5_percent,C_price,forest,development|ETH/USDT|2023-08-23T22:00:00+00:00,0.44008241481066507
2,return_above_0_5_percent,C_price,forest,development|BTC/USDT|2023-08-26T16:00:00+00:00,0.24476869327903203
2,return_above_0_5_percent,C_price,forest,development|ETH/USDT|2023-08-26T16:00:00+00:00,0.22484644169521026
2,return_above_0_5_percent,C_price,forest,development|BTC/USDT|2023-08-27T13:00:00+00:00,0.2470085612034657
2,return_above_0_5_percent,C_price,forest,development|ETH/USDT|2023-08-27T16:00:00+00:00,0.22451034702488873
2,return_above_0_5_percent,C_price,forest,development|BTC/USDT|2023-08-29T03:00:00+00:00,0.2259687876976783
2,return_above_0_5_percent,C_price,forest,development|ETH/USDT|2023-08-29T07:00:00+00:00,0.23537178740191192
2,return_above_0_5_percent,C_price,forest,development|BTC/USDT|2023-08-29T15:00:00+00:00,0.17762790753337612
2,return_above_0_5_percent,C_price,forest,development|ETH/USDT|2023-08-29T15:00:00+00:00,0.20871118856039114
2,return_above_0_5_percent,C_price,forest,development|ETH/USDT|2023-09-03T05:00:00+00:00,0.27879315531142285
2,return_above_0_5_percent,C_price,forest,development|BTC/USDT|2023-09-03T06:00:00+00:00,0.27453304309347915
2,return_above_0_5_percent,C_price,forest,development|ETH/USDT|2023-09-06T01:00:00+00:00,0.29593569643046275
2,return_above_0_5_percent,C_price,forest,development|BTC/USDT|2023-09-07T13:00:00+00:00,0.37321460284824676
2,return_above_0_5_percent,C_price,forest,development|BTC/USDT|2023-09-07T15:00:00+00:00,0.2661629033769631
2,return_above_0_5_percent,C_price,forest,development|BTC/USDT|2023-09-12T16:00:00+00:00,0.15504694366369412
2,return_above_0_5_percent,C_price,forest,development|ETH/USDT|2023-09-12T21:00:00+00:00,0.5053489050385693
2,return_above_0_5_percent,C_price,forest,development|BTC/USDT|2023-09-16T14:00:00+00:00,0.3447229103380085
2,return_above_0_5_percent,C_price,forest,development|BTC/USDT|2023-09-18T05:00:00+00:00,0.21854790890864362
2,return_above_0_5_percent,C_price,forest,development|ETH/USDT|2023-09-18T14:00:00+00:00,0.2033725969324804
2,return_above_0_5_percent,C_price,forest,development|ETH/USDT|2023-09-23T08:00:00+00:00,0.30593629483189283
2,return_above_0_5_percent,C_price,forest,development|BTC/USDT|2023-09-24T12:00:00+00:00,0.19701960229364893
2,return_above_0_5_percent,C_price,forest,development|ETH/USDT|2023-09-24T15:00:00+00:00,0.22888989983411925
2,return_above_0_5_percent,C_price,forest,development|BTC/USDT|2023-09-24T18:00:00+00:00,0.21946456506152823
2,return_above_0_5_percent,C_price,forest,development|ETH/USDT|2023-09-26T08:00:00+00:00,0.29481023694237335
2,return_above_0_5_percent,C_price,forest,development|BTC/USDT|2023-09-26T21:00:00+00:00,0.31351102395215347
2,return_above_0_5_percent,C_price,forest,development|BTC/USDT|2023-09-27T12:00:00+00:00,0.2893085816901857
2,return_above_0_5_percent,C_price,forest,development|BTC/USDT|2023-09-30T22:00:00+00:00,0.20232939971639738
2,return_above_0_5_percent,C_price,hist_gradient,development|BTC/USDT|2023-07-02T01:00:00+00:00,0.2774518965489706
2,return_above_0_5_percent,C_price,hist_gradient,development|ETH/USDT|2023-07-03T02:00:00+00:00,0.156967539978965
2,return_above_0_5_percent,C_price,hist_gradient,development|BTC/USDT|2023-07-08T13:00:00+00:00,0.21956844923400615
2,return_above_0_5_percent,C_price,hist_gradient,development|BTC/USDT|2023-07-09T09:00:00+00:00,0.22157220200696034
2,return_above_0_5_percent,C_price,hist_gradient,development|BTC/USDT|2023-07-09T15:00:00+00:00,0.17971562625239362
2,return_above_0_5_percent,C_price,hist_gradient,development|ETH/USDT|2023-07-09T15:00:00+00:00,0.21434217987993948
2,return_above_0_5_percent,C_price,hist_gradient,development|BTC/USDT|2023-07-10T21:00:00+00:00,0.2901001714363704
2,return_above_0_5_percent,C_price,hist_gradient,development|ETH/USDT|2023-07-10T21:00:00+00:00,0.25150016323239277
2,return_above_0_5_percent,C_price,hist_gradient,development|ETH/USDT|2023-07-13T17:00:00+00:00,0.1599323446853432
2,return_above_0_5_percent,C_price,hist_gradient,development|BTC/USDT|2023-07-13T20:00:00+00:00,0.1399057201238143
2,return_above_0_5_percent,C_price,hist_gradient,development|BTC/USDT|2023-07-16T20:00:00+00:00,0.21337848889703104
2,return_above_0_5_percent,C_price,hist_gradient,development|BTC/USDT|2023-07-17T01:00:00+00:00,0.23677458814289326
2,return_above_0_5_percent,C_price,hist_gradient,development|ETH/USDT|2023-07-19T12:00:00+00:00,0.28126461246175405
2,return_above_0_5_percent,C_price,hist_gradient,development|BTC/USDT|2023-07-19T18:00:00+00:00,0.29568230647885807
2,return_above_0_5_percent,C_price,hist_gradient,development|ETH/USDT|2023-07-20T11:00:00+00:00,0.372950481319
2,return_above_0_5_percent,C_price,hist_gradient,development|BTC/USDT|2023-07-22T10:00:00+00:00,0.3389015906390436
2,return_above_0_5_percent,C_price,hist_gradient,development|BTC/USDT|2023-07-23T18:00:00+00:00,0.2868036065274778
2,return_above_0_5_percent,C_price,hist_gradient,development|ETH/USDT|2023-07-26T02:00:00+00:00,0.22527115742909412
2,return_above_0_5_percent,C_price,hist_gradient,development|BTC/USDT|2023-07-26T08:00:00+00:00,0.24296591032988687
2,return_above_0_5_percent,C_price,hist_gradient,development|ETH/USDT|2023-07-29T00:00:00+00:00,0.2844117701169755
2,return_above_0_5_percent,C_price,hist_gradient,development|BTC/USDT|2023-07-29T05:00:00+00:00,0.1950339639668605
2,return_above_0_5_percent,C_price,hist_gradient,development|BTC/USDT|2023-07-30T17:00:00+00:00,0.22303664564612244
2,return_above_0_5_percent,C_price,hist_gradient,development|BTC/USDT|2023-07-31T04:00:00+00:00,0.21072424800250902
2,return_above_0_5_percent,C_price,hist_gradient,development|BTC/USDT|2023-08-02T05:00:00+00:00,0.23117674262923393
2,return_above_0_5_percent,C_price,hist_gradient,development|ETH/USDT|2023-08-02T08:00:00+00:00,0.3792247702107537
2,return_above_0_5_percent,C_price,hist_gradient,development|BTC/USDT|2023-08-04T10:00:00+00:00,0.1901781990776274
2,return_above_0_5_percent,C_price,hist_gradient,development|ETH/USDT|2023-08-06T06:00:00+00:00,0.21383925957586744
2,return_above_0_5_percent,C_price,hist_gradient,development|BTC/USDT|2023-08-06T19:00:00+00:00,0.25974579073526594
2,return_above_0_5_percent,C_price,hist_gradient,development|ETH/USDT|2023-08-07T09:00:00+00:00,0.240063783358927
2,return_above_0_5_percent,C_price,hist_gradient,development|ETH/USDT|2023-08-08T15:00:00+00:00,0.17550437621006879
2,return_above_0_5_percent,C_price,hist_gradient,development|ETH/USDT|2023-08-12T16:00:00+00:00,0.2435077337679657
2,return_above_0_5_percent,C_price,hist_gradient,development|BTC/USDT|2023-08-13T00:00:00+00:00,0.22400396532713884
2,return_above_0_5_percent,C_price,hist_gradient,development|BTC/USDT|2023-08-14T18:00:00+00:00,0.23210822620250518
2,return_above_0_5_percent,C_price,hist_gradient,development|ETH/USDT|2023-08-20T04:00:00+00:00,0.4228329892937496
2,return_above_0_5_percent,C_price,hist_gradient,development|BTC/USDT|2023-08-20T09:00:00+00:00,0.33160960438603065
2,return_above_0_5_percent,C_price,hist_gradient,development|BTC/USDT|2023-08-23T18:00:00+00:00,0.34576089769902296
2,return_above_0_5_percent,C_price,hist_gradient,development|ETH/USDT|2023-08-23T22:00:00+00:00,0.5546195656439153
2,return_above_0_5_percent,C_price,hist_gradient,development|BTC/USDT|2023-08-26T16:00:00+00:00,0.2435077337679657
2,return_above_0_5_percent,C_price,hist_gradient,development|ETH/USDT|2023-08-26T16:00:00+00:00,0.19158263375098908
2,return_above_0_5_percent,C_price,hist_gradient,development|BTC/USDT|2023-08-27T13:00:00+00:00,0.22697805164778803
2,return_above_0_5_percent,C_price,hist_gradient,development|ETH/USDT|2023-08-27T16:00:00+00:00,0.21026065871157304
2,return_above_0_5_percent,C_price,hist_gradient,development|BTC/USDT|2023-08-29T03:00:00+00:00,0.22306506867902573
2,return_above_0_5_percent,C_price,hist_gradient,development|ETH/USDT|2023-08-29T07:00:00+00:00,0.250888000921098
2,return_above_0_5_percent,C_price,hist_gradient,development|BTC/USDT|2023-08-29T15:00:00+00:00,0.1599323446853432
2,return_above_0_5_percent,C_price,hist_gradient,development|ETH/USDT|2023-08-29T15:00:00+00:00,0.1599323446853432
2,return_above_0_5_percent,C_price,hist_gradient,development|ETH/USDT|2023-09-03T05:00:00+00:00,0.20789605311717638
2,return_above_0_5_percent,C_price,hist_gradient,development|BTC/USDT|2023-09-03T06:00:00+00:00,0.2200465159765678
2,return_above_0_5_percent,C_price,hist_gradient,development|ETH/USDT|2023-09-06T01:00:00+00:00,0.18828362854155756
2,return_above_0_5_percent,C_price,hist_gradient,development|BTC/USDT|2023-09-07T13:00:00+00:00,0.29843467415284225
2,return_above_0_5_percent,C_price,hist_gradient,development|BTC/USDT|2023-09-07T15:00:00+00:00,0.31157259746590327
2,return_above_0_5_percent,C_price,hist_gradient,development|BTC/USDT|2023-09-12T16:00:00+00:00,0.18053906070934883
2,return_above_0_5_percent,C_price,hist_gradient,development|ETH/USDT|2023-09-12T21:00:00+00:00,0.5330832921535249
2,return_above_0_5_percent,C_price,hist_gradient,development|BTC/USDT|2023-09-16T14:00:00+00:00,0.33637549150292334
2,return_above_0_5_percent,C_price,hist_gradient,development|BTC/USDT|2023-09-18T05:00:00+00:00,0.1722169026400547
2,return_above_0_5_percent,C_price,hist_gradient,development|ETH/USDT|2023-09-18T14:00:00+00:00,0.18914246655524436
2,return_above_0_5_percent,C_price,hist_gradient,development|ETH/USDT|2023-09-23T08:00:00+00:00,0.2390676671777409
2,return_above_0_5_percent,C_price,hist_gradient,development|BTC/USDT|2023-09-24T12:00:00+00:00,0.24949006232942386
2,return_above_0_5_percent,C_price,hist_gradient,development|ETH/USDT|2023-09-24T15:00:00+00:00,0.20356945361462989
2,return_above_0_5_percent,C_price,hist_gradient,development|BTC/USDT|2023-09-24T18:00:00+00:00,0.22684778248046125
2,return_above_0_5_percent,C_price,hist_gradient,development|ETH/USDT|2023-09-26T08:00:00+00:00,0.2208708575324874
2,return_above_0_5_percent,C_price,hist_gradient,development|BTC/USDT|2023-09-26T21:00:00+00:00,0.23574030277337285
2,return_above_0_5_percent,C_price,hist_gradient,development|BTC/USDT|2023-09-27T12:00:00+00:00,0.1939589249448204
2,return_above_0_5_percent,C_price,hist_gradient,development|BTC/USDT|2023-09-30T22:00:00+00:00,0.1843421068699596
2,return_above_0_5_percent,D_price_volatility,dummy,development|BTC/USDT|2023-07-02T01:00:00+00:00,0.29357798165137616
2,return_above_0_5_percent,D_price_volatility,dummy,development|ETH/USDT|2023-07-03T02:00:00+00:00,0.29357798165137616
2,return_above_0_5_percent,D_price_volatility,dummy,development|BTC/USDT|2023-07-08T13:00:00+00:00,0.29357798165137616
2,return_above_0_5_percent,D_price_volatility,dummy,development|BTC/USDT|2023-07-09T09:00:00+00:00,0.29357798165137616
2,return_above_0_5_percent,D_price_volatility,dummy,development|BTC/USDT|2023-07-09T15:00:00+00:00,0.29357798165137616
2,return_above_0_5_percent,D_price_volatility,dummy,development|ETH/USDT|2023-07-09T15:00:00+00:00,0.29357798165137616
2,return_above_0_5_percent,D_price_volatility,dummy,development|BTC/USDT|2023-07-10T21:00:00+00:00,0.29357798165137616
2,return_above_0_5_percent,D_price_volatility,dummy,development|ETH/USDT|2023-07-10T21:00:00+00:00,0.29357798165137616
2,return_above_0_5_percent,D_price_volatility,dummy,development|ETH/USDT|2023-07-13T17:00:00+00:00,0.29357798165137616
2,return_above_0_5_percent,D_price_volatility,dummy,development|BTC/USDT|2023-07-13T20:00:00+00:00,0.29357798165137616
2,return_above_0_5_percent,D_price_volatility,dummy,development|BTC/USDT|2023-07-16T20:00:00+00:00,0.29357798165137616
2,return_above_0_5_percent,D_price_volatility,dummy,development|BTC/USDT|2023-07-17T01:00:00+00:00,0.29357798165137616
2,return_above_0_5_percent,D_price_volatility,dummy,development|ETH/USDT|2023-07-19T12:00:00+00:00,0.29357798165137616
2,return_above_0_5_percent,D_price_volatility,dummy,development|BTC/USDT|2023-07-19T18:00:00+00:00,0.29357798165137616
2,return_above_0_5_percent,D_price_volatility,dummy,development|ETH/USDT|2023-07-20T11:00:00+00:00,0.29357798165137616
2,return_above_0_5_percent,D_price_volatility,dummy,development|BTC/USDT|2023-07-22T10:00:00+00:00,0.29357798165137616
2,return_above_0_5_percent,D_price_volatility,dummy,development|BTC/USDT|2023-07-23T18:00:00+00:00,0.29357798165137616
2,return_above_0_5_percent,D_price_volatility,dummy,development|ETH/USDT|2023-07-26T02:00:00+00:00,0.29357798165137616
2,return_above_0_5_percent,D_price_volatility,dummy,development|BTC/USDT|2023-07-26T08:00:00+00:00,0.29357798165137616
2,return_above_0_5_percent,D_price_volatility,dummy,development|ETH/USDT|2023-07-29T00:00:00+00:00,0.29357798165137616
2,return_above_0_5_percent,D_price_volatility,dummy,development|BTC/USDT|2023-07-29T05:00:00+00:00,0.29357798165137616
2,return_above_0_5_percent,D_price_volatility,dummy,development|BTC/USDT|2023-07-30T17:00:00+00:00,0.29357798165137616
2,return_above_0_5_percent,D_price_volatility,dummy,development|BTC/USDT|2023-07-31T04:00:00+00:00,0.29357798165137616
2,return_above_0_5_percent,D_price_volatility,dummy,development|BTC/USDT|2023-08-02T05:00:00+00:00,0.29357798165137616
2,return_above_0_5_percent,D_price_volatility,dummy,development|ETH/USDT|2023-08-02T08:00:00+00:00,0.29357798165137616
2,return_above_0_5_percent,D_price_volatility,dummy,development|BTC/USDT|2023-08-04T10:00:00+00:00,0.29357798165137616
2,return_above_0_5_percent,D_price_volatility,dummy,development|ETH/USDT|2023-08-06T06:00:00+00:00,0.29357798165137616
2,return_above_0_5_percent,D_price_volatility,dummy,development|BTC/USDT|2023-08-06T19:00:00+00:00,0.29357798165137616
2,return_above_0_5_percent,D_price_volatility,dummy,development|ETH/USDT|2023-08-07T09:00:00+00:00,0.29357798165137616
2,return_above_0_5_percent,D_price_volatility,dummy,development|ETH/USDT|2023-08-08T15:00:00+00:00,0.29357798165137616
2,return_above_0_5_percent,D_price_volatility,dummy,development|ETH/USDT|2023-08-12T16:00:00+00:00,0.29357798165137616
2,return_above_0_5_percent,D_price_volatility,dummy,development|BTC/USDT|2023-08-13T00:00:00+00:00,0.29357798165137616
2,return_above_0_5_percent,D_price_volatility,dummy,development|BTC/USDT|2023-08-14T18:00:00+00:00,0.29357798165137616
2,return_above_0_5_percent,D_price_volatility,dummy,development|ETH/USDT|2023-08-20T04:00:00+00:00,0.29357798165137616
2,return_above_0_5_percent,D_price_volatility,dummy,development|BTC/USDT|2023-08-20T09:00:00+00:00,0.29357798165137616
2,return_above_0_5_percent,D_price_volatility,dummy,development|BTC/USDT|2023-08-23T18:00:00+00:00,0.29357798165137616
2,return_above_0_5_percent,D_price_volatility,dummy,development|ETH/USDT|2023-08-23T22:00:00+00:00,0.29357798165137616
2,return_above_0_5_percent,D_price_volatility,dummy,development|BTC/USDT|2023-08-26T16:00:00+00:00,0.29357798165137616
2,return_above_0_5_percent,D_price_volatility,dummy,development|ETH/USDT|2023-08-26T16:00:00+00:00,0.29357798165137616
2,return_above_0_5_percent,D_price_volatility,dummy,development|BTC/USDT|2023-08-27T13:00:00+00:00,0.29357798165137616
2,return_above_0_5_percent,D_price_volatility,dummy,development|ETH/USDT|2023-08-27T16:00:00+00:00,0.29357798165137616
2,return_above_0_5_percent,D_price_volatility,dummy,development|BTC/USDT|2023-08-29T03:00:00+00:00,0.29357798165137616
2,return_above_0_5_percent,D_price_volatility,dummy,development|ETH/USDT|2023-08-29T07:00:00+00:00,0.29357798165137616
2,return_above_0_5_percent,D_price_volatility,dummy,development|BTC/USDT|2023-08-29T15:00:00+00:00,0.29357798165137616
2,return_above_0_5_percent,D_price_volatility,dummy,development|ETH/USDT|2023-08-29T15:00:00+00:00,0.29357798165137616
2,return_above_0_5_percent,D_price_volatility,dummy,development|ETH/USDT|2023-09-03T05:00:00+00:00,0.29357798165137616
2,return_above_0_5_percent,D_price_volatility,dummy,development|BTC/USDT|2023-09-03T06:00:00+00:00,0.29357798165137616
2,return_above_0_5_percent,D_price_volatility,dummy,development|ETH/USDT|2023-09-06T01:00:00+00:00,0.29357798165137616
2,return_above_0_5_percent,D_price_volatility,dummy,development|BTC/USDT|2023-09-07T13:00:00+00:00,0.29357798165137616
2,return_above_0_5_percent,D_price_volatility,dummy,development|BTC/USDT|2023-09-07T15:00:00+00:00,0.29357798165137616
2,return_above_0_5_percent,D_price_volatility,dummy,development|BTC/USDT|2023-09-12T16:00:00+00:00,0.29357798165137616
2,return_above_0_5_percent,D_price_volatility,dummy,development|ETH/USDT|2023-09-12T21:00:00+00:00,0.29357798165137616
2,return_above_0_5_percent,D_price_volatility,dummy,development|BTC/USDT|2023-09-16T14:00:00+00:00,0.29357798165137616
2,return_above_0_5_percent,D_price_volatility,dummy,development|BTC/USDT|2023-09-18T05:00:00+00:00,0.29357798165137616
2,return_above_0_5_percent,D_price_volatility,dummy,development|ETH/USDT|2023-09-18T14:00:00+00:00,0.29357798165137616
2,return_above_0_5_percent,D_price_volatility,dummy,development|ETH/USDT|2023-09-23T08:00:00+00:00,0.29357798165137616
2,return_above_0_5_percent,D_price_volatility,dummy,development|BTC/USDT|2023-09-24T12:00:00+00:00,0.29357798165137616
2,return_above_0_5_percent,D_price_volatility,dummy,development|ETH/USDT|2023-09-24T15:00:00+00:00,0.29357798165137616
2,return_above_0_5_percent,D_price_volatility,dummy,development|BTC/USDT|2023-09-24T18:00:00+00:00,0.29357798165137616
2,return_above_0_5_percent,D_price_volatility,dummy,development|ETH/USDT|2023-09-26T08:00:00+00:00,0.29357798165137616
2,return_above_0_5_percent,D_price_volatility,dummy,development|BTC/USDT|2023-09-26T21:00:00+00:00,0.29357798165137616
2,return_above_0_5_percent,D_price_volatility,dummy,development|BTC/USDT|2023-09-27T12:00:00+00:00,0.29357798165137616
2,return_above_0_5_percent,D_price_volatility,dummy,development|BTC/USDT|2023-09-30T22:00:00+00:00,0.29357798165137616
2,return_above_0_5_percent,D_price_volatility,logistic,development|BTC/USDT|2023-07-02T01:00:00+00:00,0.26852448656517774
2,return_above_0_5_percent,D_price_volatility,logistic,development|ETH/USDT|2023-07-03T02:00:00+00:00,0.10983955005432164
2,return_above_0_5_percent,D_price_volatility,logistic,development|BTC/USDT|2023-07-08T13:00:00+00:00,0.33647365486262704
2,return_above_0_5_percent,D_price_volatility,logistic,development|BTC/USDT|2023-07-09T09:00:00+00:00,0.13172855777370812
2,return_above_0_5_percent,D_price_volatility,logistic,development|BTC/USDT|2023-07-09T15:00:00+00:00,0.15383131306107017
2,return_above_0_5_percent,D_price_volatility,logistic,development|ETH/USDT|2023-07-09T15:00:00+00:00,0.372381047031751
2,return_above_0_5_percent,D_price_volatility,logistic,development|BTC/USDT|2023-07-10T21:00:00+00:00,0.3144558002193486
2,return_above_0_5_percent,D_price_volatility,logistic,development|ETH/USDT|2023-07-10T21:00:00+00:00,0.2887895920365256
2,return_above_0_5_percent,D_price_volatility,logistic,development|ETH/USDT|2023-07-13T17:00:00+00:00,0.1443296211062448
2,return_above_0_5_percent,D_price_volatility,logistic,development|BTC/USDT|2023-07-13T20:00:00+00:00,0.22830015946703008
2,return_above_0_5_percent,D_price_volatility,logistic,development|BTC/USDT|2023-07-16T20:00:00+00:00,0.2666282758329191
2,return_above_0_5_percent,D_price_volatility,logistic,development|BTC/USDT|2023-07-17T01:00:00+00:00,0.2584100488554344
2,return_above_0_5_percent,D_price_volatility,logistic,development|ETH/USDT|2023-07-19T12:00:00+00:00,0.3877220456475898
2,return_above_0_5_percent,D_price_volatility,logistic,development|BTC/USDT|2023-07-19T18:00:00+00:00,0.29850531160133426
2,return_above_0_5_percent,D_price_volatility,logistic,development|ETH/USDT|2023-07-20T11:00:00+00:00,0.25307730450417293
2,return_above_0_5_percent,D_price_volatility,logistic,development|BTC/USDT|2023-07-22T10:00:00+00:00,0.23440949401819994
2,return_above_0_5_percent,D_price_volatility,logistic,development|BTC/USDT|2023-07-23T18:00:00+00:00,0.11062649827047372
2,return_above_0_5_percent,D_price_volatility,logistic,development|ETH/USDT|2023-07-26T02:00:00+00:00,0.31018031067314045
2,return_above_0_5_percent,D_price_volatility,logistic,development|BTC/USDT|2023-07-26T08:00:00+00:00,0.32274162696653247
2,return_above_0_5_percent,D_price_volatility,logistic,development|ETH/USDT|2023-07-29T00:00:00+00:00,0.14021729563469423
2,return_above_0_5_percent,D_price_volatility,logistic,development|BTC/USDT|2023-07-29T05:00:00+00:00,0.2356324581005836
2,return_above_0_5_percent,D_price_volatility,logistic,development|BTC/USDT|2023-07-30T17:00:00+00:00,0.14871447014077968
2,return_above_0_5_percent,D_price_volatility,logistic,development|BTC/USDT|2023-07-31T04:00:00+00:00,0.1296917371391925
2,return_above_0_5_percent,D_price_volatility,logistic,development|BTC/USDT|2023-08-02T05:00:00+00:00,0.27665885960139047
2,return_above_0_5_percent,D_price_volatility,logistic,development|ETH/USDT|2023-08-02T08:00:00+00:00,0.41427250280552647
2,return_above_0_5_percent,D_price_volatility,logistic,development|BTC/USDT|2023-08-04T10:00:00+00:00,0.20100387058525512
2,return_above_0_5_percent,D_price_volatility,logistic,development|ETH/USDT|2023-08-06T06:00:00+00:00,0.19286540923145173
2,return_above_0_5_percent,D_price_volatility,logistic,development|BTC/USDT|2023-08-06T19:00:00+00:00,0.21730003642952503
2,return_above_0_5_percent,D_price_volatility,logistic,development|ETH/USDT|2023-08-07T09:00:00+00:00,0.11674180182958753
2,return_above_0_5_percent,D_price_volatility,logistic,development|ETH/USDT|2023-08-08T15:00:00+00:00,0.19458472730630563
2,return_above_0_5_percent,D_price_volatility,logistic,development|ETH/USDT|2023-08-12T16:00:00+00:00,0.20328548421613385
2,return_above_0_5_percent,D_price_volatility,logistic,development|BTC/USDT|2023-08-13T00:00:00+00:00,0.22472177994459303
2,return_above_0_5_percent,D_price_volatility,logistic,development|BTC/USDT|2023-08-14T18:00:00+00:00,0.20658561653545712
2,return_above_0_5_percent,D_price_volatility,logistic,development|ETH/USDT|2023-08-20T04:00:00+00:00,0.7638245640727667
2,return_above_0_5_percent,D_price_volatility,logistic,development|BTC/USDT|2023-08-20T09:00:00+00:00,0.7211194199175257
2,return_above_0_5_percent,D_price_volatility,logistic,development|BTC/USDT|2023-08-23T18:00:00+00:00,0.39553019312817533
2,return_above_0_5_percent,D_price_volatility,logistic,development|ETH/USDT|2023-08-23T22:00:00+00:00,0.6899902387852325
2,return_above_0_5_percent,D_price_volatility,logistic,development|BTC/USDT|2023-08-26T16:00:00+00:00,0.24541827936709767
2,return_above_0_5_percent,D_price_volatility,logistic,development|ETH/USDT|2023-08-26T16:00:00+00:00,0.28877619119644377
2,return_above_0_5_percent,D_price_volatility,logistic,development|BTC/USDT|2023-08-27T13:00:00+00:00,0.14719902253845019
2,return_above_0_5_percent,D_price_volatility,logistic,development|ETH/USDT|2023-08-27T16:00:00+00:00,0.21744612092314097
2,return_above_0_5_percent,D_price_volatility,logistic,development|BTC/USDT|2023-08-29T03:00:00+00:00,0.3073017149641681
2,return_above_0_5_percent,D_price_volatility,logistic,development|ETH/USDT|2023-08-29T07:00:00+00:00,0.20568170811387268
2,return_above_0_5_percent,D_price_volatility,logistic,development|BTC/USDT|2023-08-29T15:00:00+00:00,0.010029637267496927
2,return_above_0_5_percent,D_price_volatility,logistic,development|ETH/USDT|2023-08-29T15:00:00+00:00,0.02589215568729371
2,return_above_0_5_percent,D_price_volatility,logistic,development|ETH/USDT|2023-09-03T05:00:00+00:00,0.43558560343801844
2,return_above_0_5_percent,D_price_volatility,logistic,development|BTC/USDT|2023-09-03T06:00:00+00:00,0.37010624681665094
2,return_above_0_5_percent,D_price_volatility,logistic,development|ETH/USDT|2023-09-06T01:00:00+00:00,0.3836851908845185
2,return_above_0_5_percent,D_price_volatility,logistic,development|BTC/USDT|2023-09-07T13:00:00+00:00,0.2540686806839628
2,return_above_0_5_percent,D_price_volatility,logistic,development|BTC/USDT|2023-09-07T15:00:00+00:00,0.15783011640607456
2,return_above_0_5_percent,D_price_volatility,logistic,development|BTC/USDT|2023-09-12T16:00:00+00:00,0.30898578260117116
2,return_above_0_5_percent,D_price_volatility,logistic,development|ETH/USDT|2023-09-12T21:00:00+00:00,0.7533219217710734
2,return_above_0_5_percent,D_price_volatility,logistic,development|BTC/USDT|2023-09-16T14:00:00+00:00,0.30411511761354293
2,return_above_0_5_percent,D_price_volatility,logistic,development|BTC/USDT|2023-09-18T05:00:00+00:00,0.19330397408223346
2,return_above_0_5_percent,D_price_volatility,logistic,development|ETH/USDT|2023-09-18T14:00:00+00:00,0.38712355378008867
2,return_above_0_5_percent,D_price_volatility,logistic,development|ETH/USDT|2023-09-23T08:00:00+00:00,0.3936316093593747
2,return_above_0_5_percent,D_price_volatility,logistic,development|BTC/USDT|2023-09-24T12:00:00+00:00,0.2030501829179635
2,return_above_0_5_percent,D_price_volatility,logistic,development|ETH/USDT|2023-09-24T15:00:00+00:00,0.19192120194747725
2,return_above_0_5_percent,D_price_volatility,logistic,development|BTC/USDT|2023-09-24T18:00:00+00:00,0.1427418162496482
2,return_above_0_5_percent,D_price_volatility,logistic,development|ETH/USDT|2023-09-26T08:00:00+00:00,0.3658471734991429
2,return_above_0_5_percent,D_price_volatility,logistic,development|BTC/USDT|2023-09-26T21:00:00+00:00,0.3321643786708528
2,return_above_0_5_percent,D_price_volatility,logistic,development|BTC/USDT|2023-09-27T12:00:00+00:00,0.15072591413858588
2,return_above_0_5_percent,D_price_volatility,logistic,development|BTC/USDT|2023-09-30T22:00:00+00:00,0.209277192495677
2,return_above_0_5_percent,D_price_volatility,forest,development|BTC/USDT|2023-07-02T01:00:00+00:00,0.2773646109595045
2,return_above_0_5_percent,D_price_volatility,forest,development|ETH/USDT|2023-07-03T02:00:00+00:00,0.1167706562728445
2,return_above_0_5_percent,D_price_volatility,forest,development|BTC/USDT|2023-07-08T13:00:00+00:00,0.22996188238455662
2,return_above_0_5_percent,D_price_volatility,forest,development|BTC/USDT|2023-07-09T09:00:00+00:00,0.2828401313857289
2,return_above_0_5_percent,D_price_volatility,forest,development|BTC/USDT|2023-07-09T15:00:00+00:00,0.2115377325133573
2,return_above_0_5_percent,D_price_volatility,forest,development|ETH/USDT|2023-07-09T15:00:00+00:00,0.3289511741685982
2,return_above_0_5_percent,D_price_volatility,forest,development|BTC/USDT|2023-07-10T21:00:00+00:00,0.33482471968941996
2,return_above_0_5_percent,D_price_volatility,forest,development|ETH/USDT|2023-07-10T21:00:00+00:00,0.28034771432083194
2,return_above_0_5_percent,D_price_volatility,forest,development|ETH/USDT|2023-07-13T17:00:00+00:00,0.12781082986387957
2,return_above_0_5_percent,D_price_volatility,forest,development|BTC/USDT|2023-07-13T20:00:00+00:00,0.10705695066690211
2,return_above_0_5_percent,D_price_volatility,forest,development|BTC/USDT|2023-07-16T20:00:00+00:00,0.30076996361794633
2,return_above_0_5_percent,D_price_volatility,forest,development|BTC/USDT|2023-07-17T01:00:00+00:00,0.32851239039202595
2,return_above_0_5_percent,D_price_volatility,forest,development|ETH/USDT|2023-07-19T12:00:00+00:00,0.3280538481927141
2,return_above_0_5_percent,D_price_volatility,forest,development|BTC/USDT|2023-07-19T18:00:00+00:00,0.4542155811045286
2,return_above_0_5_percent,D_price_volatility,forest,development|ETH/USDT|2023-07-20T11:00:00+00:00,0.34251152479599445
2,return_above_0_5_percent,D_price_volatility,forest,development|BTC/USDT|2023-07-22T10:00:00+00:00,0.25934937940359565
2,return_above_0_5_percent,D_price_volatility,forest,development|BTC/USDT|2023-07-23T18:00:00+00:00,0.2148078892453951
2,return_above_0_5_percent,D_price_volatility,forest,development|ETH/USDT|2023-07-26T02:00:00+00:00,0.2865323515925915
2,return_above_0_5_percent,D_price_volatility,forest,development|BTC/USDT|2023-07-26T08:00:00+00:00,0.30916775020823456
2,return_above_0_5_percent,D_price_volatility,forest,development|ETH/USDT|2023-07-29T00:00:00+00:00,0.23886818150206024
2,return_above_0_5_percent,D_price_volatility,forest,development|BTC/USDT|2023-07-29T05:00:00+00:00,0.26657467369867704
2,return_above_0_5_percent,D_price_volatility,forest,development|BTC/USDT|2023-07-30T17:00:00+00:00,0.20586592647477872
2,return_above_0_5_percent,D_price_volatility,forest,development|BTC/USDT|2023-07-31T04:00:00+00:00,0.21613437423308354
2,return_above_0_5_percent,D_price_volatility,forest,development|BTC/USDT|2023-08-02T05:00:00+00:00,0.2469593156936812
2,return_above_0_5_percent,D_price_volatility,forest,development|ETH/USDT|2023-08-02T08:00:00+00:00,0.47866957146662775
2,return_above_0_5_percent,D_price_volatility,forest,development|BTC/USDT|2023-08-04T10:00:00+00:00,0.1813674158722995
2,return_above_0_5_percent,D_price_volatility,forest,development|ETH/USDT|2023-08-06T06:00:00+00:00,0.17767291780983313
2,return_above_0_5_percent,D_price_volatility,forest,development|BTC/USDT|2023-08-06T19:00:00+00:00,0.3073408767937192
2,return_above_0_5_percent,D_price_volatility,forest,development|ETH/USDT|2023-08-07T09:00:00+00:00,0.20933504245120205
2,return_above_0_5_percent,D_price_volatility,forest,development|ETH/USDT|2023-08-08T15:00:00+00:00,0.22436083423496342
2,return_above_0_5_percent,D_price_volatility,forest,development|ETH/USDT|2023-08-12T16:00:00+00:00,0.2027579764359573
2,return_above_0_5_percent,D_price_volatility,forest,development|BTC/USDT|2023-08-13T00:00:00+00:00,0.1886267297383425
2,return_above_0_5_percent,D_price_volatility,forest,development|BTC/USDT|2023-08-14T18:00:00+00:00,0.23839778316413823
2,return_above_0_5_percent,D_price_volatility,forest,development|ETH/USDT|2023-08-20T04:00:00+00:00,0.473748956521269
2,return_above_0_5_percent,D_price_volatility,forest,development|BTC/USDT|2023-08-20T09:00:00+00:00,0.44930393344805025
2,return_above_0_5_percent,D_price_volatility,forest,development|BTC/USDT|2023-08-23T18:00:00+00:00,0.3901404586156259
2,return_above_0_5_percent,D_price_volatility,forest,development|ETH/USDT|2023-08-23T22:00:00+00:00,0.48308932497684787
2,return_above_0_5_percent,D_price_volatility,forest,development|BTC/USDT|2023-08-26T16:00:00+00:00,0.24931117697706337
2,return_above_0_5_percent,D_price_volatility,forest,development|ETH/USDT|2023-08-26T16:00:00+00:00,0.2351421500129825
2,return_above_0_5_percent,D_price_volatility,forest,development|BTC/USDT|2023-08-27T13:00:00+00:00,0.2708700990842826
2,return_above_0_5_percent,D_price_volatility,forest,development|ETH/USDT|2023-08-27T16:00:00+00:00,0.2273717229433142
2,return_above_0_5_percent,D_price_volatility,forest,development|BTC/USDT|2023-08-29T03:00:00+00:00,0.27438124380835616
2,return_above_0_5_percent,D_price_volatility,forest,development|ETH/USDT|2023-08-29T07:00:00+00:00,0.2806810980724191
2,return_above_0_5_percent,D_price_volatility,forest,development|BTC/USDT|2023-08-29T15:00:00+00:00,0.14646088780997768
2,return_above_0_5_percent,D_price_volatility,forest,development|ETH/USDT|2023-08-29T15:00:00+00:00,0.1829826614386586
2,return_above_0_5_percent,D_price_volatility,forest,development|ETH/USDT|2023-09-03T05:00:00+00:00,0.3300702254777368
2,return_above_0_5_percent,D_price_volatility,forest,development|BTC/USDT|2023-09-03T06:00:00+00:00,0.27651463832822876
2,return_above_0_5_percent,D_price_volatility,forest,development|ETH/USDT|2023-09-06T01:00:00+00:00,0.3727972380460843
2,return_above_0_5_percent,D_price_volatility,forest,development|BTC/USDT|2023-09-07T13:00:00+00:00,0.3325550433775002
2,return_above_0_5_percent,D_price_volatility,forest,development|BTC/USDT|2023-09-07T15:00:00+00:00,0.33664228160709136
2,return_above_0_5_percent,D_price_volatility,forest,development|BTC/USDT|2023-09-12T16:00:00+00:00,0.1537822153554589
2,return_above_0_5_percent,D_price_volatility,forest,development|ETH/USDT|2023-09-12T21:00:00+00:00,0.5574313417710378
2,return_above_0_5_percent,D_price_volatility,forest,development|BTC/USDT|2023-09-16T14:00:00+00:00,0.2944082095662728
2,return_above_0_5_percent,D_price_volatility,forest,development|BTC/USDT|2023-09-18T05:00:00+00:00,0.1896716877396261
2,return_above_0_5_percent,D_price_volatility,forest,development|ETH/USDT|2023-09-18T14:00:00+00:00,0.22240679053535925
2,return_above_0_5_percent,D_price_volatility,forest,development|ETH/USDT|2023-09-23T08:00:00+00:00,0.307201672877915
2,return_above_0_5_percent,D_price_volatility,forest,development|BTC/USDT|2023-09-24T12:00:00+00:00,0.19571763882925158
2,return_above_0_5_percent,D_price_volatility,forest,development|ETH/USDT|2023-09-24T15:00:00+00:00,0.22003466981161401
2,return_above_0_5_percent,D_price_volatility,forest,development|BTC/USDT|2023-09-24T18:00:00+00:00,0.21194764121076295
2,return_above_0_5_percent,D_price_volatility,forest,development|ETH/USDT|2023-09-26T08:00:00+00:00,0.2720349218642764
2,return_above_0_5_percent,D_price_volatility,forest,development|BTC/USDT|2023-09-26T21:00:00+00:00,0.4116305115734168
2,return_above_0_5_percent,D_price_volatility,forest,development|BTC/USDT|2023-09-27T12:00:00+00:00,0.27768548469907506
2,return_above_0_5_percent,D_price_volatility,forest,development|BTC/USDT|2023-09-30T22:00:00+00:00,0.22119920663356524
2,return_above_0_5_percent,D_price_volatility,hist_gradient,development|BTC/USDT|2023-07-02T01:00:00+00:00,0.255853268144274
2,return_above_0_5_percent,D_price_volatility,hist_gradient,development|ETH/USDT|2023-07-03T02:00:00+00:00,0.14734559012272033
2,return_above_0_5_percent,D_price_volatility,hist_gradient,development|BTC/USDT|2023-07-08T13:00:00+00:00,0.20610547062446494
2,return_above_0_5_percent,D_price_volatility,hist_gradient,development|BTC/USDT|2023-07-09T09:00:00+00:00,0.20878719256924275
2,return_above_0_5_percent,D_price_volatility,hist_gradient,development|BTC/USDT|2023-07-09T15:00:00+00:00,0.19044191455317871
2,return_above_0_5_percent,D_price_volatility,hist_gradient,development|ETH/USDT|2023-07-09T15:00:00+00:00,0.20832276534944638
2,return_above_0_5_percent,D_price_volatility,hist_gradient,development|BTC/USDT|2023-07-10T21:00:00+00:00,0.2877967558071289
2,return_above_0_5_percent,D_price_volatility,hist_gradient,development|ETH/USDT|2023-07-10T21:00:00+00:00,0.2502715080020106
2,return_above_0_5_percent,D_price_volatility,hist_gradient,development|ETH/USDT|2023-07-13T17:00:00+00:00,0.14570430385333052
2,return_above_0_5_percent,D_price_volatility,hist_gradient,development|BTC/USDT|2023-07-13T20:00:00+00:00,0.1287070723303159
2,return_above_0_5_percent,D_price_volatility,hist_gradient,development|BTC/USDT|2023-07-16T20:00:00+00:00,0.19821162372261214
2,return_above_0_5_percent,D_price_volatility,hist_gradient,development|BTC/USDT|2023-07-17T01:00:00+00:00,0.2179128968984825
2,return_above_0_5_percent,D_price_volatility,hist_gradient,development|ETH/USDT|2023-07-19T12:00:00+00:00,0.25873026551428774
2,return_above_0_5_percent,D_price_volatility,hist_gradient,development|BTC/USDT|2023-07-19T18:00:00+00:00,0.5943432438135501
2,return_above_0_5_percent,D_price_volatility,hist_gradient,development|ETH/USDT|2023-07-20T11:00:00+00:00,0.27533128881415275
2,return_above_0_5_percent,D_price_volatility,hist_gradient,development|BTC/USDT|2023-07-22T10:00:00+00:00,0.3170703626283987
2,return_above_0_5_percent,D_price_volatility,hist_gradient,development|BTC/USDT|2023-07-23T18:00:00+00:00,0.2567571377299857
2,return_above_0_5_percent,D_price_volatility,hist_gradient,development|ETH/USDT|2023-07-26T02:00:00+00:00,0.1954143996889788
2,return_above_0_5_percent,D_price_volatility,hist_gradient,development|BTC/USDT|2023-07-26T08:00:00+00:00,0.24184631045476748
2,return_above_0_5_percent,D_price_volatility,hist_gradient,development|ETH/USDT|2023-07-29T00:00:00+00:00,0.2964983573983098
2,return_above_0_5_percent,D_price_volatility,hist_gradient,development|BTC/USDT|2023-07-29T05:00:00+00:00,0.24942803596529278
2,return_above_0_5_percent,D_price_volatility,hist_gradient,development|BTC/USDT|2023-07-30T17:00:00+00:00,0.20382644828445098
2,return_above_0_5_percent,D_price_volatility,hist_gradient,development|BTC/USDT|2023-07-31T04:00:00+00:00,0.22474761488072464
2,return_above_0_5_percent,D_price_volatility,hist_gradient,development|BTC/USDT|2023-08-02T05:00:00+00:00,0.18041145692866647
2,return_above_0_5_percent,D_price_volatility,hist_gradient,development|ETH/USDT|2023-08-02T08:00:00+00:00,0.45022299595067194
2,return_above_0_5_percent,D_price_volatility,hist_gradient,development|BTC/USDT|2023-08-04T10:00:00+00:00,0.20382644828445098
2,return_above_0_5_percent,D_price_volatility,hist_gradient,development|ETH/USDT|2023-08-06T06:00:00+00:00,0.20619600766399354
2,return_above_0_5_percent,D_price_volatility,hist_gradient,development|BTC/USDT|2023-08-06T19:00:00+00:00,0.2538897985706203
2,return_above_0_5_percent,D_price_volatility,hist_gradient,development|ETH/USDT|2023-08-07T09:00:00+00:00,0.22474761488072464
2,return_above_0_5_percent,D_price_volatility,hist_gradient,development|ETH/USDT|2023-08-08T15:00:00+00:00,0.222224547078795
2,return_above_0_5_percent,D_price_volatility,hist_gradient,development|ETH/USDT|2023-08-12T16:00:00+00:00,0.22474761488072464
2,return_above_0_5_percent,D_price_volatility,hist_gradient,development|BTC/USDT|2023-08-13T00:00:00+00:00,0.20619600766399354
2,return_above_0_5_percent,D_price_volatility,hist_gradient,development|BTC/USDT|2023-08-14T18:00:00+00:00,0.2317468120367682
2,return_above_0_5_percent,D_price_volatility,hist_gradient,development|ETH/USDT|2023-08-20T04:00:00+00:00,0.6078143140010324
2,return_above_0_5_percent,D_price_volatility,hist_gradient,development|BTC/USDT|2023-08-20T09:00:00+00:00,0.6078143140010324
2,return_above_0_5_percent,D_price_volatility,hist_gradient,development|BTC/USDT|2023-08-23T18:00:00+00:00,0.4665744078246569
2,return_above_0_5_percent,D_price_volatility,hist_gradient,development|ETH/USDT|2023-08-23T22:00:00+00:00,0.5384357875091659
2,return_above_0_5_percent,D_price_volatility,hist_gradient,development|BTC/USDT|2023-08-26T16:00:00+00:00,0.222224547078795
2,return_above_0_5_percent,D_price_volatility,hist_gradient,development|ETH/USDT|2023-08-26T16:00:00+00:00,0.22270450712641204
2,return_above_0_5_percent,D_price_volatility,hist_gradient,development|BTC/USDT|2023-08-27T13:00:00+00:00,0.2167797302191245
2,return_above_0_5_percent,D_price_volatility,hist_gradient,development|ETH/USDT|2023-08-27T16:00:00+00:00,0.21920667453374945
2,return_above_0_5_percent,D_price_volatility,hist_gradient,development|BTC/USDT|2023-08-29T03:00:00+00:00,0.2494189756331746
2,return_above_0_5_percent,D_price_volatility,hist_gradient,development|ETH/USDT|2023-08-29T07:00:00+00:00,0.2317468120367682
2,return_above_0_5_percent,D_price_volatility,hist_gradient,development|BTC/USDT|2023-08-29T15:00:00+00:00,0.13496259424424487
2,return_above_0_5_percent,D_price_volatility,hist_gradient,development|ETH/USDT|2023-08-29T15:00:00+00:00,0.13496259424424487
2,return_above_0_5_percent,D_price_volatility,hist_gradient,development|ETH/USDT|2023-09-03T05:00:00+00:00,0.3255309704767167
2,return_above_0_5_percent,D_price_volatility,hist_gradient,development|BTC/USDT|2023-09-03T06:00:00+00:00,0.19255514399750634
2,return_above_0_5_percent,D_price_volatility,hist_gradient,development|ETH/USDT|2023-09-06T01:00:00+00:00,0.3383037004408938
2,return_above_0_5_percent,D_price_volatility,hist_gradient,development|BTC/USDT|2023-09-07T13:00:00+00:00,0.1915198073702804
2,return_above_0_5_percent,D_price_volatility,hist_gradient,development|BTC/USDT|2023-09-07T15:00:00+00:00,0.5252709580405215
2,return_above_0_5_percent,D_price_volatility,hist_gradient,development|BTC/USDT|2023-09-12T16:00:00+00:00,0.14302067395868923
2,return_above_0_5_percent,D_price_volatility,hist_gradient,development|ETH/USDT|2023-09-12T21:00:00+00:00,0.5519080616899565
2,return_above_0_5_percent,D_price_volatility,hist_gradient,development|BTC/USDT|2023-09-16T14:00:00+00:00,0.4209945179780874
2,return_above_0_5_percent,D_price_volatility,hist_gradient,development|BTC/USDT|2023-09-18T05:00:00+00:00,0.19527731980059368
2,return_above_0_5_percent,D_price_volatility,hist_gradient,development|ETH/USDT|2023-09-18T14:00:00+00:00,0.18212239831622587
2,return_above_0_5_percent,D_price_volatility,hist_gradient,development|ETH/USDT|2023-09-23T08:00:00+00:00,0.2179128968984825
2,return_above_0_5_percent,D_price_volatility,hist_gradient,development|BTC/USDT|2023-09-24T12:00:00+00:00,0.20619600766399354
2,return_above_0_5_percent,D_price_volatility,hist_gradient,development|ETH/USDT|2023-09-24T15:00:00+00:00,0.17972952582873442
2,return_above_0_5_percent,D_price_volatility,hist_gradient,development|BTC/USDT|2023-09-24T18:00:00+00:00,0.20619600766399354
2,return_above_0_5_percent,D_price_volatility,hist_gradient,development|ETH/USDT|2023-09-26T08:00:00+00:00,0.19804752809228862
2,return_above_0_5_percent,D_price_volatility,hist_gradient,development|BTC/USDT|2023-09-26T21:00:00+00:00,0.3341170630434192
2,return_above_0_5_percent,D_price_volatility,hist_gradient,development|BTC/USDT|2023-09-27T12:00:00+00:00,0.2533169241152316
2,return_above_0_5_percent,D_price_volatility,hist_gradient,development|BTC/USDT|2023-09-30T22:00:00+00:00,0.222224547078795
2,return_above_0_5_percent,E_no_regime,dummy,development|BTC/USDT|2023-07-02T01:00:00+00:00,0.29357798165137616
2,return_above_0_5_percent,E_no_regime,dummy,development|ETH/USDT|2023-07-03T02:00:00+00:00,0.29357798165137616
2,return_above_0_5_percent,E_no_regime,dummy,development|BTC/USDT|2023-07-08T13:00:00+00:00,0.29357798165137616
2,return_above_0_5_percent,E_no_regime,dummy,development|BTC/USDT|2023-07-09T09:00:00+00:00,0.29357798165137616
2,return_above_0_5_percent,E_no_regime,dummy,development|BTC/USDT|2023-07-09T15:00:00+00:00,0.29357798165137616
2,return_above_0_5_percent,E_no_regime,dummy,development|ETH/USDT|2023-07-09T15:00:00+00:00,0.29357798165137616
2,return_above_0_5_percent,E_no_regime,dummy,development|BTC/USDT|2023-07-10T21:00:00+00:00,0.29357798165137616
2,return_above_0_5_percent,E_no_regime,dummy,development|ETH/USDT|2023-07-10T21:00:00+00:00,0.29357798165137616
2,return_above_0_5_percent,E_no_regime,dummy,development|ETH/USDT|2023-07-13T17:00:00+00:00,0.29357798165137616
2,return_above_0_5_percent,E_no_regime,dummy,development|BTC/USDT|2023-07-13T20:00:00+00:00,0.29357798165137616
2,return_above_0_5_percent,E_no_regime,dummy,development|BTC/USDT|2023-07-16T20:00:00+00:00,0.29357798165137616
2,return_above_0_5_percent,E_no_regime,dummy,development|BTC/USDT|2023-07-17T01:00:00+00:00,0.29357798165137616
2,return_above_0_5_percent,E_no_regime,dummy,development|ETH/USDT|2023-07-19T12:00:00+00:00,0.29357798165137616
2,return_above_0_5_percent,E_no_regime,dummy,development|BTC/USDT|2023-07-19T18:00:00+00:00,0.29357798165137616
2,return_above_0_5_percent,E_no_regime,dummy,development|ETH/USDT|2023-07-20T11:00:00+00:00,0.29357798165137616
2,return_above_0_5_percent,E_no_regime,dummy,development|BTC/USDT|2023-07-22T10:00:00+00:00,0.29357798165137616
2,return_above_0_5_percent,E_no_regime,dummy,development|BTC/USDT|2023-07-23T18:00:00+00:00,0.29357798165137616
2,return_above_0_5_percent,E_no_regime,dummy,development|ETH/USDT|2023-07-26T02:00:00+00:00,0.29357798165137616
2,return_above_0_5_percent,E_no_regime,dummy,development|BTC/USDT|2023-07-26T08:00:00+00:00,0.29357798165137616
2,return_above_0_5_percent,E_no_regime,dummy,development|ETH/USDT|2023-07-29T00:00:00+00:00,0.29357798165137616
2,return_above_0_5_percent,E_no_regime,dummy,development|BTC/USDT|2023-07-29T05:00:00+00:00,0.29357798165137616
2,return_above_0_5_percent,E_no_regime,dummy,development|BTC/USDT|2023-07-30T17:00:00+00:00,0.29357798165137616
2,return_above_0_5_percent,E_no_regime,dummy,development|BTC/USDT|2023-07-31T04:00:00+00:00,0.29357798165137616
2,return_above_0_5_percent,E_no_regime,dummy,development|BTC/USDT|2023-08-02T05:00:00+00:00,0.29357798165137616
2,return_above_0_5_percent,E_no_regime,dummy,development|ETH/USDT|2023-08-02T08:00:00+00:00,0.29357798165137616
2,return_above_0_5_percent,E_no_regime,dummy,development|BTC/USDT|2023-08-04T10:00:00+00:00,0.29357798165137616
2,return_above_0_5_percent,E_no_regime,dummy,development|ETH/USDT|2023-08-06T06:00:00+00:00,0.29357798165137616
2,return_above_0_5_percent,E_no_regime,dummy,development|BTC/USDT|2023-08-06T19:00:00+00:00,0.29357798165137616
2,return_above_0_5_percent,E_no_regime,dummy,development|ETH/USDT|2023-08-07T09:00:00+00:00,0.29357798165137616
2,return_above_0_5_percent,E_no_regime,dummy,development|ETH/USDT|2023-08-08T15:00:00+00:00,0.29357798165137616
2,return_above_0_5_percent,E_no_regime,dummy,development|ETH/USDT|2023-08-12T16:00:00+00:00,0.29357798165137616
2,return_above_0_5_percent,E_no_regime,dummy,development|BTC/USDT|2023-08-13T00:00:00+00:00,0.29357798165137616
2,return_above_0_5_percent,E_no_regime,dummy,development|BTC/USDT|2023-08-14T18:00:00+00:00,0.29357798165137616
2,return_above_0_5_percent,E_no_regime,dummy,development|ETH/USDT|2023-08-20T04:00:00+00:00,0.29357798165137616
2,return_above_0_5_percent,E_no_regime,dummy,development|BTC/USDT|2023-08-20T09:00:00+00:00,0.29357798165137616
2,return_above_0_5_percent,E_no_regime,dummy,development|BTC/USDT|2023-08-23T18:00:00+00:00,0.29357798165137616
2,return_above_0_5_percent,E_no_regime,dummy,development|ETH/USDT|2023-08-23T22:00:00+00:00,0.29357798165137616
2,return_above_0_5_percent,E_no_regime,dummy,development|BTC/USDT|2023-08-26T16:00:00+00:00,0.29357798165137616
2,return_above_0_5_percent,E_no_regime,dummy,development|ETH/USDT|2023-08-26T16:00:00+00:00,0.29357798165137616
2,return_above_0_5_percent,E_no_regime,dummy,development|BTC/USDT|2023-08-27T13:00:00+00:00,0.29357798165137616
2,return_above_0_5_percent,E_no_regime,dummy,development|ETH/USDT|2023-08-27T16:00:00+00:00,0.29357798165137616
2,return_above_0_5_percent,E_no_regime,dummy,development|BTC/USDT|2023-08-29T03:00:00+00:00,0.29357798165137616
2,return_above_0_5_percent,E_no_regime,dummy,development|ETH/USDT|2023-08-29T07:00:00+00:00,0.29357798165137616
2,return_above_0_5_percent,E_no_regime,dummy,development|BTC/USDT|2023-08-29T15:00:00+00:00,0.29357798165137616
2,return_above_0_5_percent,E_no_regime,dummy,development|ETH/USDT|2023-08-29T15:00:00+00:00,0.29357798165137616
2,return_above_0_5_percent,E_no_regime,dummy,development|ETH/USDT|2023-09-03T05:00:00+00:00,0.29357798165137616
2,return_above_0_5_percent,E_no_regime,dummy,development|BTC/USDT|2023-09-03T06:00:00+00:00,0.29357798165137616
2,return_above_0_5_percent,E_no_regime,dummy,development|ETH/USDT|2023-09-06T01:00:00+00:00,0.29357798165137616
2,return_above_0_5_percent,E_no_regime,dummy,development|BTC/USDT|2023-09-07T13:00:00+00:00,0.29357798165137616
2,return_above_0_5_percent,E_no_regime,dummy,development|BTC/USDT|2023-09-07T15:00:00+00:00,0.29357798165137616
2,return_above_0_5_percent,E_no_regime,dummy,development|BTC/USDT|2023-09-12T16:00:00+00:00,0.29357798165137616
2,return_above_0_5_percent,E_no_regime,dummy,development|ETH/USDT|2023-09-12T21:00:00+00:00,0.29357798165137616
2,return_above_0_5_percent,E_no_regime,dummy,development|BTC/USDT|2023-09-16T14:00:00+00:00,0.29357798165137616
2,return_above_0_5_percent,E_no_regime,dummy,development|BTC/USDT|2023-09-18T05:00:00+00:00,0.29357798165137616
2,return_above_0_5_percent,E_no_regime,dummy,development|ETH/USDT|2023-09-18T14:00:00+00:00,0.29357798165137616
2,return_above_0_5_percent,E_no_regime,dummy,development|ETH/USDT|2023-09-23T08:00:00+00:00,0.29357798165137616
2,return_above_0_5_percent,E_no_regime,dummy,development|BTC/USDT|2023-09-24T12:00:00+00:00,0.29357798165137616
2,return_above_0_5_percent,E_no_regime,dummy,development|ETH/USDT|2023-09-24T15:00:00+00:00,0.29357798165137616
2,return_above_0_5_percent,E_no_regime,dummy,development|BTC/USDT|2023-09-24T18:00:00+00:00,0.29357798165137616
2,return_above_0_5_percent,E_no_regime,dummy,development|ETH/USDT|2023-09-26T08:00:00+00:00,0.29357798165137616
2,return_above_0_5_percent,E_no_regime,dummy,development|BTC/USDT|2023-09-26T21:00:00+00:00,0.29357798165137616
2,return_above_0_5_percent,E_no_regime,dummy,development|BTC/USDT|2023-09-27T12:00:00+00:00,0.29357798165137616
2,return_above_0_5_percent,E_no_regime,dummy,development|BTC/USDT|2023-09-30T22:00:00+00:00,0.29357798165137616
2,return_above_0_5_percent,E_no_regime,logistic,development|BTC/USDT|2023-07-02T01:00:00+00:00,0.20857848370639306
2,return_above_0_5_percent,E_no_regime,logistic,development|ETH/USDT|2023-07-03T02:00:00+00:00,0.1252062224832568
2,return_above_0_5_percent,E_no_regime,logistic,development|BTC/USDT|2023-07-08T13:00:00+00:00,0.27872406661545995
2,return_above_0_5_percent,E_no_regime,logistic,development|BTC/USDT|2023-07-09T09:00:00+00:00,0.09093141178031762
2,return_above_0_5_percent,E_no_regime,logistic,development|BTC/USDT|2023-07-09T15:00:00+00:00,0.10500874475139968
2,return_above_0_5_percent,E_no_regime,logistic,development|ETH/USDT|2023-07-09T15:00:00+00:00,0.28229473603545696
2,return_above_0_5_percent,E_no_regime,logistic,development|BTC/USDT|2023-07-10T21:00:00+00:00,0.36819610542006487
2,return_above_0_5_percent,E_no_regime,logistic,development|ETH/USDT|2023-07-10T21:00:00+00:00,0.33967406802113814
2,return_above_0_5_percent,E_no_regime,logistic,development|ETH/USDT|2023-07-13T17:00:00+00:00,0.1418911556874575
2,return_above_0_5_percent,E_no_regime,logistic,development|BTC/USDT|2023-07-13T20:00:00+00:00,0.2968289107235631
2,return_above_0_5_percent,E_no_regime,logistic,development|BTC/USDT|2023-07-16T20:00:00+00:00,0.1910471467068127
2,return_above_0_5_percent,E_no_regime,logistic,development|BTC/USDT|2023-07-17T01:00:00+00:00,0.24178454074923425
2,return_above_0_5_percent,E_no_regime,logistic,development|ETH/USDT|2023-07-19T12:00:00+00:00,0.39117618898046586
2,return_above_0_5_percent,E_no_regime,logistic,development|BTC/USDT|2023-07-19T18:00:00+00:00,0.2732122987486349
2,return_above_0_5_percent,E_no_regime,logistic,development|ETH/USDT|2023-07-20T11:00:00+00:00,0.3089114028530216
2,return_above_0_5_percent,E_no_regime,logistic,development|BTC/USDT|2023-07-22T10:00:00+00:00,0.22699668423592678
2,return_above_0_5_percent,E_no_regime,logistic,development|BTC/USDT|2023-07-23T18:00:00+00:00,0.08825766180450902
2,return_above_0_5_percent,E_no_regime,logistic,development|ETH/USDT|2023-07-26T02:00:00+00:00,0.3217780654266481
2,return_above_0_5_percent,E_no_regime,logistic,development|BTC/USDT|2023-07-26T08:00:00+00:00,0.36074028274344794
2,return_above_0_5_percent,E_no_regime,logistic,development|ETH/USDT|2023-07-29T00:00:00+00:00,0.12685172318333424
2,return_above_0_5_percent,E_no_regime,logistic,development|BTC/USDT|2023-07-29T05:00:00+00:00,0.25508399626358735
2,return_above_0_5_percent,E_no_regime,logistic,development|BTC/USDT|2023-07-30T17:00:00+00:00,0.11297081325602994
2,return_above_0_5_percent,E_no_regime,logistic,development|BTC/USDT|2023-07-31T04:00:00+00:00,0.1529159678696132
2,return_above_0_5_percent,E_no_regime,logistic,development|BTC/USDT|2023-08-02T05:00:00+00:00,0.3939413611206643
2,return_above_0_5_percent,E_no_regime,logistic,development|ETH/USDT|2023-08-02T08:00:00+00:00,0.5086247081089998
2,return_above_0_5_percent,E_no_regime,logistic,development|BTC/USDT|2023-08-04T10:00:00+00:00,0.20491652019528594
2,return_above_0_5_percent,E_no_regime,logistic,development|ETH/USDT|2023-08-06T06:00:00+00:00,0.14128909259006137
2,return_above_0_5_percent,E_no_regime,logistic,development|BTC/USDT|2023-08-06T19:00:00+00:00,0.16124998936685958
2,return_above_0_5_percent,E_no_regime,logistic,development|ETH/USDT|2023-08-07T09:00:00+00:00,0.11455459390684565
2,return_above_0_5_percent,E_no_regime,logistic,development|ETH/USDT|2023-08-08T15:00:00+00:00,0.25871393338353454
2,return_above_0_5_percent,E_no_regime,logistic,development|ETH/USDT|2023-08-12T16:00:00+00:00,0.16142097447880013
2,return_above_0_5_percent,E_no_regime,logistic,development|BTC/USDT|2023-08-13T00:00:00+00:00,0.16072820457479237
2,return_above_0_5_percent,E_no_regime,logistic,development|BTC/USDT|2023-08-14T18:00:00+00:00,0.2656294921863977
2,return_above_0_5_percent,E_no_regime,logistic,development|ETH/USDT|2023-08-20T04:00:00+00:00,0.7464381444076503
2,return_above_0_5_percent,E_no_regime,logistic,development|BTC/USDT|2023-08-20T09:00:00+00:00,0.6660716693835198
2,return_above_0_5_percent,E_no_regime,logistic,development|BTC/USDT|2023-08-23T18:00:00+00:00,0.42086091287219035
2,return_above_0_5_percent,E_no_regime,logistic,development|ETH/USDT|2023-08-23T22:00:00+00:00,0.7060655395643632
2,return_above_0_5_percent,E_no_regime,logistic,development|BTC/USDT|2023-08-26T16:00:00+00:00,0.19224168691326646
2,return_above_0_5_percent,E_no_regime,logistic,development|ETH/USDT|2023-08-26T16:00:00+00:00,0.22880243229249989
2,return_above_0_5_percent,E_no_regime,logistic,development|BTC/USDT|2023-08-27T13:00:00+00:00,0.10757528579224106
2,return_above_0_5_percent,E_no_regime,logistic,development|ETH/USDT|2023-08-27T16:00:00+00:00,0.16321372275015364
2,return_above_0_5_percent,E_no_regime,logistic,development|BTC/USDT|2023-08-29T03:00:00+00:00,0.33888961983565596
2,return_above_0_5_percent,E_no_regime,logistic,development|ETH/USDT|2023-08-29T07:00:00+00:00,0.2227335588819738
2,return_above_0_5_percent,E_no_regime,logistic,development|BTC/USDT|2023-08-29T15:00:00+00:00,0.004978731910274027
2,return_above_0_5_percent,E_no_regime,logistic,development|ETH/USDT|2023-08-29T15:00:00+00:00,0.013972751716473965
2,return_above_0_5_percent,E_no_regime,logistic,development|ETH/USDT|2023-09-03T05:00:00+00:00,0.3586327791627855
2,return_above_0_5_percent,E_no_regime,logistic,development|BTC/USDT|2023-09-03T06:00:00+00:00,0.33557930231906563
2,return_above_0_5_percent,E_no_regime,logistic,development|ETH/USDT|2023-09-06T01:00:00+00:00,0.4295077573132708
2,return_above_0_5_percent,E_no_regime,logistic,development|BTC/USDT|2023-09-07T13:00:00+00:00,0.2683224808165888
2,return_above_0_5_percent,E_no_regime,logistic,development|BTC/USDT|2023-09-07T15:00:00+00:00,0.16093905798644723
2,return_above_0_5_percent,E_no_regime,logistic,development|BTC/USDT|2023-09-12T16:00:00+00:00,0.38317749523322386
2,return_above_0_5_percent,E_no_regime,logistic,development|ETH/USDT|2023-09-12T21:00:00+00:00,0.7650615120492845
2,return_above_0_5_percent,E_no_regime,logistic,development|BTC/USDT|2023-09-16T14:00:00+00:00,0.26423419063091713
2,return_above_0_5_percent,E_no_regime,logistic,development|BTC/USDT|2023-09-18T05:00:00+00:00,0.20687736119785874
2,return_above_0_5_percent,E_no_regime,logistic,development|ETH/USDT|2023-09-18T14:00:00+00:00,0.4576352898637776
2,return_above_0_5_percent,E_no_regime,logistic,development|ETH/USDT|2023-09-23T08:00:00+00:00,0.3548671325070751
2,return_above_0_5_percent,E_no_regime,logistic,development|BTC/USDT|2023-09-24T12:00:00+00:00,0.14977066096016545
2,return_above_0_5_percent,E_no_regime,logistic,development|ETH/USDT|2023-09-24T15:00:00+00:00,0.14117736568467948
2,return_above_0_5_percent,E_no_regime,logistic,development|BTC/USDT|2023-09-24T18:00:00+00:00,0.10661322040169428
2,return_above_0_5_percent,E_no_regime,logistic,development|ETH/USDT|2023-09-26T08:00:00+00:00,0.38009603920220514
2,return_above_0_5_percent,E_no_regime,logistic,development|BTC/USDT|2023-09-26T21:00:00+00:00,0.336222049007537
2,return_above_0_5_percent,E_no_regime,logistic,development|BTC/USDT|2023-09-27T12:00:00+00:00,0.1601093226096651
2,return_above_0_5_percent,E_no_regime,logistic,development|BTC/USDT|2023-09-30T22:00:00+00:00,0.1584843080266572
2,return_above_0_5_percent,E_no_regime,forest,development|BTC/USDT|2023-07-02T01:00:00+00:00,0.2925555839286857
2,return_above_0_5_percent,E_no_regime,forest,development|ETH/USDT|2023-07-03T02:00:00+00:00,0.09339921340509427
2,return_above_0_5_percent,E_no_regime,forest,development|BTC/USDT|2023-07-08T13:00:00+00:00,0.18969160093519133
2,return_above_0_5_percent,E_no_regime,forest,development|BTC/USDT|2023-07-09T09:00:00+00:00,0.23737583822716313
2,return_above_0_5_percent,E_no_regime,forest,development|BTC/USDT|2023-07-09T15:00:00+00:00,0.18430004369363573
2,return_above_0_5_percent,E_no_regime,forest,development|ETH/USDT|2023-07-09T15:00:00+00:00,0.31875495732309284
2,return_above_0_5_percent,E_no_regime,forest,development|BTC/USDT|2023-07-10T21:00:00+00:00,0.3538412968025299
2,return_above_0_5_percent,E_no_regime,forest,development|ETH/USDT|2023-07-10T21:00:00+00:00,0.29417632467269167
2,return_above_0_5_percent,E_no_regime,forest,development|ETH/USDT|2023-07-13T17:00:00+00:00,0.13950472412140524
2,return_above_0_5_percent,E_no_regime,forest,development|BTC/USDT|2023-07-13T20:00:00+00:00,0.10283603254394774
2,return_above_0_5_percent,E_no_regime,forest,development|BTC/USDT|2023-07-16T20:00:00+00:00,0.25285849935704396
2,return_above_0_5_percent,E_no_regime,forest,development|BTC/USDT|2023-07-17T01:00:00+00:00,0.3089442039800046
2,return_above_0_5_percent,E_no_regime,forest,development|ETH/USDT|2023-07-19T12:00:00+00:00,0.34993379349255327
2,return_above_0_5_percent,E_no_regime,forest,development|BTC/USDT|2023-07-19T18:00:00+00:00,0.44407990189847946
2,return_above_0_5_percent,E_no_regime,forest,development|ETH/USDT|2023-07-20T11:00:00+00:00,0.34593474748031106
2,return_above_0_5_percent,E_no_regime,forest,development|BTC/USDT|2023-07-22T10:00:00+00:00,0.2897067866512666
2,return_above_0_5_percent,E_no_regime,forest,development|BTC/USDT|2023-07-23T18:00:00+00:00,0.19612666275749407
2,return_above_0_5_percent,E_no_regime,forest,development|ETH/USDT|2023-07-26T02:00:00+00:00,0.2842899309778453
2,return_above_0_5_percent,E_no_regime,forest,development|BTC/USDT|2023-07-26T08:00:00+00:00,0.3412842027928961
2,return_above_0_5_percent,E_no_regime,forest,development|ETH/USDT|2023-07-29T00:00:00+00:00,0.25489420650816075
2,return_above_0_5_percent,E_no_regime,forest,development|BTC/USDT|2023-07-29T05:00:00+00:00,0.31564020043177626
2,return_above_0_5_percent,E_no_regime,forest,development|BTC/USDT|2023-07-30T17:00:00+00:00,0.16963461264730625
2,return_above_0_5_percent,E_no_regime,forest,development|BTC/USDT|2023-07-31T04:00:00+00:00,0.2528538519486284
2,return_above_0_5_percent,E_no_regime,forest,development|BTC/USDT|2023-08-02T05:00:00+00:00,0.25480943236562775
2,return_above_0_5_percent,E_no_regime,forest,development|ETH/USDT|2023-08-02T08:00:00+00:00,0.4919333589359384
2,return_above_0_5_percent,E_no_regime,forest,development|BTC/USDT|2023-08-04T10:00:00+00:00,0.17447965663428966
2,return_above_0_5_percent,E_no_regime,forest,development|ETH/USDT|2023-08-06T06:00:00+00:00,0.15832327179844113
2,return_above_0_5_percent,E_no_regime,forest,development|BTC/USDT|2023-08-06T19:00:00+00:00,0.2721789020783178
2,return_above_0_5_percent,E_no_regime,forest,development|ETH/USDT|2023-08-07T09:00:00+00:00,0.21258637312898132
2,return_above_0_5_percent,E_no_regime,forest,development|ETH/USDT|2023-08-08T15:00:00+00:00,0.24865850532676248
2,return_above_0_5_percent,E_no_regime,forest,development|ETH/USDT|2023-08-12T16:00:00+00:00,0.18594687142722643
2,return_above_0_5_percent,E_no_regime,forest,development|BTC/USDT|2023-08-13T00:00:00+00:00,0.15892130339647276
2,return_above_0_5_percent,E_no_regime,forest,development|BTC/USDT|2023-08-14T18:00:00+00:00,0.26503947759083046
2,return_above_0_5_percent,E_no_regime,forest,development|ETH/USDT|2023-08-20T04:00:00+00:00,0.4479558420210018
2,return_above_0_5_percent,E_no_regime,forest,development|BTC/USDT|2023-08-20T09:00:00+00:00,0.37600486271422995
2,return_above_0_5_percent,E_no_regime,forest,development|BTC/USDT|2023-08-23T18:00:00+00:00,0.3280374585506838
2,return_above_0_5_percent,E_no_regime,forest,development|ETH/USDT|2023-08-23T22:00:00+00:00,0.5107406862974139
2,return_above_0_5_percent,E_no_regime,forest,development|BTC/USDT|2023-08-26T16:00:00+00:00,0.23747835466647563
2,return_above_0_5_percent,E_no_regime,forest,development|ETH/USDT|2023-08-26T16:00:00+00:00,0.18662446233735783
2,return_above_0_5_percent,E_no_regime,forest,development|BTC/USDT|2023-08-27T13:00:00+00:00,0.2247723641971304
2,return_above_0_5_percent,E_no_regime,forest,development|ETH/USDT|2023-08-27T16:00:00+00:00,0.19439621003553736
2,return_above_0_5_percent,E_no_regime,forest,development|BTC/USDT|2023-08-29T03:00:00+00:00,0.30019914724309943
2,return_above_0_5_percent,E_no_regime,forest,development|ETH/USDT|2023-08-29T07:00:00+00:00,0.3019258209889252
2,return_above_0_5_percent,E_no_regime,forest,development|BTC/USDT|2023-08-29T15:00:00+00:00,0.16618505598882746
2,return_above_0_5_percent,E_no_regime,forest,development|ETH/USDT|2023-08-29T15:00:00+00:00,0.18617247618820418
2,return_above_0_5_percent,E_no_regime,forest,development|ETH/USDT|2023-09-03T05:00:00+00:00,0.24378712966906804
2,return_above_0_5_percent,E_no_regime,forest,development|BTC/USDT|2023-09-03T06:00:00+00:00,0.22303274811748977
2,return_above_0_5_percent,E_no_regime,forest,development|ETH/USDT|2023-09-06T01:00:00+00:00,0.3632749597819887
2,return_above_0_5_percent,E_no_regime,forest,development|BTC/USDT|2023-09-07T13:00:00+00:00,0.31322798355295134
2,return_above_0_5_percent,E_no_regime,forest,development|BTC/USDT|2023-09-07T15:00:00+00:00,0.3175320085808643
2,return_above_0_5_percent,E_no_regime,forest,development|BTC/USDT|2023-09-12T16:00:00+00:00,0.14851612669522354
2,return_above_0_5_percent,E_no_regime,forest,development|ETH/USDT|2023-09-12T21:00:00+00:00,0.5404543841328843
2,return_above_0_5_percent,E_no_regime,forest,development|BTC/USDT|2023-09-16T14:00:00+00:00,0.29389398329961314
2,return_above_0_5_percent,E_no_regime,forest,development|BTC/USDT|2023-09-18T05:00:00+00:00,0.16794896096372727
2,return_above_0_5_percent,E_no_regime,forest,development|ETH/USDT|2023-09-18T14:00:00+00:00,0.28441464634193075
2,return_above_0_5_percent,E_no_regime,forest,development|ETH/USDT|2023-09-23T08:00:00+00:00,0.25135931037950604
2,return_above_0_5_percent,E_no_regime,forest,development|BTC/USDT|2023-09-24T12:00:00+00:00,0.15205842068123102
2,return_above_0_5_percent,E_no_regime,forest,development|ETH/USDT|2023-09-24T15:00:00+00:00,0.1667777819189933
2,return_above_0_5_percent,E_no_regime,forest,development|BTC/USDT|2023-09-24T18:00:00+00:00,0.1746724809630131
2,return_above_0_5_percent,E_no_regime,forest,development|ETH/USDT|2023-09-26T08:00:00+00:00,0.2822390766064578
2,return_above_0_5_percent,E_no_regime,forest,development|BTC/USDT|2023-09-26T21:00:00+00:00,0.38959928742614297
2,return_above_0_5_percent,E_no_regime,forest,development|BTC/USDT|2023-09-27T12:00:00+00:00,0.2474778128448107
2,return_above_0_5_percent,E_no_regime,forest,development|BTC/USDT|2023-09-30T22:00:00+00:00,0.21298254584454157
2,return_above_0_5_percent,E_no_regime,hist_gradient,development|BTC/USDT|2023-07-02T01:00:00+00:00,0.24808755675074104
2,return_above_0_5_percent,E_no_regime,hist_gradient,development|ETH/USDT|2023-07-03T02:00:00+00:00,0.1408608757329221
2,return_above_0_5_percent,E_no_regime,hist_gradient,development|BTC/USDT|2023-07-08T13:00:00+00:00,0.20829611680254842
2,return_above_0_5_percent,E_no_regime,hist_gradient,development|BTC/USDT|2023-07-09T09:00:00+00:00,0.21085012889145965
2,return_above_0_5_percent,E_no_regime,hist_gradient,development|BTC/USDT|2023-07-09T15:00:00+00:00,0.19229441003861975
2,return_above_0_5_percent,E_no_regime,hist_gradient,development|ETH/USDT|2023-07-09T15:00:00+00:00,0.2094822170754199
2,return_above_0_5_percent,E_no_regime,hist_gradient,development|BTC/USDT|2023-07-10T21:00:00+00:00,0.2917010433690991
2,return_above_0_5_percent,E_no_regime,hist_gradient,development|ETH/USDT|2023-07-10T21:00:00+00:00,0.2572140205729274
2,return_above_0_5_percent,E_no_regime,hist_gradient,development|ETH/USDT|2023-07-13T17:00:00+00:00,0.16082419609745674
2,return_above_0_5_percent,E_no_regime,hist_gradient,development|BTC/USDT|2023-07-13T20:00:00+00:00,0.13721470837522998
2,return_above_0_5_percent,E_no_regime,hist_gradient,development|BTC/USDT|2023-07-16T20:00:00+00:00,0.20369344409463516
2,return_above_0_5_percent,E_no_regime,hist_gradient,development|BTC/USDT|2023-07-17T01:00:00+00:00,0.2225156883209724
2,return_above_0_5_percent,E_no_regime,hist_gradient,development|ETH/USDT|2023-07-19T12:00:00+00:00,0.2621581931318896
2,return_above_0_5_percent,E_no_regime,hist_gradient,development|BTC/USDT|2023-07-19T18:00:00+00:00,0.5922614506034716
2,return_above_0_5_percent,E_no_regime,hist_gradient,development|ETH/USDT|2023-07-20T11:00:00+00:00,0.273083716329165
2,return_above_0_5_percent,E_no_regime,hist_gradient,development|BTC/USDT|2023-07-22T10:00:00+00:00,0.319347410043683
2,return_above_0_5_percent,E_no_regime,hist_gradient,development|BTC/USDT|2023-07-23T18:00:00+00:00,0.26331528752783057
2,return_above_0_5_percent,E_no_regime,hist_gradient,development|ETH/USDT|2023-07-26T02:00:00+00:00,0.1959278450291392
2,return_above_0_5_percent,E_no_regime,hist_gradient,development|BTC/USDT|2023-07-26T08:00:00+00:00,0.2470357499855128
2,return_above_0_5_percent,E_no_regime,hist_gradient,development|ETH/USDT|2023-07-29T00:00:00+00:00,0.2754162047465963
2,return_above_0_5_percent,E_no_regime,hist_gradient,development|BTC/USDT|2023-07-29T05:00:00+00:00,0.24698541971069662
2,return_above_0_5_percent,E_no_regime,hist_gradient,development|BTC/USDT|2023-07-30T17:00:00+00:00,0.205242795824233
2,return_above_0_5_percent,E_no_regime,hist_gradient,development|BTC/USDT|2023-07-31T04:00:00+00:00,0.2246537710641895
2,return_above_0_5_percent,E_no_regime,hist_gradient,development|BTC/USDT|2023-08-02T05:00:00+00:00,0.16518032277884143
2,return_above_0_5_percent,E_no_regime,hist_gradient,development|ETH/USDT|2023-08-02T08:00:00+00:00,0.4542450579240959
2,return_above_0_5_percent,E_no_regime,hist_gradient,development|BTC/USDT|2023-08-04T10:00:00+00:00,0.205242795824233
2,return_above_0_5_percent,E_no_regime,hist_gradient,development|ETH/USDT|2023-08-06T06:00:00+00:00,0.21323043702111147
2,return_above_0_5_percent,E_no_regime,hist_gradient,development|BTC/USDT|2023-08-06T19:00:00+00:00,0.25349126961290597
2,return_above_0_5_percent,E_no_regime,hist_gradient,development|ETH/USDT|2023-08-07T09:00:00+00:00,0.2246537710641895
2,return_above_0_5_percent,E_no_regime,hist_gradient,development|ETH/USDT|2023-08-08T15:00:00+00:00,0.21972479164413167
2,return_above_0_5_percent,E_no_regime,hist_gradient,development|ETH/USDT|2023-08-12T16:00:00+00:00,0.2246537710641895
2,return_above_0_5_percent,E_no_regime,hist_gradient,development|BTC/USDT|2023-08-13T00:00:00+00:00,0.21323043702111147
2,return_above_0_5_percent,E_no_regime,hist_gradient,development|BTC/USDT|2023-08-14T18:00:00+00:00,0.23194140878744424
2,return_above_0_5_percent,E_no_regime,hist_gradient,development|ETH/USDT|2023-08-20T04:00:00+00:00,0.6014307287342661
2,return_above_0_5_percent,E_no_regime,hist_gradient,development|BTC/USDT|2023-08-20T09:00:00+00:00,0.6014307287342661
2,return_above_0_5_percent,E_no_regime,hist_gradient,development|BTC/USDT|2023-08-23T18:00:00+00:00,0.49963203611311696
2,return_above_0_5_percent,E_no_regime,hist_gradient,development|ETH/USDT|2023-08-23T22:00:00+00:00,0.5506123965405404
2,return_above_0_5_percent,E_no_regime,hist_gradient,development|BTC/USDT|2023-08-26T16:00:00+00:00,0.21972479164413167
2,return_above_0_5_percent,E_no_regime,hist_gradient,development|ETH/USDT|2023-08-26T16:00:00+00:00,0.2267115606197165
2,return_above_0_5_percent,E_no_regime,hist_gradient,development|BTC/USDT|2023-08-27T13:00:00+00:00,0.21837389731806786
2,return_above_0_5_percent,E_no_regime,hist_gradient,development|ETH/USDT|2023-08-27T16:00:00+00:00,0.21972479164413167
2,return_above_0_5_percent,E_no_regime,hist_gradient,development|BTC/USDT|2023-08-29T03:00:00+00:00,0.255573500296474
2,return_above_0_5_percent,E_no_regime,hist_gradient,development|ETH/USDT|2023-08-29T07:00:00+00:00,0.23194140878744424
2,return_above_0_5_percent,E_no_regime,hist_gradient,development|BTC/USDT|2023-08-29T15:00:00+00:00,0.14973582512355238
2,return_above_0_5_percent,E_no_regime,hist_gradient,development|ETH/USDT|2023-08-29T15:00:00+00:00,0.14973582512355238
2,return_above_0_5_percent,E_no_regime,hist_gradient,development|ETH/USDT|2023-09-03T05:00:00+00:00,0.3215334567772539
2,return_above_0_5_percent,E_no_regime,hist_gradient,development|BTC/USDT|2023-09-03T06:00:00+00:00,0.19789861679950493
2,return_above_0_5_percent,E_no_regime,hist_gradient,development|ETH/USDT|2023-09-06T01:00:00+00:00,0.3414887167571502
2,return_above_0_5_percent,E_no_regime,hist_gradient,development|BTC/USDT|2023-09-07T13:00:00+00:00,0.19594559075902152
2,return_above_0_5_percent,E_no_regime,hist_gradient,development|BTC/USDT|2023-09-07T15:00:00+00:00,0.5365361962547687
2,return_above_0_5_percent,E_no_regime,hist_gradient,development|BTC/USDT|2023-09-12T16:00:00+00:00,0.1524217917896843
2,return_above_0_5_percent,E_no_regime,hist_gradient,development|ETH/USDT|2023-09-12T21:00:00+00:00,0.5599353576502988
2,return_above_0_5_percent,E_no_regime,hist_gradient,development|BTC/USDT|2023-09-16T14:00:00+00:00,0.4269318668754224
2,return_above_0_5_percent,E_no_regime,hist_gradient,development|BTC/USDT|2023-09-18T05:00:00+00:00,0.19941492939458222
2,return_above_0_5_percent,E_no_regime,hist_gradient,development|ETH/USDT|2023-09-18T14:00:00+00:00,0.17725229700771464
2,return_above_0_5_percent,E_no_regime,hist_gradient,development|ETH/USDT|2023-09-23T08:00:00+00:00,0.2225156883209724
2,return_above_0_5_percent,E_no_regime,hist_gradient,development|BTC/USDT|2023-09-24T12:00:00+00:00,0.20993431382159639
2,return_above_0_5_percent,E_no_regime,hist_gradient,development|ETH/USDT|2023-09-24T15:00:00+00:00,0.18384591835760947
2,return_above_0_5_percent,E_no_regime,hist_gradient,development|BTC/USDT|2023-09-24T18:00:00+00:00,0.20993431382159639
2,return_above_0_5_percent,E_no_regime,hist_gradient,development|ETH/USDT|2023-09-26T08:00:00+00:00,0.20129777375014404
2,return_above_0_5_percent,E_no_regime,hist_gradient,development|BTC/USDT|2023-09-26T21:00:00+00:00,0.33049665498096475
2,return_above_0_5_percent,E_no_regime,hist_gradient,development|BTC/USDT|2023-09-27T12:00:00+00:00,0.27049955526686437
2,return_above_0_5_percent,E_no_regime,hist_gradient,development|BTC/USDT|2023-09-30T22:00:00+00:00,0.2027338225593789
2,return_above_1_percent,A_all,dummy,development|BTC/USDT|2023-07-02T01:00:00+00:00,0.23853211009174313
2,return_above_1_percent,A_all,dummy,development|ETH/USDT|2023-07-03T02:00:00+00:00,0.23853211009174313
2,return_above_1_percent,A_all,dummy,development|BTC/USDT|2023-07-08T13:00:00+00:00,0.23853211009174313
2,return_above_1_percent,A_all,dummy,development|BTC/USDT|2023-07-09T09:00:00+00:00,0.23853211009174313
2,return_above_1_percent,A_all,dummy,development|BTC/USDT|2023-07-09T15:00:00+00:00,0.23853211009174313
2,return_above_1_percent,A_all,dummy,development|ETH/USDT|2023-07-09T15:00:00+00:00,0.23853211009174313
2,return_above_1_percent,A_all,dummy,development|BTC/USDT|2023-07-10T21:00:00+00:00,0.23853211009174313
2,return_above_1_percent,A_all,dummy,development|ETH/USDT|2023-07-10T21:00:00+00:00,0.23853211009174313
2,return_above_1_percent,A_all,dummy,development|ETH/USDT|2023-07-13T17:00:00+00:00,0.23853211009174313
2,return_above_1_percent,A_all,dummy,development|BTC/USDT|2023-07-13T20:00:00+00:00,0.23853211009174313
2,return_above_1_percent,A_all,dummy,development|BTC/USDT|2023-07-16T20:00:00+00:00,0.23853211009174313
2,return_above_1_percent,A_all,dummy,development|BTC/USDT|2023-07-17T01:00:00+00:00,0.23853211009174313
2,return_above_1_percent,A_all,dummy,development|ETH/USDT|2023-07-19T12:00:00+00:00,0.23853211009174313
2,return_above_1_percent,A_all,dummy,development|BTC/USDT|2023-07-19T18:00:00+00:00,0.23853211009174313
2,return_above_1_percent,A_all,dummy,development|ETH/USDT|2023-07-20T11:00:00+00:00,0.23853211009174313
2,return_above_1_percent,A_all,dummy,development|BTC/USDT|2023-07-22T10:00:00+00:00,0.23853211009174313
2,return_above_1_percent,A_all,dummy,development|BTC/USDT|2023-07-23T18:00:00+00:00,0.23853211009174313
2,return_above_1_percent,A_all,dummy,development|ETH/USDT|2023-07-26T02:00:00+00:00,0.23853211009174313
2,return_above_1_percent,A_all,dummy,development|BTC/USDT|2023-07-26T08:00:00+00:00,0.23853211009174313
2,return_above_1_percent,A_all,dummy,development|ETH/USDT|2023-07-29T00:00:00+00:00,0.23853211009174313
2,return_above_1_percent,A_all,dummy,development|BTC/USDT|2023-07-29T05:00:00+00:00,0.23853211009174313
2,return_above_1_percent,A_all,dummy,development|BTC/USDT|2023-07-30T17:00:00+00:00,0.23853211009174313
2,return_above_1_percent,A_all,dummy,development|BTC/USDT|2023-07-31T04:00:00+00:00,0.23853211009174313
2,return_above_1_percent,A_all,dummy,development|BTC/USDT|2023-08-02T05:00:00+00:00,0.23853211009174313
2,return_above_1_percent,A_all,dummy,development|ETH/USDT|2023-08-02T08:00:00+00:00,0.23853211009174313
2,return_above_1_percent,A_all,dummy,development|BTC/USDT|2023-08-04T10:00:00+00:00,0.23853211009174313
2,return_above_1_percent,A_all,dummy,development|ETH/USDT|2023-08-06T06:00:00+00:00,0.23853211009174313
2,return_above_1_percent,A_all,dummy,development|BTC/USDT|2023-08-06T19:00:00+00:00,0.23853211009174313
2,return_above_1_percent,A_all,dummy,development|ETH/USDT|2023-08-07T09:00:00+00:00,0.23853211009174313
2,return_above_1_percent,A_all,dummy,development|ETH/USDT|2023-08-08T15:00:00+00:00,0.23853211009174313
2,return_above_1_percent,A_all,dummy,development|ETH/USDT|2023-08-12T16:00:00+00:00,0.23853211009174313
2,return_above_1_percent,A_all,dummy,development|BTC/USDT|2023-08-13T00:00:00+00:00,0.23853211009174313
2,return_above_1_percent,A_all,dummy,development|BTC/USDT|2023-08-14T18:00:00+00:00,0.23853211009174313
2,return_above_1_percent,A_all,dummy,development|ETH/USDT|2023-08-20T04:00:00+00:00,0.23853211009174313
2,return_above_1_percent,A_all,dummy,development|BTC/USDT|2023-08-20T09:00:00+00:00,0.23853211009174313
2,return_above_1_percent,A_all,dummy,development|BTC/USDT|2023-08-23T18:00:00+00:00,0.23853211009174313
2,return_above_1_percent,A_all,dummy,development|ETH/USDT|2023-08-23T22:00:00+00:00,0.23853211009174313
2,return_above_1_percent,A_all,dummy,development|BTC/USDT|2023-08-26T16:00:00+00:00,0.23853211009174313
2,return_above_1_percent,A_all,dummy,development|ETH/USDT|2023-08-26T16:00:00+00:00,0.23853211009174313
2,return_above_1_percent,A_all,dummy,development|BTC/USDT|2023-08-27T13:00:00+00:00,0.23853211009174313
2,return_above_1_percent,A_all,dummy,development|ETH/USDT|2023-08-27T16:00:00+00:00,0.23853211009174313
2,return_above_1_percent,A_all,dummy,development|BTC/USDT|2023-08-29T03:00:00+00:00,0.23853211009174313
2,return_above_1_percent,A_all,dummy,development|ETH/USDT|2023-08-29T07:00:00+00:00,0.23853211009174313
2,return_above_1_percent,A_all,dummy,development|BTC/USDT|2023-08-29T15:00:00+00:00,0.23853211009174313
2,return_above_1_percent,A_all,dummy,development|ETH/USDT|2023-08-29T15:00:00+00:00,0.23853211009174313
2,return_above_1_percent,A_all,dummy,development|ETH/USDT|2023-09-03T05:00:00+00:00,0.23853211009174313
2,return_above_1_percent,A_all,dummy,development|BTC/USDT|2023-09-03T06:00:00+00:00,0.23853211009174313
2,return_above_1_percent,A_all,dummy,development|ETH/USDT|2023-09-06T01:00:00+00:00,0.23853211009174313
2,return_above_1_percent,A_all,dummy,development|BTC/USDT|2023-09-07T13:00:00+00:00,0.23853211009174313
2,return_above_1_percent,A_all,dummy,development|BTC/USDT|2023-09-07T15:00:00+00:00,0.23853211009174313
2,return_above_1_percent,A_all,dummy,development|BTC/USDT|2023-09-12T16:00:00+00:00,0.23853211009174313
2,return_above_1_percent,A_all,dummy,development|ETH/USDT|2023-09-12T21:00:00+00:00,0.23853211009174313
2,return_above_1_percent,A_all,dummy,development|BTC/USDT|2023-09-16T14:00:00+00:00,0.23853211009174313
2,return_above_1_percent,A_all,dummy,development|BTC/USDT|2023-09-18T05:00:00+00:00,0.23853211009174313
2,return_above_1_percent,A_all,dummy,development|ETH/USDT|2023-09-18T14:00:00+00:00,0.23853211009174313
2,return_above_1_percent,A_all,dummy,development|ETH/USDT|2023-09-23T08:00:00+00:00,0.23853211009174313
2,return_above_1_percent,A_all,dummy,development|BTC/USDT|2023-09-24T12:00:00+00:00,0.23853211009174313
2,return_above_1_percent,A_all,dummy,development|ETH/USDT|2023-09-24T15:00:00+00:00,0.23853211009174313
2,return_above_1_percent,A_all,dummy,development|BTC/USDT|2023-09-24T18:00:00+00:00,0.23853211009174313
2,return_above_1_percent,A_all,dummy,development|ETH/USDT|2023-09-26T08:00:00+00:00,0.23853211009174313
2,return_above_1_percent,A_all,dummy,development|BTC/USDT|2023-09-26T21:00:00+00:00,0.23853211009174313
2,return_above_1_percent,A_all,dummy,development|BTC/USDT|2023-09-27T12:00:00+00:00,0.23853211009174313
2,return_above_1_percent,A_all,dummy,development|BTC/USDT|2023-09-30T22:00:00+00:00,0.23853211009174313
2,return_above_1_percent,A_all,logistic,development|BTC/USDT|2023-07-02T01:00:00+00:00,0.09563066096281699
2,return_above_1_percent,A_all,logistic,development|ETH/USDT|2023-07-03T02:00:00+00:00,0.11342857094876294
2,return_above_1_percent,A_all,logistic,development|BTC/USDT|2023-07-08T13:00:00+00:00,0.15814303337130015
2,return_above_1_percent,A_all,logistic,development|BTC/USDT|2023-07-09T09:00:00+00:00,0.0667737163964854
2,return_above_1_percent,A_all,logistic,development|BTC/USDT|2023-07-09T15:00:00+00:00,0.06603420138839135
2,return_above_1_percent,A_all,logistic,development|ETH/USDT|2023-07-09T15:00:00+00:00,0.2668194902129468
2,return_above_1_percent,A_all,logistic,development|BTC/USDT|2023-07-10T21:00:00+00:00,0.32887100867218205
2,return_above_1_percent,A_all,logistic,development|ETH/USDT|2023-07-10T21:00:00+00:00,0.30401792349849127
2,return_above_1_percent,A_all,logistic,development|ETH/USDT|2023-07-13T17:00:00+00:00,0.21285743769887897
2,return_above_1_percent,A_all,logistic,development|BTC/USDT|2023-07-13T20:00:00+00:00,0.41409923106869706
2,return_above_1_percent,A_all,logistic,development|BTC/USDT|2023-07-16T20:00:00+00:00,0.09390010653738715
2,return_above_1_percent,A_all,logistic,development|BTC/USDT|2023-07-17T01:00:00+00:00,0.21372261092354386
2,return_above_1_percent,A_all,logistic,development|ETH/USDT|2023-07-19T12:00:00+00:00,0.2378108496286905
2,return_above_1_percent,A_all,logistic,development|BTC/USDT|2023-07-19T18:00:00+00:00,0.1325672480136297
2,return_above_1_percent,A_all,logistic,development|ETH/USDT|2023-07-20T11:00:00+00:00,0.12179816544412754
2,return_above_1_percent,A_all,logistic,development|BTC/USDT|2023-07-22T10:00:00+00:00,0.2224590965609512
2,return_above_1_percent,A_all,logistic,development|BTC/USDT|2023-07-23T18:00:00+00:00,0.03513334417283624
2,return_above_1_percent,A_all,logistic,development|ETH/USDT|2023-07-26T02:00:00+00:00,0.36600420616021967
2,return_above_1_percent,A_all,logistic,development|BTC/USDT|2023-07-26T08:00:00+00:00,0.40793575831237777
2,return_above_1_percent,A_all,logistic,development|ETH/USDT|2023-07-29T00:00:00+00:00,0.1864454234163856
2,return_above_1_percent,A_all,logistic,development|BTC/USDT|2023-07-29T05:00:00+00:00,0.25076416633963716
2,return_above_1_percent,A_all,logistic,development|BTC/USDT|2023-07-30T17:00:00+00:00,0.05324459472499947
2,return_above_1_percent,A_all,logistic,development|BTC/USDT|2023-07-31T04:00:00+00:00,0.2564520754629702
2,return_above_1_percent,A_all,logistic,development|BTC/USDT|2023-08-02T05:00:00+00:00,0.3659709413216784
2,return_above_1_percent,A_all,logistic,development|ETH/USDT|2023-08-02T08:00:00+00:00,0.5163782503686387
2,return_above_1_percent,A_all,logistic,development|BTC/USDT|2023-08-04T10:00:00+00:00,0.12150384037278367
2,return_above_1_percent,A_all,logistic,development|ETH/USDT|2023-08-06T06:00:00+00:00,0.10145857173413003
2,return_above_1_percent,A_all,logistic,development|BTC/USDT|2023-08-06T19:00:00+00:00,0.08374959493407284
2,return_above_1_percent,A_all,logistic,development|ETH/USDT|2023-08-07T09:00:00+00:00,0.06835661180318424
2,return_above_1_percent,A_all,logistic,development|ETH/USDT|2023-08-08T15:00:00+00:00,0.3385610283707004
2,return_above_1_percent,A_all,logistic,development|ETH/USDT|2023-08-12T16:00:00+00:00,0.08196747521952041
2,return_above_1_percent,A_all,logistic,development|BTC/USDT|2023-08-13T00:00:00+00:00,0.08179776176334395
2,return_above_1_percent,A_all,logistic,development|BTC/USDT|2023-08-14T18:00:00+00:00,0.06778895257418457
2,return_above_1_percent,A_all,logistic,development|ETH/USDT|2023-08-20T04:00:00+00:00,0.6227862870523124
2,return_above_1_percent,A_all,logistic,development|BTC/USDT|2023-08-20T09:00:00+00:00,0.3839481125082132
2,return_above_1_percent,A_all,logistic,development|BTC/USDT|2023-08-23T18:00:00+00:00,0.34056388174979935
2,return_above_1_percent,A_all,logistic,development|ETH/USDT|2023-08-23T22:00:00+00:00,0.4985627317437972
2,return_above_1_percent,A_all,logistic,development|BTC/USDT|2023-08-26T16:00:00+00:00,0.1792765325285207
2,return_above_1_percent,A_all,logistic,development|ETH/USDT|2023-08-26T16:00:00+00:00,0.22116981644479486
2,return_above_1_percent,A_all,logistic,development|BTC/USDT|2023-08-27T13:00:00+00:00,0.061980730287744125
2,return_above_1_percent,A_all,logistic,development|ETH/USDT|2023-08-27T16:00:00+00:00,0.10309924086580385
2,return_above_1_percent,A_all,logistic,development|BTC/USDT|2023-08-29T03:00:00+00:00,0.3835829294393944
2,return_above_1_percent,A_all,logistic,development|ETH/USDT|2023-08-29T07:00:00+00:00,0.19866741922143544
2,return_above_1_percent,A_all,logistic,development|BTC/USDT|2023-08-29T15:00:00+00:00,0.02004018213049862
2,return_above_1_percent,A_all,logistic,development|ETH/USDT|2023-08-29T15:00:00+00:00,0.034880837501720705
2,return_above_1_percent,A_all,logistic,development|ETH/USDT|2023-09-03T05:00:00+00:00,0.32611779795953105
2,return_above_1_percent,A_all,logistic,development|BTC/USDT|2023-09-03T06:00:00+00:00,0.23661633884758
2,return_above_1_percent,A_all,logistic,development|ETH/USDT|2023-09-06T01:00:00+00:00,0.3998521040143472
2,return_above_1_percent,A_all,logistic,development|BTC/USDT|2023-09-07T13:00:00+00:00,0.277477179353416
2,return_above_1_percent,A_all,logistic,development|BTC/USDT|2023-09-07T15:00:00+00:00,0.16693884218064295
2,return_above_1_percent,A_all,logistic,development|BTC/USDT|2023-09-12T16:00:00+00:00,0.34772998238237296
2,return_above_1_percent,A_all,logistic,development|ETH/USDT|2023-09-12T21:00:00+00:00,0.7126104855512079
2,return_above_1_percent,A_all,logistic,development|BTC/USDT|2023-09-16T14:00:00+00:00,0.11173769930451931
2,return_above_1_percent,A_all,logistic,development|BTC/USDT|2023-09-18T05:00:00+00:00,0.342919960897223
2,return_above_1_percent,A_all,logistic,development|ETH/USDT|2023-09-18T14:00:00+00:00,0.5297905775200855
2,return_above_1_percent,A_all,logistic,development|ETH/USDT|2023-09-23T08:00:00+00:00,0.33626285582700866
2,return_above_1_percent,A_all,logistic,development|BTC/USDT|2023-09-24T12:00:00+00:00,0.08041823073127131
2,return_above_1_percent,A_all,logistic,development|ETH/USDT|2023-09-24T15:00:00+00:00,0.0662530538130825
2,return_above_1_percent,A_all,logistic,development|BTC/USDT|2023-09-24T18:00:00+00:00,0.03382465462591849
2,return_above_1_percent,A_all,logistic,development|ETH/USDT|2023-09-26T08:00:00+00:00,0.2935758972087912
2,return_above_1_percent,A_all,logistic,development|BTC/USDT|2023-09-26T21:00:00+00:00,0.37221028618305146
2,return_above_1_percent,A_all,logistic,development|BTC/USDT|2023-09-27T12:00:00+00:00,0.17244055398385721
2,return_above_1_percent,A_all,logistic,development|BTC/USDT|2023-09-30T22:00:00+00:00,0.1276761865034562
2,return_above_1_percent,A_all,forest,development|BTC/USDT|2023-07-02T01:00:00+00:00,0.13862937014596166
2,return_above_1_percent,A_all,forest,development|ETH/USDT|2023-07-03T02:00:00+00:00,0.14359948127742866
2,return_above_1_percent,A_all,forest,development|BTC/USDT|2023-07-08T13:00:00+00:00,0.13811874569835456
2,return_above_1_percent,A_all,forest,development|BTC/USDT|2023-07-09T09:00:00+00:00,0.18147233498582124
2,return_above_1_percent,A_all,forest,development|BTC/USDT|2023-07-09T15:00:00+00:00,0.16494622002692977
2,return_above_1_percent,A_all,forest,development|ETH/USDT|2023-07-09T15:00:00+00:00,0.19054453992637413
2,return_above_1_percent,A_all,forest,development|BTC/USDT|2023-07-10T21:00:00+00:00,0.2965417517766084
2,return_above_1_percent,A_all,forest,development|ETH/USDT|2023-07-10T21:00:00+00:00,0.18868153933192747
2,return_above_1_percent,A_all,forest,development|ETH/USDT|2023-07-13T17:00:00+00:00,0.145361397718247
2,return_above_1_percent,A_all,forest,development|BTC/USDT|2023-07-13T20:00:00+00:00,0.10978458475374203
2,return_above_1_percent,A_all,forest,development|BTC/USDT|2023-07-16T20:00:00+00:00,0.14454102363043728
2,return_above_1_percent,A_all,forest,development|BTC/USDT|2023-07-17T01:00:00+00:00,0.24996680988313166
2,return_above_1_percent,A_all,forest,development|ETH/USDT|2023-07-19T12:00:00+00:00,0.18513941894790778
2,return_above_1_percent,A_all,forest,development|BTC/USDT|2023-07-19T18:00:00+00:00,0.2622580589782642
2,return_above_1_percent,A_all,forest,development|ETH/USDT|2023-07-20T11:00:00+00:00,0.16784870559814918
2,return_above_1_percent,A_all,forest,development|BTC/USDT|2023-07-22T10:00:00+00:00,0.24383433123379106
2,return_above_1_percent,A_all,forest,development|BTC/USDT|2023-07-23T18:00:00+00:00,0.1282978068911574
2,return_above_1_percent,A_all,forest,development|ETH/USDT|2023-07-26T02:00:00+00:00,0.2728856505425976
2,return_above_1_percent,A_all,forest,development|BTC/USDT|2023-07-26T08:00:00+00:00,0.28386844857008225
2,return_above_1_percent,A_all,forest,development|ETH/USDT|2023-07-29T00:00:00+00:00,0.2597312752851926
2,return_above_1_percent,A_all,forest,development|BTC/USDT|2023-07-29T05:00:00+00:00,0.2603047234472173
2,return_above_1_percent,A_all,forest,development|BTC/USDT|2023-07-30T17:00:00+00:00,0.1316839901523406
2,return_above_1_percent,A_all,forest,development|BTC/USDT|2023-07-31T04:00:00+00:00,0.2779265498275518
2,return_above_1_percent,A_all,forest,development|BTC/USDT|2023-08-02T05:00:00+00:00,0.20611709147839952
2,return_above_1_percent,A_all,forest,development|ETH/USDT|2023-08-02T08:00:00+00:00,0.39758144621187597
2,return_above_1_percent,A_all,forest,development|BTC/USDT|2023-08-04T10:00:00+00:00,0.18354496933221015
2,return_above_1_percent,A_all,forest,development|ETH/USDT|2023-08-06T06:00:00+00:00,0.16388589372244985
2,return_above_1_percent,A_all,forest,development|BTC/USDT|2023-08-06T19:00:00+00:00,0.12538995293803423
2,return_above_1_percent,A_all,forest,development|ETH/USDT|2023-08-07T09:00:00+00:00,0.14017976328445048
2,return_above_1_percent,A_all,forest,development|ETH/USDT|2023-08-08T15:00:00+00:00,0.2843577834627349
2,return_above_1_percent,A_all,forest,development|ETH/USDT|2023-08-12T16:00:00+00:00,0.13190766612332486
2,return_above_1_percent,A_all,forest,development|BTC/USDT|2023-08-13T00:00:00+00:00,0.11450772319951769
2,return_above_1_percent,A_all,forest,development|BTC/USDT|2023-08-14T18:00:00+00:00,0.22983610904133836
2,return_above_1_percent,A_all,forest,development|ETH/USDT|2023-08-20T04:00:00+00:00,0.36762208468003815
2,return_above_1_percent,A_all,forest,development|BTC/USDT|2023-08-20T09:00:00+00:00,0.27554227724123803
2,return_above_1_percent,A_all,forest,development|BTC/USDT|2023-08-23T18:00:00+00:00,0.3366366258650722
2,return_above_1_percent,A_all,forest,development|ETH/USDT|2023-08-23T22:00:00+00:00,0.3579587711585419
2,return_above_1_percent,A_all,forest,development|BTC/USDT|2023-08-26T16:00:00+00:00,0.20860101546840087
2,return_above_1_percent,A_all,forest,development|ETH/USDT|2023-08-26T16:00:00+00:00,0.20167015372715114
2,return_above_1_percent,A_all,forest,development|BTC/USDT|2023-08-27T13:00:00+00:00,0.15737972151140953
2,return_above_1_percent,A_all,forest,development|ETH/USDT|2023-08-27T16:00:00+00:00,0.1858092378812522
2,return_above_1_percent,A_all,forest,development|BTC/USDT|2023-08-29T03:00:00+00:00,0.3447777485301238
2,return_above_1_percent,A_all,forest,development|ETH/USDT|2023-08-29T07:00:00+00:00,0.34556264926336794
2,return_above_1_percent,A_all,forest,development|BTC/USDT|2023-08-29T15:00:00+00:00,0.16656163132875626
2,return_above_1_percent,A_all,forest,development|ETH/USDT|2023-08-29T15:00:00+00:00,0.14051773652748248
2,return_above_1_percent,A_all,forest,development|ETH/USDT|2023-09-03T05:00:00+00:00,0.17844922365335947
2,return_above_1_percent,A_all,forest,development|BTC/USDT|2023-09-03T06:00:00+00:00,0.17568441289247314
2,return_above_1_percent,A_all,forest,development|ETH/USDT|2023-09-06T01:00:00+00:00,0.3696698768622699
2,return_above_1_percent,A_all,forest,development|BTC/USDT|2023-09-07T13:00:00+00:00,0.31140930681165346
2,return_above_1_percent,A_all,forest,development|BTC/USDT|2023-09-07T15:00:00+00:00,0.37908108982333694
2,return_above_1_percent,A_all,forest,development|BTC/USDT|2023-09-12T16:00:00+00:00,0.17465738430390904
2,return_above_1_percent,A_all,forest,development|ETH/USDT|2023-09-12T21:00:00+00:00,0.43523264994838035
2,return_above_1_percent,A_all,forest,development|BTC/USDT|2023-09-16T14:00:00+00:00,0.21486805075748572
2,return_above_1_percent,A_all,forest,development|BTC/USDT|2023-09-18T05:00:00+00:00,0.19478168438852106
2,return_above_1_percent,A_all,forest,development|ETH/USDT|2023-09-18T14:00:00+00:00,0.28888245151293895
2,return_above_1_percent,A_all,forest,development|ETH/USDT|2023-09-23T08:00:00+00:00,0.18271680434925489
2,return_above_1_percent,A_all,forest,development|BTC/USDT|2023-09-24T12:00:00+00:00,0.12008880428059875
2,return_above_1_percent,A_all,forest,development|ETH/USDT|2023-09-24T15:00:00+00:00,0.11775131738850385
2,return_above_1_percent,A_all,forest,development|BTC/USDT|2023-09-24T18:00:00+00:00,0.13882540429375476
2,return_above_1_percent,A_all,forest,development|ETH/USDT|2023-09-26T08:00:00+00:00,0.28267613197036195
2,return_above_1_percent,A_all,forest,development|BTC/USDT|2023-09-26T21:00:00+00:00,0.38155938268410766
2,return_above_1_percent,A_all,forest,development|BTC/USDT|2023-09-27T12:00:00+00:00,0.30925804465316875
2,return_above_1_percent,A_all,forest,development|BTC/USDT|2023-09-30T22:00:00+00:00,0.14202719083918944
2,return_above_1_percent,A_all,hist_gradient,development|BTC/USDT|2023-07-02T01:00:00+00:00,0.14588426968552304
2,return_above_1_percent,A_all,hist_gradient,development|ETH/USDT|2023-07-03T02:00:00+00:00,0.14903191193432053
2,return_above_1_percent,A_all,hist_gradient,development|BTC/USDT|2023-07-08T13:00:00+00:00,0.18794500176198925
2,return_above_1_percent,A_all,hist_gradient,development|BTC/USDT|2023-07-09T09:00:00+00:00,0.24262825731139448
2,return_above_1_percent,A_all,hist_gradient,development|BTC/USDT|2023-07-09T15:00:00+00:00,0.19131712085133232
2,return_above_1_percent,A_all,hist_gradient,development|ETH/USDT|2023-07-09T15:00:00+00:00,0.24910215281180648
2,return_above_1_percent,A_all,hist_gradient,development|BTC/USDT|2023-07-10T21:00:00+00:00,0.38778616022965834
2,return_above_1_percent,A_all,hist_gradient,development|ETH/USDT|2023-07-10T21:00:00+00:00,0.23231053473822172
2,return_above_1_percent,A_all,hist_gradient,development|ETH/USDT|2023-07-13T17:00:00+00:00,0.1531146184000259
2,return_above_1_percent,A_all,hist_gradient,development|BTC/USDT|2023-07-13T20:00:00+00:00,0.12910212879137714
2,return_above_1_percent,A_all,hist_gradient,development|BTC/USDT|2023-07-16T20:00:00+00:00,0.2349721469929372
2,return_above_1_percent,A_all,hist_gradient,development|BTC/USDT|2023-07-17T01:00:00+00:00,0.24988851026099027
2,return_above_1_percent,A_all,hist_gradient,development|ETH/USDT|2023-07-19T12:00:00+00:00,0.151615486199071
2,return_above_1_percent,A_all,hist_gradient,development|BTC/USDT|2023-07-19T18:00:00+00:00,0.26464369843388746
2,return_above_1_percent,A_all,hist_gradient,development|ETH/USDT|2023-07-20T11:00:00+00:00,0.12520917280030003
2,return_above_1_percent,A_all,hist_gradient,development|BTC/USDT|2023-07-22T10:00:00+00:00,0.268550021217379
2,return_above_1_percent,A_all,hist_gradient,development|BTC/USDT|2023-07-23T18:00:00+00:00,0.17318897741543732
2,return_above_1_percent,A_all,hist_gradient,development|ETH/USDT|2023-07-26T02:00:00+00:00,0.2529217846205263
2,return_above_1_percent,A_all,hist_gradient,development|BTC/USDT|2023-07-26T08:00:00+00:00,0.31916299198360104
2,return_above_1_percent,A_all,hist_gradient,development|ETH/USDT|2023-07-29T00:00:00+00:00,0.26604641939381585
2,return_above_1_percent,A_all,hist_gradient,development|BTC/USDT|2023-07-29T05:00:00+00:00,0.21177760526306186
2,return_above_1_percent,A_all,hist_gradient,development|BTC/USDT|2023-07-30T17:00:00+00:00,0.17194540495029922
2,return_above_1_percent,A_all,hist_gradient,development|BTC/USDT|2023-07-31T04:00:00+00:00,0.2985880027906931
2,return_above_1_percent,A_all,hist_gradient,development|BTC/USDT|2023-08-02T05:00:00+00:00,0.14137462253345562
2,return_above_1_percent,A_all,hist_gradient,development|ETH/USDT|2023-08-02T08:00:00+00:00,0.43866512042880884
2,return_above_1_percent,A_all,hist_gradient,development|BTC/USDT|2023-08-04T10:00:00+00:00,0.17301054405694458
2,return_above_1_percent,A_all,hist_gradient,development|ETH/USDT|2023-08-06T06:00:00+00:00,0.2020597919408141
2,return_above_1_percent,A_all,hist_gradient,development|BTC/USDT|2023-08-06T19:00:00+00:00,0.21947038500119484
2,return_above_1_percent,A_all,hist_gradient,development|ETH/USDT|2023-08-07T09:00:00+00:00,0.18667572574785748
2,return_above_1_percent,A_all,hist_gradient,development|ETH/USDT|2023-08-08T15:00:00+00:00,0.25666630794510986
2,return_above_1_percent,A_all,hist_gradient,development|ETH/USDT|2023-08-12T16:00:00+00:00,0.18667572574785748
2,return_above_1_percent,A_all,hist_gradient,development|BTC/USDT|2023-08-13T00:00:00+00:00,0.21629887433089467
2,return_above_1_percent,A_all,hist_gradient,development|BTC/USDT|2023-08-14T18:00:00+00:00,0.17227155027337318
2,return_above_1_percent,A_all,hist_gradient,development|ETH/USDT|2023-08-20T04:00:00+00:00,0.3713574674389901
2,return_above_1_percent,A_all,hist_gradient,development|BTC/USDT|2023-08-20T09:00:00+00:00,0.39233660516023766
2,return_above_1_percent,A_all,hist_gradient,development|BTC/USDT|2023-08-23T18:00:00+00:00,0.3341261751681968
2,return_above_1_percent,A_all,hist_gradient,development|ETH/USDT|2023-08-23T22:00:00+00:00,0.43868798371751433
2,return_above_1_percent,A_all,hist_gradient,development|BTC/USDT|2023-08-26T16:00:00+00:00,0.2776278203953716
2,return_above_1_percent,A_all,hist_gradient,development|ETH/USDT|2023-08-26T16:00:00+00:00,0.3182749039207538
2,return_above_1_percent,A_all,hist_gradient,development|BTC/USDT|2023-08-27T13:00:00+00:00,0.2517276271387348
2,return_above_1_percent,A_all,hist_gradient,development|ETH/USDT|2023-08-27T16:00:00+00:00,0.2603798836363278
2,return_above_1_percent,A_all,hist_gradient,development|BTC/USDT|2023-08-29T03:00:00+00:00,0.2604036909062451
2,return_above_1_percent,A_all,hist_gradient,development|ETH/USDT|2023-08-29T07:00:00+00:00,0.3166217044296407
2,return_above_1_percent,A_all,hist_gradient,development|BTC/USDT|2023-08-29T15:00:00+00:00,0.14490899077441804
2,return_above_1_percent,A_all,hist_gradient,development|ETH/USDT|2023-08-29T15:00:00+00:00,0.13767232733803378
2,return_above_1_percent,A_all,hist_gradient,development|ETH/USDT|2023-09-03T05:00:00+00:00,0.2040682667051037
2,return_above_1_percent,A_all,hist_gradient,development|BTC/USDT|2023-09-03T06:00:00+00:00,0.21517762876895205
2,return_above_1_percent,A_all,hist_gradient,development|ETH/USDT|2023-09-06T01:00:00+00:00,0.3249836323123215
2,return_above_1_percent,A_all,hist_gradient,development|BTC/USDT|2023-09-07T13:00:00+00:00,0.3046835864534485
2,return_above_1_percent,A_all,hist_gradient,development|BTC/USDT|2023-09-07T15:00:00+00:00,0.39938971096619386
2,return_above_1_percent,A_all,hist_gradient,development|BTC/USDT|2023-09-12T16:00:00+00:00,0.12910212879137714
2,return_above_1_percent,A_all,hist_gradient,development|ETH/USDT|2023-09-12T21:00:00+00:00,0.4845961571894679
2,return_above_1_percent,A_all,hist_gradient,development|BTC/USDT|2023-09-16T14:00:00+00:00,0.12001446168214099
2,return_above_1_percent,A_all,hist_gradient,development|BTC/USDT|2023-09-18T05:00:00+00:00,0.16720927255522497
2,return_above_1_percent,A_all,hist_gradient,development|ETH/USDT|2023-09-18T14:00:00+00:00,0.36184975973193756
2,return_above_1_percent,A_all,hist_gradient,development|ETH/USDT|2023-09-23T08:00:00+00:00,0.2570639591152501
2,return_above_1_percent,A_all,hist_gradient,development|BTC/USDT|2023-09-24T12:00:00+00:00,0.21629887433089467
2,return_above_1_percent,A_all,hist_gradient,development|ETH/USDT|2023-09-24T15:00:00+00:00,0.16760793811752572
2,return_above_1_percent,A_all,hist_gradient,development|BTC/USDT|2023-09-24T18:00:00+00:00,0.17194540495029922
2,return_above_1_percent,A_all,hist_gradient,development|ETH/USDT|2023-09-26T08:00:00+00:00,0.3125269276589533
2,return_above_1_percent,A_all,hist_gradient,development|BTC/USDT|2023-09-26T21:00:00+00:00,0.3688830541289679
2,return_above_1_percent,A_all,hist_gradient,development|BTC/USDT|2023-09-27T12:00:00+00:00,0.29699614134117525
2,return_above_1_percent,A_all,hist_gradient,development|BTC/USDT|2023-09-30T22:00:00+00:00,0.1887075707549542
2,return_above_1_percent,B_reduced,dummy,development|BTC/USDT|2023-07-02T01:00:00+00:00,0.23853211009174313
2,return_above_1_percent,B_reduced,dummy,development|ETH/USDT|2023-07-03T02:00:00+00:00,0.23853211009174313
2,return_above_1_percent,B_reduced,dummy,development|BTC/USDT|2023-07-08T13:00:00+00:00,0.23853211009174313
2,return_above_1_percent,B_reduced,dummy,development|BTC/USDT|2023-07-09T09:00:00+00:00,0.23853211009174313
2,return_above_1_percent,B_reduced,dummy,development|BTC/USDT|2023-07-09T15:00:00+00:00,0.23853211009174313
2,return_above_1_percent,B_reduced,dummy,development|ETH/USDT|2023-07-09T15:00:00+00:00,0.23853211009174313
2,return_above_1_percent,B_reduced,dummy,development|BTC/USDT|2023-07-10T21:00:00+00:00,0.23853211009174313
2,return_above_1_percent,B_reduced,dummy,development|ETH/USDT|2023-07-10T21:00:00+00:00,0.23853211009174313
2,return_above_1_percent,B_reduced,dummy,development|ETH/USDT|2023-07-13T17:00:00+00:00,0.23853211009174313
2,return_above_1_percent,B_reduced,dummy,development|BTC/USDT|2023-07-13T20:00:00+00:00,0.23853211009174313
2,return_above_1_percent,B_reduced,dummy,development|BTC/USDT|2023-07-16T20:00:00+00:00,0.23853211009174313
2,return_above_1_percent,B_reduced,dummy,development|BTC/USDT|2023-07-17T01:00:00+00:00,0.23853211009174313
2,return_above_1_percent,B_reduced,dummy,development|ETH/USDT|2023-07-19T12:00:00+00:00,0.23853211009174313
2,return_above_1_percent,B_reduced,dummy,development|BTC/USDT|2023-07-19T18:00:00+00:00,0.23853211009174313
2,return_above_1_percent,B_reduced,dummy,development|ETH/USDT|2023-07-20T11:00:00+00:00,0.23853211009174313
2,return_above_1_percent,B_reduced,dummy,development|BTC/USDT|2023-07-22T10:00:00+00:00,0.23853211009174313
2,return_above_1_percent,B_reduced,dummy,development|BTC/USDT|2023-07-23T18:00:00+00:00,0.23853211009174313
2,return_above_1_percent,B_reduced,dummy,development|ETH/USDT|2023-07-26T02:00:00+00:00,0.23853211009174313
2,return_above_1_percent,B_reduced,dummy,development|BTC/USDT|2023-07-26T08:00:00+00:00,0.23853211009174313
2,return_above_1_percent,B_reduced,dummy,development|ETH/USDT|2023-07-29T00:00:00+00:00,0.23853211009174313
2,return_above_1_percent,B_reduced,dummy,development|BTC/USDT|2023-07-29T05:00:00+00:00,0.23853211009174313
2,return_above_1_percent,B_reduced,dummy,development|BTC/USDT|2023-07-30T17:00:00+00:00,0.23853211009174313
2,return_above_1_percent,B_reduced,dummy,development|BTC/USDT|2023-07-31T04:00:00+00:00,0.23853211009174313
2,return_above_1_percent,B_reduced,dummy,development|BTC/USDT|2023-08-02T05:00:00+00:00,0.23853211009174313
2,return_above_1_percent,B_reduced,dummy,development|ETH/USDT|2023-08-02T08:00:00+00:00,0.23853211009174313
2,return_above_1_percent,B_reduced,dummy,development|BTC/USDT|2023-08-04T10:00:00+00:00,0.23853211009174313
2,return_above_1_percent,B_reduced,dummy,development|ETH/USDT|2023-08-06T06:00:00+00:00,0.23853211009174313
2,return_above_1_percent,B_reduced,dummy,development|BTC/USDT|2023-08-06T19:00:00+00:00,0.23853211009174313
2,return_above_1_percent,B_reduced,dummy,development|ETH/USDT|2023-08-07T09:00:00+00:00,0.23853211009174313
2,return_above_1_percent,B_reduced,dummy,development|ETH/USDT|2023-08-08T15:00:00+00:00,0.23853211009174313
2,return_above_1_percent,B_reduced,dummy,development|ETH/USDT|2023-08-12T16:00:00+00:00,0.23853211009174313
2,return_above_1_percent,B_reduced,dummy,development|BTC/USDT|2023-08-13T00:00:00+00:00,0.23853211009174313
2,return_above_1_percent,B_reduced,dummy,development|BTC/USDT|2023-08-14T18:00:00+00:00,0.23853211009174313
2,return_above_1_percent,B_reduced,dummy,development|ETH/USDT|2023-08-20T04:00:00+00:00,0.23853211009174313
2,return_above_1_percent,B_reduced,dummy,development|BTC/USDT|2023-08-20T09:00:00+00:00,0.23853211009174313
2,return_above_1_percent,B_reduced,dummy,development|BTC/USDT|2023-08-23T18:00:00+00:00,0.23853211009174313
2,return_above_1_percent,B_reduced,dummy,development|ETH/USDT|2023-08-23T22:00:00+00:00,0.23853211009174313
2,return_above_1_percent,B_reduced,dummy,development|BTC/USDT|2023-08-26T16:00:00+00:00,0.23853211009174313
2,return_above_1_percent,B_reduced,dummy,development|ETH/USDT|2023-08-26T16:00:00+00:00,0.23853211009174313
2,return_above_1_percent,B_reduced,dummy,development|BTC/USDT|2023-08-27T13:00:00+00:00,0.23853211009174313
2,return_above_1_percent,B_reduced,dummy,development|ETH/USDT|2023-08-27T16:00:00+00:00,0.23853211009174313
2,return_above_1_percent,B_reduced,dummy,development|BTC/USDT|2023-08-29T03:00:00+00:00,0.23853211009174313
2,return_above_1_percent,B_reduced,dummy,development|ETH/USDT|2023-08-29T07:00:00+00:00,0.23853211009174313
2,return_above_1_percent,B_reduced,dummy,development|BTC/USDT|2023-08-29T15:00:00+00:00,0.23853211009174313
2,return_above_1_percent,B_reduced,dummy,development|ETH/USDT|2023-08-29T15:00:00+00:00,0.23853211009174313
2,return_above_1_percent,B_reduced,dummy,development|ETH/USDT|2023-09-03T05:00:00+00:00,0.23853211009174313
2,return_above_1_percent,B_reduced,dummy,development|BTC/USDT|2023-09-03T06:00:00+00:00,0.23853211009174313
2,return_above_1_percent,B_reduced,dummy,development|ETH/USDT|2023-09-06T01:00:00+00:00,0.23853211009174313
2,return_above_1_percent,B_reduced,dummy,development|BTC/USDT|2023-09-07T13:00:00+00:00,0.23853211009174313
2,return_above_1_percent,B_reduced,dummy,development|BTC/USDT|2023-09-07T15:00:00+00:00,0.23853211009174313
2,return_above_1_percent,B_reduced,dummy,development|BTC/USDT|2023-09-12T16:00:00+00:00,0.23853211009174313
2,return_above_1_percent,B_reduced,dummy,development|ETH/USDT|2023-09-12T21:00:00+00:00,0.23853211009174313
2,return_above_1_percent,B_reduced,dummy,development|BTC/USDT|2023-09-16T14:00:00+00:00,0.23853211009174313
2,return_above_1_percent,B_reduced,dummy,development|BTC/USDT|2023-09-18T05:00:00+00:00,0.23853211009174313
2,return_above_1_percent,B_reduced,dummy,development|ETH/USDT|2023-09-18T14:00:00+00:00,0.23853211009174313
2,return_above_1_percent,B_reduced,dummy,development|ETH/USDT|2023-09-23T08:00:00+00:00,0.23853211009174313
2,return_above_1_percent,B_reduced,dummy,development|BTC/USDT|2023-09-24T12:00:00+00:00,0.23853211009174313
2,return_above_1_percent,B_reduced,dummy,development|ETH/USDT|2023-09-24T15:00:00+00:00,0.23853211009174313
2,return_above_1_percent,B_reduced,dummy,development|BTC/USDT|2023-09-24T18:00:00+00:00,0.23853211009174313
2,return_above_1_percent,B_reduced,dummy,development|ETH/USDT|2023-09-26T08:00:00+00:00,0.23853211009174313
2,return_above_1_percent,B_reduced,dummy,development|BTC/USDT|2023-09-26T21:00:00+00:00,0.23853211009174313
2,return_above_1_percent,B_reduced,dummy,development|BTC/USDT|2023-09-27T12:00:00+00:00,0.23853211009174313
2,return_above_1_percent,B_reduced,dummy,development|BTC/USDT|2023-09-30T22:00:00+00:00,0.23853211009174313
2,return_above_1_percent,B_reduced,logistic,development|BTC/USDT|2023-07-02T01:00:00+00:00,0.10056956419249685
2,return_above_1_percent,B_reduced,logistic,development|ETH/USDT|2023-07-03T02:00:00+00:00,0.11241527858964126
2,return_above_1_percent,B_reduced,logistic,development|BTC/USDT|2023-07-08T13:00:00+00:00,0.1597353981963228
2,return_above_1_percent,B_reduced,logistic,development|BTC/USDT|2023-07-09T09:00:00+00:00,0.06486220654919397
2,return_above_1_percent,B_reduced,logistic,development|BTC/USDT|2023-07-09T15:00:00+00:00,0.06960721292354856
2,return_above_1_percent,B_reduced,logistic,development|ETH/USDT|2023-07-09T15:00:00+00:00,0.26372179008470653
2,return_above_1_percent,B_reduced,logistic,development|BTC/USDT|2023-07-10T21:00:00+00:00,0.31884377077896187
2,return_above_1_percent,B_reduced,logistic,development|ETH/USDT|2023-07-10T21:00:00+00:00,0.26928728188925094
2,return_above_1_percent,B_reduced,logistic,development|ETH/USDT|2023-07-13T17:00:00+00:00,0.21024837053403644
2,return_above_1_percent,B_reduced,logistic,development|BTC/USDT|2023-07-13T20:00:00+00:00,0.4682324751906885
2,return_above_1_percent,B_reduced,logistic,development|BTC/USDT|2023-07-16T20:00:00+00:00,0.09318389219079606
2,return_above_1_percent,B_reduced,logistic,development|BTC/USDT|2023-07-17T01:00:00+00:00,0.22051498633396033
2,return_above_1_percent,B_reduced,logistic,development|ETH/USDT|2023-07-19T12:00:00+00:00,0.23014496785118085
2,return_above_1_percent,B_reduced,logistic,development|BTC/USDT|2023-07-19T18:00:00+00:00,0.14728251394565298
2,return_above_1_percent,B_reduced,logistic,development|ETH/USDT|2023-07-20T11:00:00+00:00,0.12045282033570846
2,return_above_1_percent,B_reduced,logistic,development|BTC/USDT|2023-07-22T10:00:00+00:00,0.22295920082124948
2,return_above_1_percent,B_reduced,logistic,development|BTC/USDT|2023-07-23T18:00:00+00:00,0.03526569915699425
2,return_above_1_percent,B_reduced,logistic,development|ETH/USDT|2023-07-26T02:00:00+00:00,0.3562317516786624
2,return_above_1_percent,B_reduced,logistic,development|BTC/USDT|2023-07-26T08:00:00+00:00,0.41620826652905135
2,return_above_1_percent,B_reduced,logistic,development|ETH/USDT|2023-07-29T00:00:00+00:00,0.18747481120573006
2,return_above_1_percent,B_reduced,logistic,development|BTC/USDT|2023-07-29T05:00:00+00:00,0.2552064196591578
2,return_above_1_percent,B_reduced,logistic,development|BTC/USDT|2023-07-30T17:00:00+00:00,0.05163153701686857
2,return_above_1_percent,B_reduced,logistic,development|BTC/USDT|2023-07-31T04:00:00+00:00,0.25213142681882145
2,return_above_1_percent,B_reduced,logistic,development|BTC/USDT|2023-08-02T05:00:00+00:00,0.3838674675678803
2,return_above_1_percent,B_reduced,logistic,development|ETH/USDT|2023-08-02T08:00:00+00:00,0.5213067878310997
2,return_above_1_percent,B_reduced,logistic,development|BTC/USDT|2023-08-04T10:00:00+00:00,0.12393532835248808
2,return_above_1_percent,B_reduced,logistic,development|ETH/USDT|2023-08-06T06:00:00+00:00,0.09441036353665593
2,return_above_1_percent,B_reduced,logistic,development|BTC/USDT|2023-08-06T19:00:00+00:00,0.08183557200735522
2,return_above_1_percent,B_reduced,logistic,development|ETH/USDT|2023-08-07T09:00:00+00:00,0.06640479596021635
2,return_above_1_percent,B_reduced,logistic,development|ETH/USDT|2023-08-08T15:00:00+00:00,0.3432721802591306
2,return_above_1_percent,B_reduced,logistic,development|ETH/USDT|2023-08-12T16:00:00+00:00,0.08079814567086696
2,return_above_1_percent,B_reduced,logistic,development|BTC/USDT|2023-08-13T00:00:00+00:00,0.0758379570527419
2,return_above_1_percent,B_reduced,logistic,development|BTC/USDT|2023-08-14T18:00:00+00:00,0.05959206960531039
2,return_above_1_percent,B_reduced,logistic,development|ETH/USDT|2023-08-20T04:00:00+00:00,0.6120801634085182
2,return_above_1_percent,B_reduced,logistic,development|BTC/USDT|2023-08-20T09:00:00+00:00,0.36765701040184895
2,return_above_1_percent,B_reduced,logistic,development|BTC/USDT|2023-08-23T18:00:00+00:00,0.3507905226602757
2,return_above_1_percent,B_reduced,logistic,development|ETH/USDT|2023-08-23T22:00:00+00:00,0.41968506084967333
2,return_above_1_percent,B_reduced,logistic,development|BTC/USDT|2023-08-26T16:00:00+00:00,0.17825194354605967
2,return_above_1_percent,B_reduced,logistic,development|ETH/USDT|2023-08-26T16:00:00+00:00,0.21894900742729917
2,return_above_1_percent,B_reduced,logistic,development|BTC/USDT|2023-08-27T13:00:00+00:00,0.05635601712083462
2,return_above_1_percent,B_reduced,logistic,development|ETH/USDT|2023-08-27T16:00:00+00:00,0.10053622464865039
2,return_above_1_percent,B_reduced,logistic,development|BTC/USDT|2023-08-29T03:00:00+00:00,0.3832496289360824
2,return_above_1_percent,B_reduced,logistic,development|ETH/USDT|2023-08-29T07:00:00+00:00,0.18965283522025017
2,return_above_1_percent,B_reduced,logistic,development|BTC/USDT|2023-08-29T15:00:00+00:00,0.051647050549092376
2,return_above_1_percent,B_reduced,logistic,development|ETH/USDT|2023-08-29T15:00:00+00:00,0.0680109612008969
2,return_above_1_percent,B_reduced,logistic,development|ETH/USDT|2023-09-03T05:00:00+00:00,0.3197121210543558
2,return_above_1_percent,B_reduced,logistic,development|BTC/USDT|2023-09-03T06:00:00+00:00,0.22324510867154349
2,return_above_1_percent,B_reduced,logistic,development|ETH/USDT|2023-09-06T01:00:00+00:00,0.39140178113741214
2,return_above_1_percent,B_reduced,logistic,development|BTC/USDT|2023-09-07T13:00:00+00:00,0.2754817521344033
2,return_above_1_percent,B_reduced,logistic,development|BTC/USDT|2023-09-07T15:00:00+00:00,0.17517078315073248
2,return_above_1_percent,B_reduced,logistic,development|BTC/USDT|2023-09-12T16:00:00+00:00,0.36509591830761506
2,return_above_1_percent,B_reduced,logistic,development|ETH/USDT|2023-09-12T21:00:00+00:00,0.7069980602150878
2,return_above_1_percent,B_reduced,logistic,development|BTC/USDT|2023-09-16T14:00:00+00:00,0.11340328728562664
2,return_above_1_percent,B_reduced,logistic,development|BTC/USDT|2023-09-18T05:00:00+00:00,0.32851645686274206
2,return_above_1_percent,B_reduced,logistic,development|ETH/USDT|2023-09-18T14:00:00+00:00,0.4684829721394564
2,return_above_1_percent,B_reduced,logistic,development|ETH/USDT|2023-09-23T08:00:00+00:00,0.32160707020961343
2,return_above_1_percent,B_reduced,logistic,development|BTC/USDT|2023-09-24T12:00:00+00:00,0.073863135590426
2,return_above_1_percent,B_reduced,logistic,development|ETH/USDT|2023-09-24T15:00:00+00:00,0.06250794993403365
2,return_above_1_percent,B_reduced,logistic,development|BTC/USDT|2023-09-24T18:00:00+00:00,0.03359088874848287
2,return_above_1_percent,B_reduced,logistic,development|ETH/USDT|2023-09-26T08:00:00+00:00,0.29377352772118237
2,return_above_1_percent,B_reduced,logistic,development|BTC/USDT|2023-09-26T21:00:00+00:00,0.36755696702420015
2,return_above_1_percent,B_reduced,logistic,development|BTC/USDT|2023-09-27T12:00:00+00:00,0.19052067983271245
2,return_above_1_percent,B_reduced,logistic,development|BTC/USDT|2023-09-30T22:00:00+00:00,0.12202419833924835
2,return_above_1_percent,B_reduced,forest,development|BTC/USDT|2023-07-02T01:00:00+00:00,0.15286111419504533
2,return_above_1_percent,B_reduced,forest,development|ETH/USDT|2023-07-03T02:00:00+00:00,0.10987696399704079
2,return_above_1_percent,B_reduced,forest,development|BTC/USDT|2023-07-08T13:00:00+00:00,0.12808374564214284
2,return_above_1_percent,B_reduced,forest,development|BTC/USDT|2023-07-09T09:00:00+00:00,0.1603699308981164
2,return_above_1_percent,B_reduced,forest,development|BTC/USDT|2023-07-09T15:00:00+00:00,0.1601393470594965
2,return_above_1_percent,B_reduced,forest,development|ETH/USDT|2023-07-09T15:00:00+00:00,0.19536169572830214
2,return_above_1_percent,B_reduced,forest,development|BTC/USDT|2023-07-10T21:00:00+00:00,0.32355556066399527
2,return_above_1_percent,B_reduced,forest,development|ETH/USDT|2023-07-10T21:00:00+00:00,0.2066256590234813
2,return_above_1_percent,B_reduced,forest,development|ETH/USDT|2023-07-13T17:00:00+00:00,0.13948019456176033
2,return_above_1_percent,B_reduced,forest,development|BTC/USDT|2023-07-13T20:00:00+00:00,0.08687379051878857
2,return_above_1_percent,B_reduced,forest,development|BTC/USDT|2023-07-16T20:00:00+00:00,0.15062435801102642
2,return_above_1_percent,B_reduced,forest,development|BTC/USDT|2023-07-17T01:00:00+00:00,0.23498300487043575
2,return_above_1_percent,B_reduced,forest,development|ETH/USDT|2023-07-19T12:00:00+00:00,0.15541581567923654
2,return_above_1_percent,B_reduced,forest,development|BTC/USDT|2023-07-19T18:00:00+00:00,0.2766000895664391
2,return_above_1_percent,B_reduced,forest,development|ETH/USDT|2023-07-20T11:00:00+00:00,0.19175393799354581
2,return_above_1_percent,B_reduced,forest,development|BTC/USDT|2023-07-22T10:00:00+00:00,0.2390371374425687
2,return_above_1_percent,B_reduced,forest,development|BTC/USDT|2023-07-23T18:00:00+00:00,0.1314524703710796
2,return_above_1_percent,B_reduced,forest,development|ETH/USDT|2023-07-26T02:00:00+00:00,0.24716546378153073
2,return_above_1_percent,B_reduced,forest,development|BTC/USDT|2023-07-26T08:00:00+00:00,0.2774134557625109
2,return_above_1_percent,B_reduced,forest,development|ETH/USDT|2023-07-29T00:00:00+00:00,0.26410574763126654
2,return_above_1_percent,B_reduced,forest,development|BTC/USDT|2023-07-29T05:00:00+00:00,0.242361849529977
2,return_above_1_percent,B_reduced,forest,development|BTC/USDT|2023-07-30T17:00:00+00:00,0.11756582710365365
2,return_above_1_percent,B_reduced,forest,development|BTC/USDT|2023-07-31T04:00:00+00:00,0.25500368120931727
2,return_above_1_percent,B_reduced,forest,development|BTC/USDT|2023-08-02T05:00:00+00:00,0.2264588998367947
2,return_above_1_percent,B_reduced,forest,development|ETH/USDT|2023-08-02T08:00:00+00:00,0.40435358696441803
2,return_above_1_percent,B_reduced,forest,development|BTC/USDT|2023-08-04T10:00:00+00:00,0.18047237251502943
2,return_above_1_percent,B_reduced,forest,development|ETH/USDT|2023-08-06T06:00:00+00:00,0.13701087479392896
2,return_above_1_percent,B_reduced,forest,development|BTC/USDT|2023-08-06T19:00:00+00:00,0.12409593588376243
2,return_above_1_percent,B_reduced,forest,development|ETH/USDT|2023-08-07T09:00:00+00:00,0.11616160542621161
2,return_above_1_percent,B_reduced,forest,development|ETH/USDT|2023-08-08T15:00:00+00:00,0.2750575842684045
2,return_above_1_percent,B_reduced,forest,development|ETH/USDT|2023-08-12T16:00:00+00:00,0.11991726739110085
2,return_above_1_percent,B_reduced,forest,development|BTC/USDT|2023-08-13T00:00:00+00:00,0.11274297751304159
2,return_above_1_percent,B_reduced,forest,development|BTC/USDT|2023-08-14T18:00:00+00:00,0.2714321508161769
2,return_above_1_percent,B_reduced,forest,development|ETH/USDT|2023-08-20T04:00:00+00:00,0.3469327191275411
2,return_above_1_percent,B_reduced,forest,development|BTC/USDT|2023-08-20T09:00:00+00:00,0.24382573738567725
2,return_above_1_percent,B_reduced,forest,development|BTC/USDT|2023-08-23T18:00:00+00:00,0.32031459755045105
2,return_above_1_percent,B_reduced,forest,development|ETH/USDT|2023-08-23T22:00:00+00:00,0.39210792212060197
2,return_above_1_percent,B_reduced,forest,development|BTC/USDT|2023-08-26T16:00:00+00:00,0.19124666717053956
2,return_above_1_percent,B_reduced,forest,development|ETH/USDT|2023-08-26T16:00:00+00:00,0.1920911644294375
2,return_above_1_percent,B_reduced,forest,development|BTC/USDT|2023-08-27T13:00:00+00:00,0.14427654367956688
2,return_above_1_percent,B_reduced,forest,development|ETH/USDT|2023-08-27T16:00:00+00:00,0.16882848667804173
2,return_above_1_percent,B_reduced,forest,development|BTC/USDT|2023-08-29T03:00:00+00:00,0.31468474401740737
2,return_above_1_percent,B_reduced,forest,development|ETH/USDT|2023-08-29T07:00:00+00:00,0.3382776462541448
2,return_above_1_percent,B_reduced,forest,development|BTC/USDT|2023-08-29T15:00:00+00:00,0.1783761580654958
2,return_above_1_percent,B_reduced,forest,development|ETH/USDT|2023-08-29T15:00:00+00:00,0.1699774353026392
2,return_above_1_percent,B_reduced,forest,development|ETH/USDT|2023-09-03T05:00:00+00:00,0.1713317603302286
2,return_above_1_percent,B_reduced,forest,development|BTC/USDT|2023-09-03T06:00:00+00:00,0.14691429992777955
2,return_above_1_percent,B_reduced,forest,development|ETH/USDT|2023-09-06T01:00:00+00:00,0.3565148925770067
2,return_above_1_percent,B_reduced,forest,development|BTC/USDT|2023-09-07T13:00:00+00:00,0.28797544195124763
2,return_above_1_percent,B_reduced,forest,development|BTC/USDT|2023-09-07T15:00:00+00:00,0.35489453496012496
2,return_above_1_percent,B_reduced,forest,development|BTC/USDT|2023-09-12T16:00:00+00:00,0.1652650975907334
2,return_above_1_percent,B_reduced,forest,development|ETH/USDT|2023-09-12T21:00:00+00:00,0.457381422643152
2,return_above_1_percent,B_reduced,forest,development|BTC/USDT|2023-09-16T14:00:00+00:00,0.1959920966777808
2,return_above_1_percent,B_reduced,forest,development|BTC/USDT|2023-09-18T05:00:00+00:00,0.16826091211405583
2,return_above_1_percent,B_reduced,forest,development|ETH/USDT|2023-09-18T14:00:00+00:00,0.345172795982525
2,return_above_1_percent,B_reduced,forest,development|ETH/USDT|2023-09-23T08:00:00+00:00,0.1708132709440166
2,return_above_1_percent,B_reduced,forest,development|BTC/USDT|2023-09-24T12:00:00+00:00,0.11160487983835855
2,return_above_1_percent,B_reduced,forest,development|ETH/USDT|2023-09-24T15:00:00+00:00,0.10669889147314858
2,return_above_1_percent,B_reduced,forest,development|BTC/USDT|2023-09-24T18:00:00+00:00,0.12461388407403659
2,return_above_1_percent,B_reduced,forest,development|ETH/USDT|2023-09-26T08:00:00+00:00,0.28515408041434087
2,return_above_1_percent,B_reduced,forest,development|BTC/USDT|2023-09-26T21:00:00+00:00,0.39316688078200057
2,return_above_1_percent,B_reduced,forest,development|BTC/USDT|2023-09-27T12:00:00+00:00,0.3099020846780122
2,return_above_1_percent,B_reduced,forest,development|BTC/USDT|2023-09-30T22:00:00+00:00,0.12893786270547142
2,return_above_1_percent,B_reduced,hist_gradient,development|BTC/USDT|2023-07-02T01:00:00+00:00,0.14574155558030424
2,return_above_1_percent,B_reduced,hist_gradient,development|ETH/USDT|2023-07-03T02:00:00+00:00,0.15237656360245416
2,return_above_1_percent,B_reduced,hist_gradient,development|BTC/USDT|2023-07-08T13:00:00+00:00,0.18712704222186516
2,return_above_1_percent,B_reduced,hist_gradient,development|BTC/USDT|2023-07-09T09:00:00+00:00,0.23825952933450018
2,return_above_1_percent,B_reduced,hist_gradient,development|BTC/USDT|2023-07-09T15:00:00+00:00,0.19049749198382274
2,return_above_1_percent,B_reduced,hist_gradient,development|ETH/USDT|2023-07-09T15:00:00+00:00,0.25154904913961174
2,return_above_1_percent,B_reduced,hist_gradient,development|BTC/USDT|2023-07-10T21:00:00+00:00,0.38546010281068294
2,return_above_1_percent,B_reduced,hist_gradient,development|ETH/USDT|2023-07-10T21:00:00+00:00,0.2273715434414416
2,return_above_1_percent,B_reduced,hist_gradient,development|ETH/USDT|2023-07-13T17:00:00+00:00,0.15006025071218174
2,return_above_1_percent,B_reduced,hist_gradient,development|BTC/USDT|2023-07-13T20:00:00+00:00,0.12645524372017364
2,return_above_1_percent,B_reduced,hist_gradient,development|BTC/USDT|2023-07-16T20:00:00+00:00,0.23395625234411074
2,return_above_1_percent,B_reduced,hist_gradient,development|BTC/USDT|2023-07-17T01:00:00+00:00,0.24977051183660623
2,return_above_1_percent,B_reduced,hist_gradient,development|ETH/USDT|2023-07-19T12:00:00+00:00,0.15061373550786325
2,return_above_1_percent,B_reduced,hist_gradient,development|BTC/USDT|2023-07-19T18:00:00+00:00,0.2595882323112711
2,return_above_1_percent,B_reduced,hist_gradient,development|ETH/USDT|2023-07-20T11:00:00+00:00,0.12695002900831567
2,return_above_1_percent,B_reduced,hist_gradient,development|BTC/USDT|2023-07-22T10:00:00+00:00,0.2724486605060482
2,return_above_1_percent,B_reduced,hist_gradient,development|BTC/USDT|2023-07-23T18:00:00+00:00,0.17115445001449542
2,return_above_1_percent,B_reduced,hist_gradient,development|ETH/USDT|2023-07-26T02:00:00+00:00,0.25839743708576035
2,return_above_1_percent,B_reduced,hist_gradient,development|BTC/USDT|2023-07-26T08:00:00+00:00,0.32956629820668243
2,return_above_1_percent,B_reduced,hist_gradient,development|ETH/USDT|2023-07-29T00:00:00+00:00,0.2635529742793414
2,return_above_1_percent,B_reduced,hist_gradient,development|BTC/USDT|2023-07-29T05:00:00+00:00,0.2198107027661732
2,return_above_1_percent,B_reduced,hist_gradient,development|BTC/USDT|2023-07-30T17:00:00+00:00,0.17115445001449542
2,return_above_1_percent,B_reduced,hist_gradient,development|BTC/USDT|2023-07-31T04:00:00+00:00,0.3038604616040392
2,return_above_1_percent,B_reduced,hist_gradient,development|BTC/USDT|2023-08-02T05:00:00+00:00,0.13920401016636152
2,return_above_1_percent,B_reduced,hist_gradient,development|ETH/USDT|2023-08-02T08:00:00+00:00,0.4411733948673992
2,return_above_1_percent,B_reduced,hist_gradient,development|BTC/USDT|2023-08-04T10:00:00+00:00,0.1732651637813439
2,return_above_1_percent,B_reduced,hist_gradient,development|ETH/USDT|2023-08-06T06:00:00+00:00,0.1982414107997339
2,return_above_1_percent,B_reduced,hist_gradient,development|BTC/USDT|2023-08-06T19:00:00+00:00,0.22172212434651203
2,return_above_1_percent,B_reduced,hist_gradient,development|ETH/USDT|2023-08-07T09:00:00+00:00,0.1837213280943716
2,return_above_1_percent,B_reduced,hist_gradient,development|ETH/USDT|2023-08-08T15:00:00+00:00,0.2651972900332192
2,return_above_1_percent,B_reduced,hist_gradient,development|ETH/USDT|2023-08-12T16:00:00+00:00,0.1837213280943716
2,return_above_1_percent,B_reduced,hist_gradient,development|BTC/USDT|2023-08-13T00:00:00+00:00,0.21535695448969713
2,return_above_1_percent,B_reduced,hist_gradient,development|BTC/USDT|2023-08-14T18:00:00+00:00,0.17340929931828447
2,return_above_1_percent,B_reduced,hist_gradient,development|ETH/USDT|2023-08-20T04:00:00+00:00,0.3629010683863061
2,return_above_1_percent,B_reduced,hist_gradient,development|BTC/USDT|2023-08-20T09:00:00+00:00,0.3799699333051921
2,return_above_1_percent,B_reduced,hist_gradient,development|BTC/USDT|2023-08-23T18:00:00+00:00,0.34479496976579066
2,return_above_1_percent,B_reduced,hist_gradient,development|ETH/USDT|2023-08-23T22:00:00+00:00,0.4380502142948891
2,return_above_1_percent,B_reduced,hist_gradient,development|BTC/USDT|2023-08-26T16:00:00+00:00,0.27379914288897933
2,return_above_1_percent,B_reduced,hist_gradient,development|ETH/USDT|2023-08-26T16:00:00+00:00,0.3172142476143687
2,return_above_1_percent,B_reduced,hist_gradient,development|BTC/USDT|2023-08-27T13:00:00+00:00,0.2472615032801377
2,return_above_1_percent,B_reduced,hist_gradient,development|ETH/USDT|2023-08-27T16:00:00+00:00,0.25668977333568194
2,return_above_1_percent,B_reduced,hist_gradient,development|BTC/USDT|2023-08-29T03:00:00+00:00,0.2705961182791547
2,return_above_1_percent,B_reduced,hist_gradient,development|ETH/USDT|2023-08-29T07:00:00+00:00,0.3150634366917043
2,return_above_1_percent,B_reduced,hist_gradient,development|BTC/USDT|2023-08-29T15:00:00+00:00,0.14269313130056394
2,return_above_1_percent,B_reduced,hist_gradient,development|ETH/USDT|2023-08-29T15:00:00+00:00,0.1387911372559467
2,return_above_1_percent,B_reduced,hist_gradient,development|ETH/USDT|2023-09-03T05:00:00+00:00,0.20314240404304917
2,return_above_1_percent,B_reduced,hist_gradient,development|BTC/USDT|2023-09-03T06:00:00+00:00,0.21103538284338683
2,return_above_1_percent,B_reduced,hist_gradient,development|ETH/USDT|2023-09-06T01:00:00+00:00,0.3304414819789614
2,return_above_1_percent,B_reduced,hist_gradient,development|BTC/USDT|2023-09-07T13:00:00+00:00,0.31582240264438777
2,return_above_1_percent,B_reduced,hist_gradient,development|BTC/USDT|2023-09-07T15:00:00+00:00,0.3962493384674089
2,return_above_1_percent,B_reduced,hist_gradient,development|BTC/USDT|2023-09-12T16:00:00+00:00,0.12645524372017364
2,return_above_1_percent,B_reduced,hist_gradient,development|ETH/USDT|2023-09-12T21:00:00+00:00,0.492867777717252
2,return_above_1_percent,B_reduced,hist_gradient,development|BTC/USDT|2023-09-16T14:00:00+00:00,0.11932561311424722
2,return_above_1_percent,B_reduced,hist_gradient,development|BTC/USDT|2023-09-18T05:00:00+00:00,0.16778389581201267
2,return_above_1_percent,B_reduced,hist_gradient,development|ETH/USDT|2023-09-18T14:00:00+00:00,0.34525712453787927
2,return_above_1_percent,B_reduced,hist_gradient,development|ETH/USDT|2023-09-23T08:00:00+00:00,0.2560677509283076
2,return_above_1_percent,B_reduced,hist_gradient,development|BTC/USDT|2023-09-24T12:00:00+00:00,0.21535695448969713
2,return_above_1_percent,B_reduced,hist_gradient,development|ETH/USDT|2023-09-24T15:00:00+00:00,0.16425186403626862
2,return_above_1_percent,B_reduced,hist_gradient,development|BTC/USDT|2023-09-24T18:00:00+00:00,0.17115445001449542
2,return_above_1_percent,B_reduced,hist_gradient,development|ETH/USDT|2023-09-26T08:00:00+00:00,0.316779549532455
2,return_above_1_percent,B_reduced,hist_gradient,development|BTC/USDT|2023-09-26T21:00:00+00:00,0.3734748069808056
2,return_above_1_percent,B_reduced,hist_gradient,development|BTC/USDT|2023-09-27T12:00:00+00:00,0.30235887027559893
2,return_above_1_percent,B_reduced,hist_gradient,development|BTC/USDT|2023-09-30T22:00:00+00:00,0.18366944287326895
2,return_above_1_percent,C_price,dummy,development|BTC/USDT|2023-07-02T01:00:00+00:00,0.23853211009174313
2,return_above_1_percent,C_price,dummy,development|ETH/USDT|2023-07-03T02:00:00+00:00,0.23853211009174313
2,return_above_1_percent,C_price,dummy,development|BTC/USDT|2023-07-08T13:00:00+00:00,0.23853211009174313
2,return_above_1_percent,C_price,dummy,development|BTC/USDT|2023-07-09T09:00:00+00:00,0.23853211009174313
2,return_above_1_percent,C_price,dummy,development|BTC/USDT|2023-07-09T15:00:00+00:00,0.23853211009174313
2,return_above_1_percent,C_price,dummy,development|ETH/USDT|2023-07-09T15:00:00+00:00,0.23853211009174313
2,return_above_1_percent,C_price,dummy,development|BTC/USDT|2023-07-10T21:00:00+00:00,0.23853211009174313
2,return_above_1_percent,C_price,dummy,development|ETH/USDT|2023-07-10T21:00:00+00:00,0.23853211009174313
2,return_above_1_percent,C_price,dummy,development|ETH/USDT|2023-07-13T17:00:00+00:00,0.23853211009174313
2,return_above_1_percent,C_price,dummy,development|BTC/USDT|2023-07-13T20:00:00+00:00,0.23853211009174313
2,return_above_1_percent,C_price,dummy,development|BTC/USDT|2023-07-16T20:00:00+00:00,0.23853211009174313
2,return_above_1_percent,C_price,dummy,development|BTC/USDT|2023-07-17T01:00:00+00:00,0.23853211009174313
2,return_above_1_percent,C_price,dummy,development|ETH/USDT|2023-07-19T12:00:00+00:00,0.23853211009174313
2,return_above_1_percent,C_price,dummy,development|BTC/USDT|2023-07-19T18:00:00+00:00,0.23853211009174313
2,return_above_1_percent,C_price,dummy,development|ETH/USDT|2023-07-20T11:00:00+00:00,0.23853211009174313
2,return_above_1_percent,C_price,dummy,development|BTC/USDT|2023-07-22T10:00:00+00:00,0.23853211009174313
2,return_above_1_percent,C_price,dummy,development|BTC/USDT|2023-07-23T18:00:00+00:00,0.23853211009174313
2,return_above_1_percent,C_price,dummy,development|ETH/USDT|2023-07-26T02:00:00+00:00,0.23853211009174313
2,return_above_1_percent,C_price,dummy,development|BTC/USDT|2023-07-26T08:00:00+00:00,0.23853211009174313
2,return_above_1_percent,C_price,dummy,development|ETH/USDT|2023-07-29T00:00:00+00:00,0.23853211009174313
2,return_above_1_percent,C_price,dummy,development|BTC/USDT|2023-07-29T05:00:00+00:00,0.23853211009174313
2,return_above_1_percent,C_price,dummy,development|BTC/USDT|2023-07-30T17:00:00+00:00,0.23853211009174313
2,return_above_1_percent,C_price,dummy,development|BTC/USDT|2023-07-31T04:00:00+00:00,0.23853211009174313
2,return_above_1_percent,C_price,dummy,development|BTC/USDT|2023-08-02T05:00:00+00:00,0.23853211009174313
2,return_above_1_percent,C_price,dummy,development|ETH/USDT|2023-08-02T08:00:00+00:00,0.23853211009174313
2,return_above_1_percent,C_price,dummy,development|BTC/USDT|2023-08-04T10:00:00+00:00,0.23853211009174313
2,return_above_1_percent,C_price,dummy,development|ETH/USDT|2023-08-06T06:00:00+00:00,0.23853211009174313
2,return_above_1_percent,C_price,dummy,development|BTC/USDT|2023-08-06T19:00:00+00:00,0.23853211009174313
2,return_above_1_percent,C_price,dummy,development|ETH/USDT|2023-08-07T09:00:00+00:00,0.23853211009174313
2,return_above_1_percent,C_price,dummy,development|ETH/USDT|2023-08-08T15:00:00+00:00,0.23853211009174313
2,return_above_1_percent,C_price,dummy,development|ETH/USDT|2023-08-12T16:00:00+00:00,0.23853211009174313
2,return_above_1_percent,C_price,dummy,development|BTC/USDT|2023-08-13T00:00:00+00:00,0.23853211009174313
2,return_above_1_percent,C_price,dummy,development|BTC/USDT|2023-08-14T18:00:00+00:00,0.23853211009174313
2,return_above_1_percent,C_price,dummy,development|ETH/USDT|2023-08-20T04:00:00+00:00,0.23853211009174313
2,return_above_1_percent,C_price,dummy,development|BTC/USDT|2023-08-20T09:00:00+00:00,0.23853211009174313
2,return_above_1_percent,C_price,dummy,development|BTC/USDT|2023-08-23T18:00:00+00:00,0.23853211009174313
2,return_above_1_percent,C_price,dummy,development|ETH/USDT|2023-08-23T22:00:00+00:00,0.23853211009174313
2,return_above_1_percent,C_price,dummy,development|BTC/USDT|2023-08-26T16:00:00+00:00,0.23853211009174313
2,return_above_1_percent,C_price,dummy,development|ETH/USDT|2023-08-26T16:00:00+00:00,0.23853211009174313
2,return_above_1_percent,C_price,dummy,development|BTC/USDT|2023-08-27T13:00:00+00:00,0.23853211009174313
2,return_above_1_percent,C_price,dummy,development|ETH/USDT|2023-08-27T16:00:00+00:00,0.23853211009174313
2,return_above_1_percent,C_price,dummy,development|BTC/USDT|2023-08-29T03:00:00+00:00,0.23853211009174313
2,return_above_1_percent,C_price,dummy,development|ETH/USDT|2023-08-29T07:00:00+00:00,0.23853211009174313
2,return_above_1_percent,C_price,dummy,development|BTC/USDT|2023-08-29T15:00:00+00:00,0.23853211009174313
2,return_above_1_percent,C_price,dummy,development|ETH/USDT|2023-08-29T15:00:00+00:00,0.23853211009174313
2,return_above_1_percent,C_price,dummy,development|ETH/USDT|2023-09-03T05:00:00+00:00,0.23853211009174313
2,return_above_1_percent,C_price,dummy,development|BTC/USDT|2023-09-03T06:00:00+00:00,0.23853211009174313
2,return_above_1_percent,C_price,dummy,development|ETH/USDT|2023-09-06T01:00:00+00:00,0.23853211009174313
2,return_above_1_percent,C_price,dummy,development|BTC/USDT|2023-09-07T13:00:00+00:00,0.23853211009174313
2,return_above_1_percent,C_price,dummy,development|BTC/USDT|2023-09-07T15:00:00+00:00,0.23853211009174313
2,return_above_1_percent,C_price,dummy,development|BTC/USDT|2023-09-12T16:00:00+00:00,0.23853211009174313
2,return_above_1_percent,C_price,dummy,development|ETH/USDT|2023-09-12T21:00:00+00:00,0.23853211009174313
2,return_above_1_percent,C_price,dummy,development|BTC/USDT|2023-09-16T14:00:00+00:00,0.23853211009174313
2,return_above_1_percent,C_price,dummy,development|BTC/USDT|2023-09-18T05:00:00+00:00,0.23853211009174313
2,return_above_1_percent,C_price,dummy,development|ETH/USDT|2023-09-18T14:00:00+00:00,0.23853211009174313
2,return_above_1_percent,C_price,dummy,development|ETH/USDT|2023-09-23T08:00:00+00:00,0.23853211009174313
2,return_above_1_percent,C_price,dummy,development|BTC/USDT|2023-09-24T12:00:00+00:00,0.23853211009174313
2,return_above_1_percent,C_price,dummy,development|ETH/USDT|2023-09-24T15:00:00+00:00,0.23853211009174313
2,return_above_1_percent,C_price,dummy,development|BTC/USDT|2023-09-24T18:00:00+00:00,0.23853211009174313
2,return_above_1_percent,C_price,dummy,development|ETH/USDT|2023-09-26T08:00:00+00:00,0.23853211009174313
2,return_above_1_percent,C_price,dummy,development|BTC/USDT|2023-09-26T21:00:00+00:00,0.23853211009174313
2,return_above_1_percent,C_price,dummy,development|BTC/USDT|2023-09-27T12:00:00+00:00,0.23853211009174313
2,return_above_1_percent,C_price,dummy,development|BTC/USDT|2023-09-30T22:00:00+00:00,0.23853211009174313
2,return_above_1_percent,C_price,logistic,development|BTC/USDT|2023-07-02T01:00:00+00:00,0.20413780840251225
2,return_above_1_percent,C_price,logistic,development|ETH/USDT|2023-07-03T02:00:00+00:00,0.08134691623013218
2,return_above_1_percent,C_price,logistic,development|BTC/USDT|2023-07-08T13:00:00+00:00,0.2799156742143872
2,return_above_1_percent,C_price,logistic,development|BTC/USDT|2023-07-09T09:00:00+00:00,0.10559029929191033
2,return_above_1_percent,C_price,logistic,development|BTC/USDT|2023-07-09T15:00:00+00:00,0.1401958243541546
2,return_above_1_percent,C_price,logistic,development|ETH/USDT|2023-07-09T15:00:00+00:00,0.3383046304203167
2,return_above_1_percent,C_price,logistic,development|BTC/USDT|2023-07-10T21:00:00+00:00,0.3279344843910524
2,return_above_1_percent,C_price,logistic,development|ETH/USDT|2023-07-10T21:00:00+00:00,0.28107953129075053
2,return_above_1_percent,C_price,logistic,development|ETH/USDT|2023-07-13T17:00:00+00:00,0.17850358874829358
2,return_above_1_percent,C_price,logistic,development|BTC/USDT|2023-07-13T20:00:00+00:00,0.2040797695346807
2,return_above_1_percent,C_price,logistic,development|BTC/USDT|2023-07-16T20:00:00+00:00,0.22388032909525335
2,return_above_1_percent,C_price,logistic,development|BTC/USDT|2023-07-17T01:00:00+00:00,0.2055962751813942
2,return_above_1_percent,C_price,logistic,development|ETH/USDT|2023-07-19T12:00:00+00:00,0.35274111976874734
2,return_above_1_percent,C_price,logistic,development|BTC/USDT|2023-07-19T18:00:00+00:00,0.21710372061681033
2,return_above_1_percent,C_price,logistic,development|ETH/USDT|2023-07-20T11:00:00+00:00,0.21303258286071863
2,return_above_1_percent,C_price,logistic,development|BTC/USDT|2023-07-22T10:00:00+00:00,0.2123840318113762
2,return_above_1_percent,C_price,logistic,development|BTC/USDT|2023-07-23T18:00:00+00:00,0.08948029032406446
2,return_above_1_percent,C_price,logistic,development|ETH/USDT|2023-07-26T02:00:00+00:00,0.28335703306593074
2,return_above_1_percent,C_price,logistic,development|BTC/USDT|2023-07-26T08:00:00+00:00,0.25572308921730663
2,return_above_1_percent,C_price,logistic,development|ETH/USDT|2023-07-29T00:00:00+00:00,0.1371493530136838
2,return_above_1_percent,C_price,logistic,development|BTC/USDT|2023-07-29T05:00:00+00:00,0.20407330569210777
2,return_above_1_percent,C_price,logistic,development|BTC/USDT|2023-07-30T17:00:00+00:00,0.14759854514677076
2,return_above_1_percent,C_price,logistic,development|BTC/USDT|2023-07-31T04:00:00+00:00,0.09963350155718623
2,return_above_1_percent,C_price,logistic,development|BTC/USDT|2023-08-02T05:00:00+00:00,0.13414923190236336
2,return_above_1_percent,C_price,logistic,development|ETH/USDT|2023-08-02T08:00:00+00:00,0.27464075418119727
2,return_above_1_percent,C_price,logistic,development|BTC/USDT|2023-08-04T10:00:00+00:00,0.1713620097999326
2,return_above_1_percent,C_price,logistic,development|ETH/USDT|2023-08-06T06:00:00+00:00,0.16374114095401776
2,return_above_1_percent,C_price,logistic,development|BTC/USDT|2023-08-06T19:00:00+00:00,0.21822072219640457
2,return_above_1_percent,C_price,logistic,development|ETH/USDT|2023-08-07T09:00:00+00:00,0.1080243941051539
2,return_above_1_percent,C_price,logistic,development|ETH/USDT|2023-08-08T15:00:00+00:00,0.13274529932673662
2,return_above_1_percent,C_price,logistic,development|ETH/USDT|2023-08-12T16:00:00+00:00,0.19083804516257202
2,return_above_1_percent,C_price,logistic,development|BTC/USDT|2023-08-13T00:00:00+00:00,0.21104717951951954
2,return_above_1_percent,C_price,logistic,development|BTC/USDT|2023-08-14T18:00:00+00:00,0.1486252496530031
2,return_above_1_percent,C_price,logistic,development|ETH/USDT|2023-08-20T04:00:00+00:00,0.5647390302683211
2,return_above_1_percent,C_price,logistic,development|BTC/USDT|2023-08-20T09:00:00+00:00,0.46849628290638284
2,return_above_1_percent,C_price,logistic,development|BTC/USDT|2023-08-23T18:00:00+00:00,0.24909418445461268
2,return_above_1_percent,C_price,logistic,development|ETH/USDT|2023-08-23T22:00:00+00:00,0.4889890045032635
2,return_above_1_percent,C_price,logistic,development|BTC/USDT|2023-08-26T16:00:00+00:00,0.19045254601038095
2,return_above_1_percent,C_price,logistic,development|ETH/USDT|2023-08-26T16:00:00+00:00,0.21882344978538634
2,return_above_1_percent,C_price,logistic,development|BTC/USDT|2023-08-27T13:00:00+00:00,0.11635231814607576
2,return_above_1_percent,C_price,logistic,development|ETH/USDT|2023-08-27T16:00:00+00:00,0.18652571127333253
2,return_above_1_percent,C_price,logistic,development|BTC/USDT|2023-08-29T03:00:00+00:00,0.1927432557510667
2,return_above_1_percent,C_price,logistic,development|ETH/USDT|2023-08-29T07:00:00+00:00,0.1391155685287665
2,return_above_1_percent,C_price,logistic,development|BTC/USDT|2023-08-29T15:00:00+00:00,0.02869067592357392
2,return_above_1_percent,C_price,logistic,development|ETH/USDT|2023-08-29T15:00:00+00:00,0.045004297815694747
2,return_above_1_percent,C_price,logistic,development|ETH/USDT|2023-09-03T05:00:00+00:00,0.3362547105220036
2,return_above_1_percent,C_price,logistic,development|BTC/USDT|2023-09-03T06:00:00+00:00,0.25716195196256797
2,return_above_1_percent,C_price,logistic,development|ETH/USDT|2023-09-06T01:00:00+00:00,0.26755332208653326
2,return_above_1_percent,C_price,logistic,development|BTC/USDT|2023-09-07T13:00:00+00:00,0.20715424838133814
2,return_above_1_percent,C_price,logistic,development|BTC/USDT|2023-09-07T15:00:00+00:00,0.09639582121031327
2,return_above_1_percent,C_price,logistic,development|BTC/USDT|2023-09-12T16:00:00+00:00,0.17004861672235974
2,return_above_1_percent,C_price,logistic,development|ETH/USDT|2023-09-12T21:00:00+00:00,0.5814181159998474
2,return_above_1_percent,C_price,logistic,development|BTC/USDT|2023-09-16T14:00:00+00:00,0.2554906455839166
2,return_above_1_percent,C_price,logistic,development|BTC/USDT|2023-09-18T05:00:00+00:00,0.18823689677743358
2,return_above_1_percent,C_price,logistic,development|ETH/USDT|2023-09-18T14:00:00+00:00,0.29261321202587137
2,return_above_1_percent,C_price,logistic,development|ETH/USDT|2023-09-23T08:00:00+00:00,0.33466373387959225
2,return_above_1_percent,C_price,logistic,development|BTC/USDT|2023-09-24T12:00:00+00:00,0.19377951521318865
2,return_above_1_percent,C_price,logistic,development|ETH/USDT|2023-09-24T15:00:00+00:00,0.17079722454008872
2,return_above_1_percent,C_price,logistic,development|BTC/USDT|2023-09-24T18:00:00+00:00,0.10841598589246704
2,return_above_1_percent,C_price,logistic,development|ETH/USDT|2023-09-26T08:00:00+00:00,0.22835468503685746
2,return_above_1_percent,C_price,logistic,development|BTC/USDT|2023-09-26T21:00:00+00:00,0.2113610105619053
2,return_above_1_percent,C_price,logistic,development|BTC/USDT|2023-09-27T12:00:00+00:00,0.11036658809227108
2,return_above_1_percent,C_price,logistic,development|BTC/USDT|2023-09-30T22:00:00+00:00,0.17835650118033244
2,return_above_1_percent,C_price,forest,development|BTC/USDT|2023-07-02T01:00:00+00:00,0.2298577473693966
2,return_above_1_percent,C_price,forest,development|ETH/USDT|2023-07-03T02:00:00+00:00,0.06560932039214738
2,return_above_1_percent,C_price,forest,development|BTC/USDT|2023-07-08T13:00:00+00:00,0.2323700237896545
2,return_above_1_percent,C_price,forest,development|BTC/USDT|2023-07-09T09:00:00+00:00,0.1836971756391691
2,return_above_1_percent,C_price,forest,development|BTC/USDT|2023-07-09T15:00:00+00:00,0.19150470062866057
2,return_above_1_percent,C_price,forest,development|ETH/USDT|2023-07-09T15:00:00+00:00,0.23825462964708588
2,return_above_1_percent,C_price,forest,development|BTC/USDT|2023-07-10T21:00:00+00:00,0.3148984427008425
2,return_above_1_percent,C_price,forest,development|ETH/USDT|2023-07-10T21:00:00+00:00,0.26935823489566374
2,return_above_1_percent,C_price,forest,development|ETH/USDT|2023-07-13T17:00:00+00:00,0.08759887579011569
2,return_above_1_percent,C_price,forest,development|BTC/USDT|2023-07-13T20:00:00+00:00,0.07245688868996297
2,return_above_1_percent,C_price,forest,development|BTC/USDT|2023-07-16T20:00:00+00:00,0.19141580892985155
2,return_above_1_percent,C_price,forest,development|BTC/USDT|2023-07-17T01:00:00+00:00,0.26071712382918
2,return_above_1_percent,C_price,forest,development|ETH/USDT|2023-07-19T12:00:00+00:00,0.19512626399280247
2,return_above_1_percent,C_price,forest,development|BTC/USDT|2023-07-19T18:00:00+00:00,0.27549138938458895
2,return_above_1_percent,C_price,forest,development|ETH/USDT|2023-07-20T11:00:00+00:00,0.27004816204633875
2,return_above_1_percent,C_price,forest,development|BTC/USDT|2023-07-22T10:00:00+00:00,0.21007458413128144
2,return_above_1_percent,C_price,forest,development|BTC/USDT|2023-07-23T18:00:00+00:00,0.1905725674911519
2,return_above_1_percent,C_price,forest,development|ETH/USDT|2023-07-26T02:00:00+00:00,0.2048037936958846
2,return_above_1_percent,C_price,forest,development|BTC/USDT|2023-07-26T08:00:00+00:00,0.2246947524549324
2,return_above_1_percent,C_price,forest,development|ETH/USDT|2023-07-29T00:00:00+00:00,0.20603867623874156
2,return_above_1_percent,C_price,forest,development|BTC/USDT|2023-07-29T05:00:00+00:00,0.2087318616420717
2,return_above_1_percent,C_price,forest,development|BTC/USDT|2023-07-30T17:00:00+00:00,0.20113975026834116
2,return_above_1_percent,C_price,forest,development|BTC/USDT|2023-07-31T04:00:00+00:00,0.2002409761800792
2,return_above_1_percent,C_price,forest,development|BTC/USDT|2023-08-02T05:00:00+00:00,0.1413744846983155
2,return_above_1_percent,C_price,forest,development|ETH/USDT|2023-08-02T08:00:00+00:00,0.25575919526707547
2,return_above_1_percent,C_price,forest,development|BTC/USDT|2023-08-04T10:00:00+00:00,0.19686918205226733
2,return_above_1_percent,C_price,forest,development|ETH/USDT|2023-08-06T06:00:00+00:00,0.1705867813697877
2,return_above_1_percent,C_price,forest,development|BTC/USDT|2023-08-06T19:00:00+00:00,0.20339918426912595
2,return_above_1_percent,C_price,forest,development|ETH/USDT|2023-08-07T09:00:00+00:00,0.183648467034153
2,return_above_1_percent,C_price,forest,development|ETH/USDT|2023-08-08T15:00:00+00:00,0.18465312262213296
2,return_above_1_percent,C_price,forest,development|ETH/USDT|2023-08-12T16:00:00+00:00,0.18099583992617102
2,return_above_1_percent,C_price,forest,development|BTC/USDT|2023-08-13T00:00:00+00:00,0.17785962884011625
2,return_above_1_percent,C_price,forest,development|BTC/USDT|2023-08-14T18:00:00+00:00,0.21451608364523364
2,return_above_1_percent,C_price,forest,development|ETH/USDT|2023-08-20T04:00:00+00:00,0.2586207231178771
2,return_above_1_percent,C_price,forest,development|BTC/USDT|2023-08-20T09:00:00+00:00,0.23645906860698543
2,return_above_1_percent,C_price,forest,development|BTC/USDT|2023-08-23T18:00:00+00:00,0.2845759067426969
2,return_above_1_percent,C_price,forest,development|ETH/USDT|2023-08-23T22:00:00+00:00,0.34958024920022657
2,return_above_1_percent,C_price,forest,development|BTC/USDT|2023-08-26T16:00:00+00:00,0.20195182453640365
2,return_above_1_percent,C_price,forest,development|ETH/USDT|2023-08-26T16:00:00+00:00,0.2224129222980669
2,return_above_1_percent,C_price,forest,development|BTC/USDT|2023-08-27T13:00:00+00:00,0.17419828510846988
2,return_above_1_percent,C_price,forest,development|ETH/USDT|2023-08-27T16:00:00+00:00,0.2047310095201895
2,return_above_1_percent,C_price,forest,development|BTC/USDT|2023-08-29T03:00:00+00:00,0.20221117057547133
2,return_above_1_percent,C_price,forest,development|ETH/USDT|2023-08-29T07:00:00+00:00,0.22056258311433738
2,return_above_1_percent,C_price,forest,development|BTC/USDT|2023-08-29T15:00:00+00:00,0.13020010235694493
2,return_above_1_percent,C_price,forest,development|ETH/USDT|2023-08-29T15:00:00+00:00,0.16638261315614705
2,return_above_1_percent,C_price,forest,development|ETH/USDT|2023-09-03T05:00:00+00:00,0.24282767242583503
2,return_above_1_percent,C_price,forest,development|BTC/USDT|2023-09-03T06:00:00+00:00,0.17848724417635192
2,return_above_1_percent,C_price,forest,development|ETH/USDT|2023-09-06T01:00:00+00:00,0.2590528879081353
2,return_above_1_percent,C_price,forest,development|BTC/USDT|2023-09-07T13:00:00+00:00,0.2968135124149234
2,return_above_1_percent,C_price,forest,development|BTC/USDT|2023-09-07T15:00:00+00:00,0.24210448889526254
2,return_above_1_percent,C_price,forest,development|BTC/USDT|2023-09-12T16:00:00+00:00,0.11521602283582831
2,return_above_1_percent,C_price,forest,development|ETH/USDT|2023-09-12T21:00:00+00:00,0.43258480458382104
2,return_above_1_percent,C_price,forest,development|BTC/USDT|2023-09-16T14:00:00+00:00,0.2721160602115316
2,return_above_1_percent,C_price,forest,development|BTC/USDT|2023-09-18T05:00:00+00:00,0.20175125535996785
2,return_above_1_percent,C_price,forest,development|ETH/USDT|2023-09-18T14:00:00+00:00,0.2716935558473396
2,return_above_1_percent,C_price,forest,development|ETH/USDT|2023-09-23T08:00:00+00:00,0.20847386526188671
2,return_above_1_percent,C_price,forest,development|BTC/USDT|2023-09-24T12:00:00+00:00,0.18262594244579894
2,return_above_1_percent,C_price,forest,development|ETH/USDT|2023-09-24T15:00:00+00:00,0.17937458746219653
2,return_above_1_percent,C_price,forest,development|BTC/USDT|2023-09-24T18:00:00+00:00,0.18499533563409984
2,return_above_1_percent,C_price,forest,development|ETH/USDT|2023-09-26T08:00:00+00:00,0.24469786157105916
2,return_above_1_percent,C_price,forest,development|BTC/USDT|2023-09-26T21:00:00+00:00,0.2563380153639346
2,return_above_1_percent,C_price,forest,development|BTC/USDT|2023-09-27T12:00:00+00:00,0.2170270453581976
2,return_above_1_percent,C_price,forest,development|BTC/USDT|2023-09-30T22:00:00+00:00,0.15284815969215615
2,return_above_1_percent,C_price,hist_gradient,development|BTC/USDT|2023-07-02T01:00:00+00:00,0.24229863604497145
2,return_above_1_percent,C_price,hist_gradient,development|ETH/USDT|2023-07-03T02:00:00+00:00,0.1331585560321944
2,return_above_1_percent,C_price,hist_gradient,development|BTC/USDT|2023-07-08T13:00:00+00:00,0.25296637094180696
2,return_above_1_percent,C_price,hist_gradient,development|BTC/USDT|2023-07-09T09:00:00+00:00,0.20908217523811304
2,return_above_1_percent,C_price,hist_gradient,development|BTC/USDT|2023-07-09T15:00:00+00:00,0.141448890009723
2,return_above_1_percent,C_price,hist_gradient,development|ETH/USDT|2023-07-09T15:00:00+00:00,0.19428621648323274
2,return_above_1_percent,C_price,hist_gradient,development|BTC/USDT|2023-07-10T21:00:00+00:00,0.3075952630500742
2,return_above_1_percent,C_price,hist_gradient,development|ETH/USDT|2023-07-10T21:00:00+00:00,0.2284331004723179
2,return_above_1_percent,C_price,hist_gradient,development|ETH/USDT|2023-07-13T17:00:00+00:00,0.11789527077143075
2,return_above_1_percent,C_price,hist_gradient,development|BTC/USDT|2023-07-13T20:00:00+00:00,0.11789527077143075
2,return_above_1_percent,C_price,hist_gradient,development|BTC/USDT|2023-07-16T20:00:00+00:00,0.22973177625723432
2,return_above_1_percent,C_price,hist_gradient,development|BTC/USDT|2023-07-17T01:00:00+00:00,0.31633765074391645
2,return_above_1_percent,C_price,hist_gradient,development|ETH/USDT|2023-07-19T12:00:00+00:00,0.23644486223183755
2,return_above_1_percent,C_price,hist_gradient,development|BTC/USDT|2023-07-19T18:00:00+00:00,0.2339335547356956
2,return_above_1_percent,C_price,hist_gradient,development|ETH/USDT|2023-07-20T11:00:00+00:00,0.15056646569343354
2,return_above_1_percent,C_price,hist_gradient,development|BTC/USDT|2023-07-22T10:00:00+00:00,0.21779918433009085
2,return_above_1_percent,C_price,hist_gradient,development|BTC/USDT|2023-07-23T18:00:00+00:00,0.16388398969189835
2,return_above_1_percent,C_price,hist_gradient,development|ETH/USDT|2023-07-26T02:00:00+00:00,0.2676937651592906
2,return_above_1_percent,C_price,hist_gradient,development|BTC/USDT|2023-07-26T08:00:00+00:00,0.19659731115859524
2,return_above_1_percent,C_price,hist_gradient,development|ETH/USDT|2023-07-29T00:00:00+00:00,0.18604776341596818
2,return_above_1_percent,C_price,hist_gradient,development|BTC/USDT|2023-07-29T05:00:00+00:00,0.141448890009723
2,return_above_1_percent,C_price,hist_gradient,development|BTC/USDT|2023-07-30T17:00:00+00:00,0.141448890009723
2,return_above_1_percent,C_price,hist_gradient,development|BTC/USDT|2023-07-31T04:00:00+00:00,0.23648370155531487
2,return_above_1_percent,C_price,hist_gradient,development|BTC/USDT|2023-08-02T05:00:00+00:00,0.12046869239423316
2,return_above_1_percent,C_price,hist_gradient,development|ETH/USDT|2023-08-02T08:00:00+00:00,0.25496149504092147
2,return_above_1_percent,C_price,hist_gradient,development|BTC/USDT|2023-08-04T10:00:00+00:00,0.17428395214672018
2,return_above_1_percent,C_price,hist_gradient,development|ETH/USDT|2023-08-06T06:00:00+00:00,0.15341285861839868
2,return_above_1_percent,C_price,hist_gradient,development|BTC/USDT|2023-08-06T19:00:00+00:00,0.19945517120778328
2,return_above_1_percent,C_price,hist_gradient,development|ETH/USDT|2023-08-07T09:00:00+00:00,0.19169007882646427
2,return_above_1_percent,C_price,hist_gradient,development|ETH/USDT|2023-08-08T15:00:00+00:00,0.15059072923852634
2,return_above_1_percent,C_price,hist_gradient,development|ETH/USDT|2023-08-12T16:00:00+00:00,0.16738114386902994
2,return_above_1_percent,C_price,hist_gradient,development|BTC/USDT|2023-08-13T00:00:00+00:00,0.19945517120778328
2,return_above_1_percent,C_price,hist_gradient,development|BTC/USDT|2023-08-14T18:00:00+00:00,0.15894847623149666
2,return_above_1_percent,C_price,hist_gradient,development|ETH/USDT|2023-08-20T04:00:00+00:00,0.18728868488049505
2,return_above_1_percent,C_price,hist_gradient,development|BTC/USDT|2023-08-20T09:00:00+00:00,0.20011984588539253
2,return_above_1_percent,C_price,hist_gradient,development|BTC/USDT|2023-08-23T18:00:00+00:00,0.20654418502356178
2,return_above_1_percent,C_price,hist_gradient,development|ETH/USDT|2023-08-23T22:00:00+00:00,0.44325454269919895
2,return_above_1_percent,C_price,hist_gradient,development|BTC/USDT|2023-08-26T16:00:00+00:00,0.1547957318627085
2,return_above_1_percent,C_price,hist_gradient,development|ETH/USDT|2023-08-26T16:00:00+00:00,0.2480331958622569
2,return_above_1_percent,C_price,hist_gradient,development|BTC/USDT|2023-08-27T13:00:00+00:00,0.20908217523811304
2,return_above_1_percent,C_price,hist_gradient,development|ETH/USDT|2023-08-27T16:00:00+00:00,0.15245590533785522
2,return_above_1_percent,C_price,hist_gradient,development|BTC/USDT|2023-08-29T03:00:00+00:00,0.141448890009723
2,return_above_1_percent,C_price,hist_gradient,development|ETH/USDT|2023-08-29T07:00:00+00:00,0.22520377200739228
2,return_above_1_percent,C_price,hist_gradient,development|BTC/USDT|2023-08-29T15:00:00+00:00,0.11789527077143075
2,return_above_1_percent,C_price,hist_gradient,development|ETH/USDT|2023-08-29T15:00:00+00:00,0.11789527077143075
2,return_above_1_percent,C_price,hist_gradient,development|ETH/USDT|2023-09-03T05:00:00+00:00,0.21205195720814285
2,return_above_1_percent,C_price,hist_gradient,development|BTC/USDT|2023-09-03T06:00:00+00:00,0.20908217523811304
2,return_above_1_percent,C_price,hist_gradient,development|ETH/USDT|2023-09-06T01:00:00+00:00,0.19619545147485948
2,return_above_1_percent,C_price,hist_gradient,development|BTC/USDT|2023-09-07T13:00:00+00:00,0.3030686033592718
2,return_above_1_percent,C_price,hist_gradient,development|BTC/USDT|2023-09-07T15:00:00+00:00,0.2096280603086629
2,return_above_1_percent,C_price,hist_gradient,development|BTC/USDT|2023-09-12T16:00:00+00:00,0.12261004909524952
2,return_above_1_percent,C_price,hist_gradient,development|ETH/USDT|2023-09-12T21:00:00+00:00,0.44931243741939514
2,return_above_1_percent,C_price,hist_gradient,development|BTC/USDT|2023-09-16T14:00:00+00:00,0.17223065187553918
2,return_above_1_percent,C_price,hist_gradient,development|BTC/USDT|2023-09-18T05:00:00+00:00,0.12862260411241
2,return_above_1_percent,C_price,hist_gradient,development|ETH/USDT|2023-09-18T14:00:00+00:00,0.40396870636021986
2,return_above_1_percent,C_price,hist_gradient,development|ETH/USDT|2023-09-23T08:00:00+00:00,0.21207361581451725
2,return_above_1_percent,C_price,hist_gradient,development|BTC/USDT|2023-09-24T12:00:00+00:00,0.19945517120778328
2,return_above_1_percent,C_price,hist_gradient,development|ETH/USDT|2023-09-24T15:00:00+00:00,0.15109019837458337
2,return_above_1_percent,C_price,hist_gradient,development|BTC/USDT|2023-09-24T18:00:00+00:00,0.141448890009723
2,return_above_1_percent,C_price,hist_gradient,development|ETH/USDT|2023-09-26T08:00:00+00:00,0.26257433557333965
2,return_above_1_percent,C_price,hist_gradient,development|BTC/USDT|2023-09-26T21:00:00+00:00,0.18728868488049505
2,return_above_1_percent,C_price,hist_gradient,development|BTC/USDT|2023-09-27T12:00:00+00:00,0.227631581562235
2,return_above_1_percent,C_price,hist_gradient,development|BTC/USDT|2023-09-30T22:00:00+00:00,0.1588771050617406
2,return_above_1_percent,D_price_volatility,dummy,development|BTC/USDT|2023-07-02T01:00:00+00:00,0.23853211009174313
2,return_above_1_percent,D_price_volatility,dummy,development|ETH/USDT|2023-07-03T02:00:00+00:00,0.23853211009174313
2,return_above_1_percent,D_price_volatility,dummy,development|BTC/USDT|2023-07-08T13:00:00+00:00,0.23853211009174313
2,return_above_1_percent,D_price_volatility,dummy,development|BTC/USDT|2023-07-09T09:00:00+00:00,0.23853211009174313
2,return_above_1_percent,D_price_volatility,dummy,development|BTC/USDT|2023-07-09T15:00:00+00:00,0.23853211009174313
2,return_above_1_percent,D_price_volatility,dummy,development|ETH/USDT|2023-07-09T15:00:00+00:00,0.23853211009174313
2,return_above_1_percent,D_price_volatility,dummy,development|BTC/USDT|2023-07-10T21:00:00+00:00,0.23853211009174313
2,return_above_1_percent,D_price_volatility,dummy,development|ETH/USDT|2023-07-10T21:00:00+00:00,0.23853211009174313
2,return_above_1_percent,D_price_volatility,dummy,development|ETH/USDT|2023-07-13T17:00:00+00:00,0.23853211009174313
2,return_above_1_percent,D_price_volatility,dummy,development|BTC/USDT|2023-07-13T20:00:00+00:00,0.23853211009174313
2,return_above_1_percent,D_price_volatility,dummy,development|BTC/USDT|2023-07-16T20:00:00+00:00,0.23853211009174313
2,return_above_1_percent,D_price_volatility,dummy,development|BTC/USDT|2023-07-17T01:00:00+00:00,0.23853211009174313
2,return_above_1_percent,D_price_volatility,dummy,development|ETH/USDT|2023-07-19T12:00:00+00:00,0.23853211009174313
2,return_above_1_percent,D_price_volatility,dummy,development|BTC/USDT|2023-07-19T18:00:00+00:00,0.23853211009174313
2,return_above_1_percent,D_price_volatility,dummy,development|ETH/USDT|2023-07-20T11:00:00+00:00,0.23853211009174313
2,return_above_1_percent,D_price_volatility,dummy,development|BTC/USDT|2023-07-22T10:00:00+00:00,0.23853211009174313
2,return_above_1_percent,D_price_volatility,dummy,development|BTC/USDT|2023-07-23T18:00:00+00:00,0.23853211009174313
2,return_above_1_percent,D_price_volatility,dummy,development|ETH/USDT|2023-07-26T02:00:00+00:00,0.23853211009174313
2,return_above_1_percent,D_price_volatility,dummy,development|BTC/USDT|2023-07-26T08:00:00+00:00,0.23853211009174313
2,return_above_1_percent,D_price_volatility,dummy,development|ETH/USDT|2023-07-29T00:00:00+00:00,0.23853211009174313
2,return_above_1_percent,D_price_volatility,dummy,development|BTC/USDT|2023-07-29T05:00:00+00:00,0.23853211009174313
2,return_above_1_percent,D_price_volatility,dummy,development|BTC/USDT|2023-07-30T17:00:00+00:00,0.23853211009174313
2,return_above_1_percent,D_price_volatility,dummy,development|BTC/USDT|2023-07-31T04:00:00+00:00,0.23853211009174313
2,return_above_1_percent,D_price_volatility,dummy,development|BTC/USDT|2023-08-02T05:00:00+00:00,0.23853211009174313
2,return_above_1_percent,D_price_volatility,dummy,development|ETH/USDT|2023-08-02T08:00:00+00:00,0.23853211009174313
2,return_above_1_percent,D_price_volatility,dummy,development|BTC/USDT|2023-08-04T10:00:00+00:00,0.23853211009174313
2,return_above_1_percent,D_price_volatility,dummy,development|ETH/USDT|2023-08-06T06:00:00+00:00,0.23853211009174313
2,return_above_1_percent,D_price_volatility,dummy,development|BTC/USDT|2023-08-06T19:00:00+00:00,0.23853211009174313
2,return_above_1_percent,D_price_volatility,dummy,development|ETH/USDT|2023-08-07T09:00:00+00:00,0.23853211009174313
2,return_above_1_percent,D_price_volatility,dummy,development|ETH/USDT|2023-08-08T15:00:00+00:00,0.23853211009174313
2,return_above_1_percent,D_price_volatility,dummy,development|ETH/USDT|2023-08-12T16:00:00+00:00,0.23853211009174313
2,return_above_1_percent,D_price_volatility,dummy,development|BTC/USDT|2023-08-13T00:00:00+00:00,0.23853211009174313
2,return_above_1_percent,D_price_volatility,dummy,development|BTC/USDT|2023-08-14T18:00:00+00:00,0.23853211009174313
2,return_above_1_percent,D_price_volatility,dummy,development|ETH/USDT|2023-08-20T04:00:00+00:00,0.23853211009174313
2,return_above_1_percent,D_price_volatility,dummy,development|BTC/USDT|2023-08-20T09:00:00+00:00,0.23853211009174313
2,return_above_1_percent,D_price_volatility,dummy,development|BTC/USDT|2023-08-23T18:00:00+00:00,0.23853211009174313
2,return_above_1_percent,D_price_volatility,dummy,development|ETH/USDT|2023-08-23T22:00:00+00:00,0.23853211009174313
2,return_above_1_percent,D_price_volatility,dummy,development|BTC/USDT|2023-08-26T16:00:00+00:00,0.23853211009174313
2,return_above_1_percent,D_price_volatility,dummy,development|ETH/USDT|2023-08-26T16:00:00+00:00,0.23853211009174313
2,return_above_1_percent,D_price_volatility,dummy,development|BTC/USDT|2023-08-27T13:00:00+00:00,0.23853211009174313
2,return_above_1_percent,D_price_volatility,dummy,development|ETH/USDT|2023-08-27T16:00:00+00:00,0.23853211009174313
2,return_above_1_percent,D_price_volatility,dummy,development|BTC/USDT|2023-08-29T03:00:00+00:00,0.23853211009174313
2,return_above_1_percent,D_price_volatility,dummy,development|ETH/USDT|2023-08-29T07:00:00+00:00,0.23853211009174313
2,return_above_1_percent,D_price_volatility,dummy,development|BTC/USDT|2023-08-29T15:00:00+00:00,0.23853211009174313
2,return_above_1_percent,D_price_volatility,dummy,development|ETH/USDT|2023-08-29T15:00:00+00:00,0.23853211009174313
2,return_above_1_percent,D_price_volatility,dummy,development|ETH/USDT|2023-09-03T05:00:00+00:00,0.23853211009174313
2,return_above_1_percent,D_price_volatility,dummy,development|BTC/USDT|2023-09-03T06:00:00+00:00,0.23853211009174313
2,return_above_1_percent,D_price_volatility,dummy,development|ETH/USDT|2023-09-06T01:00:00+00:00,0.23853211009174313
2,return_above_1_percent,D_price_volatility,dummy,development|BTC/USDT|2023-09-07T13:00:00+00:00,0.23853211009174313
2,return_above_1_percent,D_price_volatility,dummy,development|BTC/USDT|2023-09-07T15:00:00+00:00,0.23853211009174313
2,return_above_1_percent,D_price_volatility,dummy,development|BTC/USDT|2023-09-12T16:00:00+00:00,0.23853211009174313
2,return_above_1_percent,D_price_volatility,dummy,development|ETH/USDT|2023-09-12T21:00:00+00:00,0.23853211009174313
2,return_above_1_percent,D_price_volatility,dummy,development|BTC/USDT|2023-09-16T14:00:00+00:00,0.23853211009174313
2,return_above_1_percent,D_price_volatility,dummy,development|BTC/USDT|2023-09-18T05:00:00+00:00,0.23853211009174313
2,return_above_1_percent,D_price_volatility,dummy,development|ETH/USDT|2023-09-18T14:00:00+00:00,0.23853211009174313
2,return_above_1_percent,D_price_volatility,dummy,development|ETH/USDT|2023-09-23T08:00:00+00:00,0.23853211009174313
2,return_above_1_percent,D_price_volatility,dummy,development|BTC/USDT|2023-09-24T12:00:00+00:00,0.23853211009174313
2,return_above_1_percent,D_price_volatility,dummy,development|ETH/USDT|2023-09-24T15:00:00+00:00,0.23853211009174313
2,return_above_1_percent,D_price_volatility,dummy,development|BTC/USDT|2023-09-24T18:00:00+00:00,0.23853211009174313
2,return_above_1_percent,D_price_volatility,dummy,development|ETH/USDT|2023-09-26T08:00:00+00:00,0.23853211009174313
2,return_above_1_percent,D_price_volatility,dummy,development|BTC/USDT|2023-09-26T21:00:00+00:00,0.23853211009174313
2,return_above_1_percent,D_price_volatility,dummy,development|BTC/USDT|2023-09-27T12:00:00+00:00,0.23853211009174313
2,return_above_1_percent,D_price_volatility,dummy,development|BTC/USDT|2023-09-30T22:00:00+00:00,0.23853211009174313
2,return_above_1_percent,D_price_volatility,logistic,development|BTC/USDT|2023-07-02T01:00:00+00:00,0.1840494644767562
2,return_above_1_percent,D_price_volatility,logistic,development|ETH/USDT|2023-07-03T02:00:00+00:00,0.09567093496565762
2,return_above_1_percent,D_price_volatility,logistic,development|BTC/USDT|2023-07-08T13:00:00+00:00,0.2512736948646462
2,return_above_1_percent,D_price_volatility,logistic,development|BTC/USDT|2023-07-09T09:00:00+00:00,0.10229796368368507
2,return_above_1_percent,D_price_volatility,logistic,development|BTC/USDT|2023-07-09T15:00:00+00:00,0.12700565437468828
2,return_above_1_percent,D_price_volatility,logistic,development|ETH/USDT|2023-07-09T15:00:00+00:00,0.3106217157324733
2,return_above_1_percent,D_price_volatility,logistic,development|BTC/USDT|2023-07-10T21:00:00+00:00,0.323266316052376
2,return_above_1_percent,D_price_volatility,logistic,development|ETH/USDT|2023-07-10T21:00:00+00:00,0.3036374301582675
2,return_above_1_percent,D_price_volatility,logistic,development|ETH/USDT|2023-07-13T17:00:00+00:00,0.22893807702833618
2,return_above_1_percent,D_price_volatility,logistic,development|BTC/USDT|2023-07-13T20:00:00+00:00,0.2661643898525601
2,return_above_1_percent,D_price_volatility,logistic,development|BTC/USDT|2023-07-16T20:00:00+00:00,0.20217107008119994
2,return_above_1_percent,D_price_volatility,logistic,development|BTC/USDT|2023-07-17T01:00:00+00:00,0.18990042551193956
2,return_above_1_percent,D_price_volatility,logistic,development|ETH/USDT|2023-07-19T12:00:00+00:00,0.3243773065556939
2,return_above_1_percent,D_price_volatility,logistic,development|BTC/USDT|2023-07-19T18:00:00+00:00,0.2466903449211732
2,return_above_1_percent,D_price_volatility,logistic,development|ETH/USDT|2023-07-20T11:00:00+00:00,0.21463504554091892
2,return_above_1_percent,D_price_volatility,logistic,development|BTC/USDT|2023-07-22T10:00:00+00:00,0.203403838473358
2,return_above_1_percent,D_price_volatility,logistic,development|BTC/USDT|2023-07-23T18:00:00+00:00,0.08931652273481815
2,return_above_1_percent,D_price_volatility,logistic,development|ETH/USDT|2023-07-26T02:00:00+00:00,0.27378391593385315
2,return_above_1_percent,D_price_volatility,logistic,development|BTC/USDT|2023-07-26T08:00:00+00:00,0.2645484229871248
2,return_above_1_percent,D_price_volatility,logistic,development|ETH/USDT|2023-07-29T00:00:00+00:00,0.14237523905803098
2,return_above_1_percent,D_price_volatility,logistic,development|BTC/USDT|2023-07-29T05:00:00+00:00,0.1925145549576643
2,return_above_1_percent,D_price_volatility,logistic,development|BTC/USDT|2023-07-30T17:00:00+00:00,0.15063243817956773
2,return_above_1_percent,D_price_volatility,logistic,development|BTC/USDT|2023-07-31T04:00:00+00:00,0.12090707748097065
2,return_above_1_percent,D_price_volatility,logistic,development|BTC/USDT|2023-08-02T05:00:00+00:00,0.19224035781913798
2,return_above_1_percent,D_price_volatility,logistic,development|ETH/USDT|2023-08-02T08:00:00+00:00,0.3367324446034515
2,return_above_1_percent,D_price_volatility,logistic,development|BTC/USDT|2023-08-04T10:00:00+00:00,0.18818709966903716
2,return_above_1_percent,D_price_volatility,logistic,development|ETH/USDT|2023-08-06T06:00:00+00:00,0.16722185542443366
2,return_above_1_percent,D_price_volatility,logistic,development|BTC/USDT|2023-08-06T19:00:00+00:00,0.22127764795836222
2,return_above_1_percent,D_price_volatility,logistic,development|ETH/USDT|2023-08-07T09:00:00+00:00,0.11999472570438574
2,return_above_1_percent,D_price_volatility,logistic,development|ETH/USDT|2023-08-08T15:00:00+00:00,0.1637121647818259
2,return_above_1_percent,D_price_volatility,logistic,development|ETH/USDT|2023-08-12T16:00:00+00:00,0.20439848452226947
2,return_above_1_percent,D_price_volatility,logistic,development|BTC/USDT|2023-08-13T00:00:00+00:00,0.22588732640456513
2,return_above_1_percent,D_price_volatility,logistic,development|BTC/USDT|2023-08-14T18:00:00+00:00,0.2040027926197635
2,return_above_1_percent,D_price_volatility,logistic,development|ETH/USDT|2023-08-20T04:00:00+00:00,0.6480551294464513
2,return_above_1_percent,D_price_volatility,logistic,development|BTC/USDT|2023-08-20T09:00:00+00:00,0.5391099805511457
2,return_above_1_percent,D_price_volatility,logistic,development|BTC/USDT|2023-08-23T18:00:00+00:00,0.3247509062439927
2,return_above_1_percent,D_price_volatility,logistic,development|ETH/USDT|2023-08-23T22:00:00+00:00,0.5484455611346964
2,return_above_1_percent,D_price_volatility,logistic,development|BTC/USDT|2023-08-26T16:00:00+00:00,0.219482305473556
2,return_above_1_percent,D_price_volatility,logistic,development|ETH/USDT|2023-08-26T16:00:00+00:00,0.25390021644588157
2,return_above_1_percent,D_price_volatility,logistic,development|BTC/USDT|2023-08-27T13:00:00+00:00,0.1266445009638409
2,return_above_1_percent,D_price_volatility,logistic,development|ETH/USDT|2023-08-27T16:00:00+00:00,0.20627205116368247
2,return_above_1_percent,D_price_volatility,logistic,development|BTC/USDT|2023-08-29T03:00:00+00:00,0.2468283771787092
2,return_above_1_percent,D_price_volatility,logistic,development|ETH/USDT|2023-08-29T07:00:00+00:00,0.18178823310474077
2,return_above_1_percent,D_price_volatility,logistic,development|BTC/USDT|2023-08-29T15:00:00+00:00,0.0228390659151435
2,return_above_1_percent,D_price_volatility,logistic,development|ETH/USDT|2023-08-29T15:00:00+00:00,0.04796351599129482
2,return_above_1_percent,D_price_volatility,logistic,development|ETH/USDT|2023-09-03T05:00:00+00:00,0.36332130954519615
2,return_above_1_percent,D_price_volatility,logistic,development|BTC/USDT|2023-09-03T06:00:00+00:00,0.25408061192217485
2,return_above_1_percent,D_price_volatility,logistic,development|ETH/USDT|2023-09-06T01:00:00+00:00,0.32880319781431117
2,return_above_1_percent,D_price_volatility,logistic,development|BTC/USDT|2023-09-07T13:00:00+00:00,0.21305420297647273
2,return_above_1_percent,D_price_volatility,logistic,development|BTC/USDT|2023-09-07T15:00:00+00:00,0.11138664612843784
2,return_above_1_percent,D_price_volatility,logistic,development|BTC/USDT|2023-09-12T16:00:00+00:00,0.22921824365954957
2,return_above_1_percent,D_price_volatility,logistic,development|ETH/USDT|2023-09-12T21:00:00+00:00,0.6913004191833951
2,return_above_1_percent,D_price_volatility,logistic,development|BTC/USDT|2023-09-16T14:00:00+00:00,0.2485045881182217
2,return_above_1_percent,D_price_volatility,logistic,development|BTC/USDT|2023-09-18T05:00:00+00:00,0.20221070266637217
2,return_above_1_percent,D_price_volatility,logistic,development|ETH/USDT|2023-09-18T14:00:00+00:00,0.38615054397889437
2,return_above_1_percent,D_price_volatility,logistic,development|ETH/USDT|2023-09-23T08:00:00+00:00,0.33354768903965143
2,return_above_1_percent,D_price_volatility,logistic,development|BTC/USDT|2023-09-24T12:00:00+00:00,0.19437558754288023
2,return_above_1_percent,D_price_volatility,logistic,development|ETH/USDT|2023-09-24T15:00:00+00:00,0.16508036667564885
2,return_above_1_percent,D_price_volatility,logistic,development|BTC/USDT|2023-09-24T18:00:00+00:00,0.1085872975847974
2,return_above_1_percent,D_price_volatility,logistic,development|ETH/USDT|2023-09-26T08:00:00+00:00,0.25324621277832743
2,return_above_1_percent,D_price_volatility,logistic,development|BTC/USDT|2023-09-26T21:00:00+00:00,0.2816201756710912
2,return_above_1_percent,D_price_volatility,logistic,development|BTC/USDT|2023-09-27T12:00:00+00:00,0.14079240599747825
2,return_above_1_percent,D_price_volatility,logistic,development|BTC/USDT|2023-09-30T22:00:00+00:00,0.19393746796730013
2,return_above_1_percent,D_price_volatility,forest,development|BTC/USDT|2023-07-02T01:00:00+00:00,0.22110775925370882
2,return_above_1_percent,D_price_volatility,forest,development|ETH/USDT|2023-07-03T02:00:00+00:00,0.11625917024243027
2,return_above_1_percent,D_price_volatility,forest,development|BTC/USDT|2023-07-08T13:00:00+00:00,0.19898377616917007
2,return_above_1_percent,D_price_volatility,forest,development|BTC/USDT|2023-07-09T09:00:00+00:00,0.19370093458201995
2,return_above_1_percent,D_price_volatility,forest,development|BTC/USDT|2023-07-09T15:00:00+00:00,0.18013203447507103
2,return_above_1_percent,D_price_volatility,forest,development|ETH/USDT|2023-07-09T15:00:00+00:00,0.18453848816492854
2,return_above_1_percent,D_price_volatility,forest,development|BTC/USDT|2023-07-10T21:00:00+00:00,0.2656932899904209
2,return_above_1_percent,D_price_volatility,forest,development|ETH/USDT|2023-07-10T21:00:00+00:00,0.23091321728576658
2,return_above_1_percent,D_price_volatility,forest,development|ETH/USDT|2023-07-13T17:00:00+00:00,0.09739661050754193
2,return_above_1_percent,D_price_volatility,forest,development|BTC/USDT|2023-07-13T20:00:00+00:00,0.0887984013887715
2,return_above_1_percent,D_price_volatility,forest,development|BTC/USDT|2023-07-16T20:00:00+00:00,0.17415315361519326
2,return_above_1_percent,D_price_volatility,forest,development|BTC/USDT|2023-07-17T01:00:00+00:00,0.2205964979082449
2,return_above_1_percent,D_price_volatility,forest,development|ETH/USDT|2023-07-19T12:00:00+00:00,0.15039626393978853
2,return_above_1_percent,D_price_volatility,forest,development|BTC/USDT|2023-07-19T18:00:00+00:00,0.33567010039892103
2,return_above_1_percent,D_price_volatility,forest,development|ETH/USDT|2023-07-20T11:00:00+00:00,0.20953568951085264
2,return_above_1_percent,D_price_volatility,forest,development|BTC/USDT|2023-07-22T10:00:00+00:00,0.202354654483843
2,return_above_1_percent,D_price_volatility,forest,development|BTC/USDT|2023-07-23T18:00:00+00:00,0.16580319212717132
2,return_above_1_percent,D_price_volatility,forest,development|ETH/USDT|2023-07-26T02:00:00+00:00,0.17115100538177203
2,return_above_1_percent,D_price_volatility,forest,development|BTC/USDT|2023-07-26T08:00:00+00:00,0.19480267596220244
2,return_above_1_percent,D_price_volatility,forest,development|ETH/USDT|2023-07-29T00:00:00+00:00,0.21284857608782623
2,return_above_1_percent,D_price_volatility,forest,development|BTC/USDT|2023-07-29T05:00:00+00:00,0.19889230121584534
2,return_above_1_percent,D_price_volatility,forest,development|BTC/USDT|2023-07-30T17:00:00+00:00,0.19020326494361536
2,return_above_1_percent,D_price_volatility,forest,development|BTC/USDT|2023-07-31T04:00:00+00:00,0.1906548781872364
2,return_above_1_percent,D_price_volatility,forest,development|BTC/USDT|2023-08-02T05:00:00+00:00,0.16585953683634852
2,return_above_1_percent,D_price_volatility,forest,development|ETH/USDT|2023-08-02T08:00:00+00:00,0.3142538396477488
2,return_above_1_percent,D_price_volatility,forest,development|BTC/USDT|2023-08-04T10:00:00+00:00,0.176332891101722
2,return_above_1_percent,D_price_volatility,forest,development|ETH/USDT|2023-08-06T06:00:00+00:00,0.15426663367538876
2,return_above_1_percent,D_price_volatility,forest,development|BTC/USDT|2023-08-06T19:00:00+00:00,0.19819326113862612
2,return_above_1_percent,D_price_volatility,forest,development|ETH/USDT|2023-08-07T09:00:00+00:00,0.18433489502397535
2,return_above_1_percent,D_price_volatility,forest,development|ETH/USDT|2023-08-08T15:00:00+00:00,0.17617620576549028
2,return_above_1_percent,D_price_volatility,forest,development|ETH/USDT|2023-08-12T16:00:00+00:00,0.1735333553522495
2,return_above_1_percent,D_price_volatility,forest,development|BTC/USDT|2023-08-13T00:00:00+00:00,0.16405828418747273
2,return_above_1_percent,D_price_volatility,forest,development|BTC/USDT|2023-08-14T18:00:00+00:00,0.2823530591428616
2,return_above_1_percent,D_price_volatility,forest,development|ETH/USDT|2023-08-20T04:00:00+00:00,0.3233123468466454
2,return_above_1_percent,D_price_volatility,forest,development|BTC/USDT|2023-08-20T09:00:00+00:00,0.32873441280276194
2,return_above_1_percent,D_price_volatility,forest,development|BTC/USDT|2023-08-23T18:00:00+00:00,0.32295770950873065
2,return_above_1_percent,D_price_volatility,forest,development|ETH/USDT|2023-08-23T22:00:00+00:00,0.38098478270996056
2,return_above_1_percent,D_price_volatility,forest,development|BTC/USDT|2023-08-26T16:00:00+00:00,0.2072172088708692
2,return_above_1_percent,D_price_volatility,forest,development|ETH/USDT|2023-08-26T16:00:00+00:00,0.20642762442996898
2,return_above_1_percent,D_price_volatility,forest,development|BTC/USDT|2023-08-27T13:00:00+00:00,0.17942911834927325
2,return_above_1_percent,D_price_volatility,forest,development|ETH/USDT|2023-08-27T16:00:00+00:00,0.2023831140151627
2,return_above_1_percent,D_price_volatility,forest,development|BTC/USDT|2023-08-29T03:00:00+00:00,0.2617168426650208
2,return_above_1_percent,D_price_volatility,forest,development|ETH/USDT|2023-08-29T07:00:00+00:00,0.2978176489747903
2,return_above_1_percent,D_price_volatility,forest,development|BTC/USDT|2023-08-29T15:00:00+00:00,0.1344222596142065
2,return_above_1_percent,D_price_volatility,forest,development|ETH/USDT|2023-08-29T15:00:00+00:00,0.16049465870634244
2,return_above_1_percent,D_price_volatility,forest,development|ETH/USDT|2023-09-03T05:00:00+00:00,0.19838759100284853
2,return_above_1_percent,D_price_volatility,forest,development|BTC/USDT|2023-09-03T06:00:00+00:00,0.15192034793910136
2,return_above_1_percent,D_price_volatility,forest,development|ETH/USDT|2023-09-06T01:00:00+00:00,0.31269284770882605
2,return_above_1_percent,D_price_volatility,forest,development|BTC/USDT|2023-09-07T13:00:00+00:00,0.21003644417367248
2,return_above_1_percent,D_price_volatility,forest,development|BTC/USDT|2023-09-07T15:00:00+00:00,0.32568218224593287
2,return_above_1_percent,D_price_volatility,forest,development|BTC/USDT|2023-09-12T16:00:00+00:00,0.1409575010892876
2,return_above_1_percent,D_price_volatility,forest,development|ETH/USDT|2023-09-12T21:00:00+00:00,0.43797262247252683
2,return_above_1_percent,D_price_volatility,forest,development|BTC/USDT|2023-09-16T14:00:00+00:00,0.2189052096304811
2,return_above_1_percent,D_price_volatility,forest,development|BTC/USDT|2023-09-18T05:00:00+00:00,0.16899033156090176
2,return_above_1_percent,D_price_volatility,forest,development|ETH/USDT|2023-09-18T14:00:00+00:00,0.2993992088403885
2,return_above_1_percent,D_price_volatility,forest,development|ETH/USDT|2023-09-23T08:00:00+00:00,0.19491226266228875
2,return_above_1_percent,D_price_volatility,forest,development|BTC/USDT|2023-09-24T12:00:00+00:00,0.1754595985593753
2,return_above_1_percent,D_price_volatility,forest,development|ETH/USDT|2023-09-24T15:00:00+00:00,0.1791571089231014
2,return_above_1_percent,D_price_volatility,forest,development|BTC/USDT|2023-09-24T18:00:00+00:00,0.18265971476899373
2,return_above_1_percent,D_price_volatility,forest,development|ETH/USDT|2023-09-26T08:00:00+00:00,0.2178632291431108
2,return_above_1_percent,D_price_volatility,forest,development|BTC/USDT|2023-09-26T21:00:00+00:00,0.3394339492344649
2,return_above_1_percent,D_price_volatility,forest,development|BTC/USDT|2023-09-27T12:00:00+00:00,0.2251445859710162
2,return_above_1_percent,D_price_volatility,forest,development|BTC/USDT|2023-09-30T22:00:00+00:00,0.14072046054155948
2,return_above_1_percent,D_price_volatility,hist_gradient,development|BTC/USDT|2023-07-02T01:00:00+00:00,0.16244821759930195
2,return_above_1_percent,D_price_volatility,hist_gradient,development|ETH/USDT|2023-07-03T02:00:00+00:00,0.13901257753696908
2,return_above_1_percent,D_price_volatility,hist_gradient,development|BTC/USDT|2023-07-08T13:00:00+00:00,0.22349021980370676
2,return_above_1_percent,D_price_volatility,hist_gradient,development|BTC/USDT|2023-07-09T09:00:00+00:00,0.2701856474692263
2,return_above_1_percent,D_price_volatility,hist_gradient,development|BTC/USDT|2023-07-09T15:00:00+00:00,0.17601606239640183
2,return_above_1_percent,D_price_volatility,hist_gradient,development|ETH/USDT|2023-07-09T15:00:00+00:00,0.23499523478020531
2,return_above_1_percent,D_price_volatility,hist_gradient,development|BTC/USDT|2023-07-10T21:00:00+00:00,0.34888933297658636
2,return_above_1_percent,D_price_volatility,hist_gradient,development|ETH/USDT|2023-07-10T21:00:00+00:00,0.2992175245078969
2,return_above_1_percent,D_price_volatility,hist_gradient,development|ETH/USDT|2023-07-13T17:00:00+00:00,0.13729620265544837
2,return_above_1_percent,D_price_volatility,hist_gradient,development|BTC/USDT|2023-07-13T20:00:00+00:00,0.13307595075438958
2,return_above_1_percent,D_price_volatility,hist_gradient,development|BTC/USDT|2023-07-16T20:00:00+00:00,0.2432204584898293
2,return_above_1_percent,D_price_volatility,hist_gradient,development|BTC/USDT|2023-07-17T01:00:00+00:00,0.2600257853588733
2,return_above_1_percent,D_price_volatility,hist_gradient,development|ETH/USDT|2023-07-19T12:00:00+00:00,0.15716604678205143
2,return_above_1_percent,D_price_volatility,hist_gradient,development|BTC/USDT|2023-07-19T18:00:00+00:00,0.3470095441698478
2,return_above_1_percent,D_price_volatility,hist_gradient,development|ETH/USDT|2023-07-20T11:00:00+00:00,0.14902005155878859
2,return_above_1_percent,D_price_volatility,hist_gradient,development|BTC/USDT|2023-07-22T10:00:00+00:00,0.24795524261657373
2,return_above_1_percent,D_price_volatility,hist_gradient,development|BTC/USDT|2023-07-23T18:00:00+00:00,0.2063142910242866
2,return_above_1_percent,D_price_volatility,hist_gradient,development|ETH/USDT|2023-07-26T02:00:00+00:00,0.2432204584898293
2,return_above_1_percent,D_price_volatility,hist_gradient,development|BTC/USDT|2023-07-26T08:00:00+00:00,0.23499523478020531
2,return_above_1_percent,D_price_volatility,hist_gradient,development|ETH/USDT|2023-07-29T00:00:00+00:00,0.23257723271559205
2,return_above_1_percent,D_price_volatility,hist_gradient,development|BTC/USDT|2023-07-29T05:00:00+00:00,0.17601606239640183
2,return_above_1_percent,D_price_volatility,hist_gradient,development|BTC/USDT|2023-07-30T17:00:00+00:00,0.17601606239640183
2,return_above_1_percent,D_price_volatility,hist_gradient,development|BTC/USDT|2023-07-31T04:00:00+00:00,0.2590230252292102
2,return_above_1_percent,D_price_volatility,hist_gradient,development|BTC/USDT|2023-08-02T05:00:00+00:00,0.12059886809767939
2,return_above_1_percent,D_price_volatility,hist_gradient,development|ETH/USDT|2023-08-02T08:00:00+00:00,0.3553672953253952
2,return_above_1_percent,D_price_volatility,hist_gradient,development|BTC/USDT|2023-08-04T10:00:00+00:00,0.17601606239640183
2,return_above_1_percent,D_price_volatility,hist_gradient,development|ETH/USDT|2023-08-06T06:00:00+00:00,0.20473810865173012
2,return_above_1_percent,D_price_volatility,hist_gradient,development|BTC/USDT|2023-08-06T19:00:00+00:00,0.23499523478020531
2,return_above_1_percent,D_price_volatility,hist_gradient,development|ETH/USDT|2023-08-07T09:00:00+00:00,0.228583054631421
2,return_above_1_percent,D_price_volatility,hist_gradient,development|ETH/USDT|2023-08-08T15:00:00+00:00,0.18234522348259388
2,return_above_1_percent,D_price_volatility,hist_gradient,development|ETH/USDT|2023-08-12T16:00:00+00:00,0.2276642438095521
2,return_above_1_percent,D_price_volatility,hist_gradient,development|BTC/USDT|2023-08-13T00:00:00+00:00,0.2378849236576643
2,return_above_1_percent,D_price_volatility,hist_gradient,development|BTC/USDT|2023-08-14T18:00:00+00:00,0.18824367052492788
2,return_above_1_percent,D_price_volatility,hist_gradient,development|ETH/USDT|2023-08-20T04:00:00+00:00,0.31793334550025426
2,return_above_1_percent,D_price_volatility,hist_gradient,development|BTC/USDT|2023-08-20T09:00:00+00:00,0.3800308600649548
2,return_above_1_percent,D_price_volatility,hist_gradient,development|BTC/USDT|2023-08-23T18:00:00+00:00,0.28210772240749055
2,return_above_1_percent,D_price_volatility,hist_gradient,development|ETH/USDT|2023-08-23T22:00:00+00:00,0.433805826334166
2,return_above_1_percent,D_price_volatility,hist_gradient,development|BTC/USDT|2023-08-26T16:00:00+00:00,0.21744963213085547
2,return_above_1_percent,D_price_volatility,hist_gradient,development|ETH/USDT|2023-08-26T16:00:00+00:00,0.22349021980370676
2,return_above_1_percent,D_price_volatility,hist_gradient,development|BTC/USDT|2023-08-27T13:00:00+00:00,0.2701856474692263
2,return_above_1_percent,D_price_volatility,hist_gradient,development|ETH/USDT|2023-08-27T16:00:00+00:00,0.21744963213085547
2,return_above_1_percent,D_price_volatility,hist_gradient,development|BTC/USDT|2023-08-29T03:00:00+00:00,0.15320875151879607
2,return_above_1_percent,D_price_volatility,hist_gradient,development|ETH/USDT|2023-08-29T07:00:00+00:00,0.2910650540917868
2,return_above_1_percent,D_price_volatility,hist_gradient,development|BTC/USDT|2023-08-29T15:00:00+00:00,0.1350456888441345
2,return_above_1_percent,D_price_volatility,hist_gradient,development|ETH/USDT|2023-08-29T15:00:00+00:00,0.1543913485168812
2,return_above_1_percent,D_price_volatility,hist_gradient,development|ETH/USDT|2023-09-03T05:00:00+00:00,0.14486349881315846
2,return_above_1_percent,D_price_volatility,hist_gradient,development|BTC/USDT|2023-09-03T06:00:00+00:00,0.17891607360027575
2,return_above_1_percent,D_price_volatility,hist_gradient,development|ETH/USDT|2023-09-06T01:00:00+00:00,0.25242654376742474
2,return_above_1_percent,D_price_volatility,hist_gradient,development|BTC/USDT|2023-09-07T13:00:00+00:00,0.23484010735226218
2,return_above_1_percent,D_price_volatility,hist_gradient,development|BTC/USDT|2023-09-07T15:00:00+00:00,0.37723261146447784
2,return_above_1_percent,D_price_volatility,hist_gradient,development|BTC/USDT|2023-09-12T16:00:00+00:00,0.140841051324355
2,return_above_1_percent,D_price_volatility,hist_gradient,development|ETH/USDT|2023-09-12T21:00:00+00:00,0.4637857622410213
2,return_above_1_percent,D_price_volatility,hist_gradient,development|BTC/USDT|2023-09-16T14:00:00+00:00,0.1498706186262615
2,return_above_1_percent,D_price_volatility,hist_gradient,development|BTC/USDT|2023-09-18T05:00:00+00:00,0.11320607948955062
2,return_above_1_percent,D_price_volatility,hist_gradient,development|ETH/USDT|2023-09-18T14:00:00+00:00,0.3576190898541926
2,return_above_1_percent,D_price_volatility,hist_gradient,development|ETH/USDT|2023-09-23T08:00:00+00:00,0.26704107258636106
2,return_above_1_percent,D_price_volatility,hist_gradient,development|BTC/USDT|2023-09-24T12:00:00+00:00,0.2378849236576643
2,return_above_1_percent,D_price_volatility,hist_gradient,development|ETH/USDT|2023-09-24T15:00:00+00:00,0.20214426925105086
2,return_above_1_percent,D_price_volatility,hist_gradient,development|BTC/USDT|2023-09-24T18:00:00+00:00,0.17834957881560498
2,return_above_1_percent,D_price_volatility,hist_gradient,development|ETH/USDT|2023-09-26T08:00:00+00:00,0.2432204584898293
2,return_above_1_percent,D_price_volatility,hist_gradient,development|BTC/USDT|2023-09-26T21:00:00+00:00,0.2874766327968919
2,return_above_1_percent,D_price_volatility,hist_gradient,development|BTC/USDT|2023-09-27T12:00:00+00:00,0.22385005396117222
2,return_above_1_percent,D_price_volatility,hist_gradient,development|BTC/USDT|2023-09-30T22:00:00+00:00,0.1594303978940164
2,return_above_1_percent,E_no_regime,dummy,development|BTC/USDT|2023-07-02T01:00:00+00:00,0.23853211009174313
2,return_above_1_percent,E_no_regime,dummy,development|ETH/USDT|2023-07-03T02:00:00+00:00,0.23853211009174313
2,return_above_1_percent,E_no_regime,dummy,development|BTC/USDT|2023-07-08T13:00:00+00:00,0.23853211009174313
2,return_above_1_percent,E_no_regime,dummy,development|BTC/USDT|2023-07-09T09:00:00+00:00,0.23853211009174313
2,return_above_1_percent,E_no_regime,dummy,development|BTC/USDT|2023-07-09T15:00:00+00:00,0.23853211009174313
2,return_above_1_percent,E_no_regime,dummy,development|ETH/USDT|2023-07-09T15:00:00+00:00,0.23853211009174313
2,return_above_1_percent,E_no_regime,dummy,development|BTC/USDT|2023-07-10T21:00:00+00:00,0.23853211009174313
2,return_above_1_percent,E_no_regime,dummy,development|ETH/USDT|2023-07-10T21:00:00+00:00,0.23853211009174313
2,return_above_1_percent,E_no_regime,dummy,development|ETH/USDT|2023-07-13T17:00:00+00:00,0.23853211009174313
2,return_above_1_percent,E_no_regime,dummy,development|BTC/USDT|2023-07-13T20:00:00+00:00,0.23853211009174313
2,return_above_1_percent,E_no_regime,dummy,development|BTC/USDT|2023-07-16T20:00:00+00:00,0.23853211009174313
2,return_above_1_percent,E_no_regime,dummy,development|BTC/USDT|2023-07-17T01:00:00+00:00,0.23853211009174313
2,return_above_1_percent,E_no_regime,dummy,development|ETH/USDT|2023-07-19T12:00:00+00:00,0.23853211009174313
2,return_above_1_percent,E_no_regime,dummy,development|BTC/USDT|2023-07-19T18:00:00+00:00,0.23853211009174313
2,return_above_1_percent,E_no_regime,dummy,development|ETH/USDT|2023-07-20T11:00:00+00:00,0.23853211009174313
2,return_above_1_percent,E_no_regime,dummy,development|BTC/USDT|2023-07-22T10:00:00+00:00,0.23853211009174313
2,return_above_1_percent,E_no_regime,dummy,development|BTC/USDT|2023-07-23T18:00:00+00:00,0.23853211009174313
2,return_above_1_percent,E_no_regime,dummy,development|ETH/USDT|2023-07-26T02:00:00+00:00,0.23853211009174313
2,return_above_1_percent,E_no_regime,dummy,development|BTC/USDT|2023-07-26T08:00:00+00:00,0.23853211009174313
2,return_above_1_percent,E_no_regime,dummy,development|ETH/USDT|2023-07-29T00:00:00+00:00,0.23853211009174313
2,return_above_1_percent,E_no_regime,dummy,development|BTC/USDT|2023-07-29T05:00:00+00:00,0.23853211009174313
2,return_above_1_percent,E_no_regime,dummy,development|BTC/USDT|2023-07-30T17:00:00+00:00,0.23853211009174313
2,return_above_1_percent,E_no_regime,dummy,development|BTC/USDT|2023-07-31T04:00:00+00:00,0.23853211009174313
2,return_above_1_percent,E_no_regime,dummy,development|BTC/USDT|2023-08-02T05:00:00+00:00,0.23853211009174313
2,return_above_1_percent,E_no_regime,dummy,development|ETH/USDT|2023-08-02T08:00:00+00:00,0.23853211009174313
2,return_above_1_percent,E_no_regime,dummy,development|BTC/USDT|2023-08-04T10:00:00+00:00,0.23853211009174313
2,return_above_1_percent,E_no_regime,dummy,development|ETH/USDT|2023-08-06T06:00:00+00:00,0.23853211009174313
2,return_above_1_percent,E_no_regime,dummy,development|BTC/USDT|2023-08-06T19:00:00+00:00,0.23853211009174313
2,return_above_1_percent,E_no_regime,dummy,development|ETH/USDT|2023-08-07T09:00:00+00:00,0.23853211009174313
2,return_above_1_percent,E_no_regime,dummy,development|ETH/USDT|2023-08-08T15:00:00+00:00,0.23853211009174313
2,return_above_1_percent,E_no_regime,dummy,development|ETH/USDT|2023-08-12T16:00:00+00:00,0.23853211009174313
2,return_above_1_percent,E_no_regime,dummy,development|BTC/USDT|2023-08-13T00:00:00+00:00,0.23853211009174313
2,return_above_1_percent,E_no_regime,dummy,development|BTC/USDT|2023-08-14T18:00:00+00:00,0.23853211009174313
2,return_above_1_percent,E_no_regime,dummy,development|ETH/USDT|2023-08-20T04:00:00+00:00,0.23853211009174313
2,return_above_1_percent,E_no_regime,dummy,development|BTC/USDT|2023-08-20T09:00:00+00:00,0.23853211009174313
2,return_above_1_percent,E_no_regime,dummy,development|BTC/USDT|2023-08-23T18:00:00+00:00,0.23853211009174313
2,return_above_1_percent,E_no_regime,dummy,development|ETH/USDT|2023-08-23T22:00:00+00:00,0.23853211009174313
2,return_above_1_percent,E_no_regime,dummy,development|BTC/USDT|2023-08-26T16:00:00+00:00,0.23853211009174313
2,return_above_1_percent,E_no_regime,dummy,development|ETH/USDT|2023-08-26T16:00:00+00:00,0.23853211009174313
2,return_above_1_percent,E_no_regime,dummy,development|BTC/USDT|2023-08-27T13:00:00+00:00,0.23853211009174313
2,return_above_1_percent,E_no_regime,dummy,development|ETH/USDT|2023-08-27T16:00:00+00:00,0.23853211009174313
2,return_above_1_percent,E_no_regime,dummy,development|BTC/USDT|2023-08-29T03:00:00+00:00,0.23853211009174313
2,return_above_1_percent,E_no_regime,dummy,development|ETH/USDT|2023-08-29T07:00:00+00:00,0.23853211009174313
2,return_above_1_percent,E_no_regime,dummy,development|BTC/USDT|2023-08-29T15:00:00+00:00,0.23853211009174313
2,return_above_1_percent,E_no_regime,dummy,development|ETH/USDT|2023-08-29T15:00:00+00:00,0.23853211009174313
2,return_above_1_percent,E_no_regime,dummy,development|ETH/USDT|2023-09-03T05:00:00+00:00,0.23853211009174313
2,return_above_1_percent,E_no_regime,dummy,development|BTC/USDT|2023-09-03T06:00:00+00:00,0.23853211009174313
2,return_above_1_percent,E_no_regime,dummy,development|ETH/USDT|2023-09-06T01:00:00+00:00,0.23853211009174313
2,return_above_1_percent,E_no_regime,dummy,development|BTC/USDT|2023-09-07T13:00:00+00:00,0.23853211009174313
2,return_above_1_percent,E_no_regime,dummy,development|BTC/USDT|2023-09-07T15:00:00+00:00,0.23853211009174313
2,return_above_1_percent,E_no_regime,dummy,development|BTC/USDT|2023-09-12T16:00:00+00:00,0.23853211009174313
2,return_above_1_percent,E_no_regime,dummy,development|ETH/USDT|2023-09-12T21:00:00+00:00,0.23853211009174313
2,return_above_1_percent,E_no_regime,dummy,development|BTC/USDT|2023-09-16T14:00:00+00:00,0.23853211009174313
2,return_above_1_percent,E_no_regime,dummy,development|BTC/USDT|2023-09-18T05:00:00+00:00,0.23853211009174313
2,return_above_1_percent,E_no_regime,dummy,development|ETH/USDT|2023-09-18T14:00:00+00:00,0.23853211009174313
2,return_above_1_percent,E_no_regime,dummy,development|ETH/USDT|2023-09-23T08:00:00+00:00,0.23853211009174313
2,return_above_1_percent,E_no_regime,dummy,development|BTC/USDT|2023-09-24T12:00:00+00:00,0.23853211009174313
2,return_above_1_percent,E_no_regime,dummy,development|ETH/USDT|2023-09-24T15:00:00+00:00,0.23853211009174313
2,return_above_1_percent,E_no_regime,dummy,development|BTC/USDT|2023-09-24T18:00:00+00:00,0.23853211009174313
2,return_above_1_percent,E_no_regime,dummy,development|ETH/USDT|2023-09-26T08:00:00+00:00,0.23853211009174313
2,return_above_1_percent,E_no_regime,dummy,development|BTC/USDT|2023-09-26T21:00:00+00:00,0.23853211009174313
2,return_above_1_percent,E_no_regime,dummy,development|BTC/USDT|2023-09-27T12:00:00+00:00,0.23853211009174313
2,return_above_1_percent,E_no_regime,dummy,development|BTC/USDT|2023-09-30T22:00:00+00:00,0.23853211009174313
2,return_above_1_percent,E_no_regime,logistic,development|BTC/USDT|2023-07-02T01:00:00+00:00,0.13470158651112626
2,return_above_1_percent,E_no_regime,logistic,development|ETH/USDT|2023-07-03T02:00:00+00:00,0.12040602398610753
2,return_above_1_percent,E_no_regime,logistic,development|BTC/USDT|2023-07-08T13:00:00+00:00,0.18795535902502084
2,return_above_1_percent,E_no_regime,logistic,development|BTC/USDT|2023-07-09T09:00:00+00:00,0.06304104019736806
2,return_above_1_percent,E_no_regime,logistic,development|BTC/USDT|2023-07-09T15:00:00+00:00,0.06963990371737705
2,return_above_1_percent,E_no_regime,logistic,development|ETH/USDT|2023-07-09T15:00:00+00:00,0.19884881327353676
2,return_above_1_percent,E_no_regime,logistic,development|BTC/USDT|2023-07-10T21:00:00+00:00,0.3740571462005845
2,return_above_1_percent,E_no_regime,logistic,development|ETH/USDT|2023-07-10T21:00:00+00:00,0.3598655094364705
2,return_above_1_percent,E_no_regime,logistic,development|ETH/USDT|2023-07-13T17:00:00+00:00,0.23277243346035928
2,return_above_1_percent,E_no_regime,logistic,development|BTC/USDT|2023-07-13T20:00:00+00:00,0.3680156109104488
2,return_above_1_percent,E_no_regime,logistic,development|BTC/USDT|2023-07-16T20:00:00+00:00,0.11731409614636769
2,return_above_1_percent,E_no_regime,logistic,development|BTC/USDT|2023-07-17T01:00:00+00:00,0.18932331744139744
2,return_above_1_percent,E_no_regime,logistic,development|ETH/USDT|2023-07-19T12:00:00+00:00,0.3355624981971917
2,return_above_1_percent,E_no_regime,logistic,development|BTC/USDT|2023-07-19T18:00:00+00:00,0.21265546347430195
2,return_above_1_percent,E_no_regime,logistic,development|ETH/USDT|2023-07-20T11:00:00+00:00,0.2641203713218106
2,return_above_1_percent,E_no_regime,logistic,development|BTC/USDT|2023-07-22T10:00:00+00:00,0.19642501947596003
2,return_above_1_percent,E_no_regime,logistic,development|BTC/USDT|2023-07-23T18:00:00+00:00,0.06113348943482484
2,return_above_1_percent,E_no_regime,logistic,development|ETH/USDT|2023-07-26T02:00:00+00:00,0.3037743916675422
2,return_above_1_percent,E_no_regime,logistic,development|BTC/USDT|2023-07-26T08:00:00+00:00,0.3181224450982253
2,return_above_1_percent,E_no_regime,logistic,development|ETH/USDT|2023-07-29T00:00:00+00:00,0.1392691292718117
2,return_above_1_percent,E_no_regime,logistic,development|BTC/USDT|2023-07-29T05:00:00+00:00,0.22393605401200392
2,return_above_1_percent,E_no_regime,logistic,development|BTC/USDT|2023-07-30T17:00:00+00:00,0.10203236057609294
2,return_above_1_percent,E_no_regime,logistic,development|BTC/USDT|2023-07-31T04:00:00+00:00,0.1599318539797586
2,return_above_1_percent,E_no_regime,logistic,development|BTC/USDT|2023-08-02T05:00:00+00:00,0.3295565020184264
2,return_above_1_percent,E_no_regime,logistic,development|ETH/USDT|2023-08-02T08:00:00+00:00,0.4642410089024215
2,return_above_1_percent,E_no_regime,logistic,development|BTC/USDT|2023-08-04T10:00:00+00:00,0.19387405623422999
2,return_above_1_percent,E_no_regime,logistic,development|ETH/USDT|2023-08-06T06:00:00+00:00,0.11663903220016734
2,return_above_1_percent,E_no_regime,logistic,development|BTC/USDT|2023-08-06T19:00:00+00:00,0.14818772514352183
2,return_above_1_percent,E_no_regime,logistic,development|ETH/USDT|2023-08-07T09:00:00+00:00,0.12186897477705287
2,return_above_1_percent,E_no_regime,logistic,development|ETH/USDT|2023-08-08T15:00:00+00:00,0.23814023782331106
2,return_above_1_percent,E_no_regime,logistic,development|ETH/USDT|2023-08-12T16:00:00+00:00,0.14847569301677715
2,return_above_1_percent,E_no_regime,logistic,development|BTC/USDT|2023-08-13T00:00:00+00:00,0.16311079991871658
2,return_above_1_percent,E_no_regime,logistic,development|BTC/USDT|2023-08-14T18:00:00+00:00,0.2833229166977187
2,return_above_1_percent,E_no_regime,logistic,development|ETH/USDT|2023-08-20T04:00:00+00:00,0.6152068605566963
2,return_above_1_percent,E_no_regime,logistic,development|BTC/USDT|2023-08-20T09:00:00+00:00,0.4455660731244302
2,return_above_1_percent,E_no_regime,logistic,development|BTC/USDT|2023-08-23T18:00:00+00:00,0.3397444450103512
2,return_above_1_percent,E_no_regime,logistic,development|ETH/USDT|2023-08-23T22:00:00+00:00,0.5487634342876033
2,return_above_1_percent,E_no_regime,logistic,development|BTC/USDT|2023-08-26T16:00:00+00:00,0.1517529115423215
2,return_above_1_percent,E_no_regime,logistic,development|ETH/USDT|2023-08-26T16:00:00+00:00,0.17776419112722253
2,return_above_1_percent,E_no_regime,logistic,development|BTC/USDT|2023-08-27T13:00:00+00:00,0.08344668798891354
2,return_above_1_percent,E_no_regime,logistic,development|ETH/USDT|2023-08-27T16:00:00+00:00,0.13533574523645636
2,return_above_1_percent,E_no_regime,logistic,development|BTC/USDT|2023-08-29T03:00:00+00:00,0.3014520934745203
2,return_above_1_percent,E_no_regime,logistic,development|ETH/USDT|2023-08-29T07:00:00+00:00,0.20618531594842784
2,return_above_1_percent,E_no_regime,logistic,development|BTC/USDT|2023-08-29T15:00:00+00:00,0.015299005211359852
2,return_above_1_percent,E_no_regime,logistic,development|ETH/USDT|2023-08-29T15:00:00+00:00,0.03181264459960372
2,return_above_1_percent,E_no_regime,logistic,development|ETH/USDT|2023-09-03T05:00:00+00:00,0.282033399193359
2,return_above_1_percent,E_no_regime,logistic,development|BTC/USDT|2023-09-03T06:00:00+00:00,0.22278989177264158
2,return_above_1_percent,E_no_regime,logistic,development|ETH/USDT|2023-09-06T01:00:00+00:00,0.40619254824819534
2,return_above_1_percent,E_no_regime,logistic,development|BTC/USDT|2023-09-07T13:00:00+00:00,0.22692174658878472
2,return_above_1_percent,E_no_regime,logistic,development|BTC/USDT|2023-09-07T15:00:00+00:00,0.1096012315327381
2,return_above_1_percent,E_no_regime,logistic,development|BTC/USDT|2023-09-12T16:00:00+00:00,0.3144612926518183
2,return_above_1_percent,E_no_regime,logistic,development|ETH/USDT|2023-09-12T21:00:00+00:00,0.6990720467611354
2,return_above_1_percent,E_no_regime,logistic,development|BTC/USDT|2023-09-16T14:00:00+00:00,0.19897243716914031
2,return_above_1_percent,E_no_regime,logistic,development|BTC/USDT|2023-09-18T05:00:00+00:00,0.23244630446972736
2,return_above_1_percent,E_no_regime,logistic,development|ETH/USDT|2023-09-18T14:00:00+00:00,0.47432624701218884
2,return_above_1_percent,E_no_regime,logistic,development|ETH/USDT|2023-09-23T08:00:00+00:00,0.2922658496687907
2,return_above_1_percent,E_no_regime,logistic,development|BTC/USDT|2023-09-24T12:00:00+00:00,0.12878467143577416
2,return_above_1_percent,E_no_regime,logistic,development|ETH/USDT|2023-09-24T15:00:00+00:00,0.10448429696476513
2,return_above_1_percent,E_no_regime,logistic,development|BTC/USDT|2023-09-24T18:00:00+00:00,0.06309771147888543
2,return_above_1_percent,E_no_regime,logistic,development|ETH/USDT|2023-09-26T08:00:00+00:00,0.27754729676232315
2,return_above_1_percent,E_no_regime,logistic,development|BTC/USDT|2023-09-26T21:00:00+00:00,0.27484471273809885
2,return_above_1_percent,E_no_regime,logistic,development|BTC/USDT|2023-09-27T12:00:00+00:00,0.15264859029394856
2,return_above_1_percent,E_no_regime,logistic,development|BTC/USDT|2023-09-30T22:00:00+00:00,0.1283792965047965
2,return_above_1_percent,E_no_regime,forest,development|BTC/USDT|2023-07-02T01:00:00+00:00,0.16034316332913587
2,return_above_1_percent,E_no_regime,forest,development|ETH/USDT|2023-07-03T02:00:00+00:00,0.10833566139693225
2,return_above_1_percent,E_no_regime,forest,development|BTC/USDT|2023-07-08T13:00:00+00:00,0.14698282496925236
2,return_above_1_percent,E_no_regime,forest,development|BTC/USDT|2023-07-09T09:00:00+00:00,0.16700662686589265
2,return_above_1_percent,E_no_regime,forest,development|BTC/USDT|2023-07-09T15:00:00+00:00,0.14902053440127047
2,return_above_1_percent,E_no_regime,forest,development|ETH/USDT|2023-07-09T15:00:00+00:00,0.18070478342835072
2,return_above_1_percent,E_no_regime,forest,development|BTC/USDT|2023-07-10T21:00:00+00:00,0.305719562558774
2,return_above_1_percent,E_no_regime,forest,development|ETH/USDT|2023-07-10T21:00:00+00:00,0.26642201301064794
2,return_above_1_percent,E_no_regime,forest,development|ETH/USDT|2023-07-13T17:00:00+00:00,0.10863568836673881
2,return_above_1_percent,E_no_regime,forest,development|BTC/USDT|2023-07-13T20:00:00+00:00,0.09511539278423094
2,return_above_1_percent,E_no_regime,forest,development|BTC/USDT|2023-07-16T20:00:00+00:00,0.16047090117139218
2,return_above_1_percent,E_no_regime,forest,development|BTC/USDT|2023-07-17T01:00:00+00:00,0.20177126144080915
2,return_above_1_percent,E_no_regime,forest,development|ETH/USDT|2023-07-19T12:00:00+00:00,0.22719287477395514
2,return_above_1_percent,E_no_regime,forest,development|BTC/USDT|2023-07-19T18:00:00+00:00,0.3481882262353973
2,return_above_1_percent,E_no_regime,forest,development|ETH/USDT|2023-07-20T11:00:00+00:00,0.23684116634795543
2,return_above_1_percent,E_no_regime,forest,development|BTC/USDT|2023-07-22T10:00:00+00:00,0.2356851410711005
2,return_above_1_percent,E_no_regime,forest,development|BTC/USDT|2023-07-23T18:00:00+00:00,0.16293438944573213
2,return_above_1_percent,E_no_regime,forest,development|ETH/USDT|2023-07-26T02:00:00+00:00,0.22538274099255556
2,return_above_1_percent,E_no_regime,forest,development|BTC/USDT|2023-07-26T08:00:00+00:00,0.2712981764627334
2,return_above_1_percent,E_no_regime,forest,development|ETH/USDT|2023-07-29T00:00:00+00:00,0.23762467811988888
2,return_above_1_percent,E_no_regime,forest,development|BTC/USDT|2023-07-29T05:00:00+00:00,0.2387859510982204
2,return_above_1_percent,E_no_regime,forest,development|BTC/USDT|2023-07-30T17:00:00+00:00,0.1578383051727217
2,return_above_1_percent,E_no_regime,forest,development|BTC/USDT|2023-07-31T04:00:00+00:00,0.22507290545880726
2,return_above_1_percent,E_no_regime,forest,development|BTC/USDT|2023-08-02T05:00:00+00:00,0.17427569419022784
2,return_above_1_percent,E_no_regime,forest,development|ETH/USDT|2023-08-02T08:00:00+00:00,0.3700407652725808
2,return_above_1_percent,E_no_regime,forest,development|BTC/USDT|2023-08-04T10:00:00+00:00,0.23270849599855045
2,return_above_1_percent,E_no_regime,forest,development|ETH/USDT|2023-08-06T06:00:00+00:00,0.14463686919086435
2,return_above_1_percent,E_no_regime,forest,development|BTC/USDT|2023-08-06T19:00:00+00:00,0.17018272927310554
2,return_above_1_percent,E_no_regime,forest,development|ETH/USDT|2023-08-07T09:00:00+00:00,0.19130604363166956
2,return_above_1_percent,E_no_regime,forest,development|ETH/USDT|2023-08-08T15:00:00+00:00,0.22625731155362291
2,return_above_1_percent,E_no_regime,forest,development|ETH/USDT|2023-08-12T16:00:00+00:00,0.15039881425867788
2,return_above_1_percent,E_no_regime,forest,development|BTC/USDT|2023-08-13T00:00:00+00:00,0.15579703456155602
2,return_above_1_percent,E_no_regime,forest,development|BTC/USDT|2023-08-14T18:00:00+00:00,0.3188020251226313
2,return_above_1_percent,E_no_regime,forest,development|ETH/USDT|2023-08-20T04:00:00+00:00,0.3291828893972248
2,return_above_1_percent,E_no_regime,forest,development|BTC/USDT|2023-08-20T09:00:00+00:00,0.272013532769925
2,return_above_1_percent,E_no_regime,forest,development|BTC/USDT|2023-08-23T18:00:00+00:00,0.3032532894049229
2,return_above_1_percent,E_no_regime,forest,development|ETH/USDT|2023-08-23T22:00:00+00:00,0.3574006274624807
2,return_above_1_percent,E_no_regime,forest,development|BTC/USDT|2023-08-26T16:00:00+00:00,0.17402968353064172
2,return_above_1_percent,E_no_regime,forest,development|ETH/USDT|2023-08-26T16:00:00+00:00,0.17004338683184497
2,return_above_1_percent,E_no_regime,forest,development|BTC/USDT|2023-08-27T13:00:00+00:00,0.16401507203530769
2,return_above_1_percent,E_no_regime,forest,development|ETH/USDT|2023-08-27T16:00:00+00:00,0.16581766977279858
2,return_above_1_percent,E_no_regime,forest,development|BTC/USDT|2023-08-29T03:00:00+00:00,0.31271786622944586
2,return_above_1_percent,E_no_regime,forest,development|ETH/USDT|2023-08-29T07:00:00+00:00,0.3507816362129521
2,return_above_1_percent,E_no_regime,forest,development|BTC/USDT|2023-08-29T15:00:00+00:00,0.14872735503340548
2,return_above_1_percent,E_no_regime,forest,development|ETH/USDT|2023-08-29T15:00:00+00:00,0.18375921069064804
2,return_above_1_percent,E_no_regime,forest,development|ETH/USDT|2023-09-03T05:00:00+00:00,0.14426175580062503
2,return_above_1_percent,E_no_regime,forest,development|BTC/USDT|2023-09-03T06:00:00+00:00,0.14634359106379147
2,return_above_1_percent,E_no_regime,forest,development|ETH/USDT|2023-09-06T01:00:00+00:00,0.355616917798869
2,return_above_1_percent,E_no_regime,forest,development|BTC/USDT|2023-09-07T13:00:00+00:00,0.24808901521091817
2,return_above_1_percent,E_no_regime,forest,development|BTC/USDT|2023-09-07T15:00:00+00:00,0.35675278545840783
2,return_above_1_percent,E_no_regime,forest,development|BTC/USDT|2023-09-12T16:00:00+00:00,0.1349723908510614
2,return_above_1_percent,E_no_regime,forest,development|ETH/USDT|2023-09-12T21:00:00+00:00,0.4291431524091087
2,return_above_1_percent,E_no_regime,forest,development|BTC/USDT|2023-09-16T14:00:00+00:00,0.23141983678880568
2,return_above_1_percent,E_no_regime,forest,development|BTC/USDT|2023-09-18T05:00:00+00:00,0.14598265907478405
2,return_above_1_percent,E_no_regime,forest,development|ETH/USDT|2023-09-18T14:00:00+00:00,0.33894001040692145
2,return_above_1_percent,E_no_regime,forest,development|ETH/USDT|2023-09-23T08:00:00+00:00,0.16376865382704284
2,return_above_1_percent,E_no_regime,forest,development|BTC/USDT|2023-09-24T12:00:00+00:00,0.15021163288202277
2,return_above_1_percent,E_no_regime,forest,development|ETH/USDT|2023-09-24T15:00:00+00:00,0.13818773508046805
2,return_above_1_percent,E_no_regime,forest,development|BTC/USDT|2023-09-24T18:00:00+00:00,0.16194665162478197
2,return_above_1_percent,E_no_regime,forest,development|ETH/USDT|2023-09-26T08:00:00+00:00,0.2669796131565689
2,return_above_1_percent,E_no_regime,forest,development|BTC/USDT|2023-09-26T21:00:00+00:00,0.3432128838667395
2,return_above_1_percent,E_no_regime,forest,development|BTC/USDT|2023-09-27T12:00:00+00:00,0.2588113359900154
2,return_above_1_percent,E_no_regime,forest,development|BTC/USDT|2023-09-30T22:00:00+00:00,0.11255543651408244
2,return_above_1_percent,E_no_regime,hist_gradient,development|BTC/USDT|2023-07-02T01:00:00+00:00,0.1595187174196555
2,return_above_1_percent,E_no_regime,hist_gradient,development|ETH/USDT|2023-07-03T02:00:00+00:00,0.12676971093796596
2,return_above_1_percent,E_no_regime,hist_gradient,development|BTC/USDT|2023-07-08T13:00:00+00:00,0.20762020843192955
2,return_above_1_percent,E_no_regime,hist_gradient,development|BTC/USDT|2023-07-09T09:00:00+00:00,0.25601668993506965
2,return_above_1_percent,E_no_regime,hist_gradient,development|BTC/USDT|2023-07-09T15:00:00+00:00,0.1710910383534308
2,return_above_1_percent,E_no_regime,hist_gradient,development|ETH/USDT|2023-07-09T15:00:00+00:00,0.2284028304816411
2,return_above_1_percent,E_no_regime,hist_gradient,development|BTC/USDT|2023-07-10T21:00:00+00:00,0.34481040178741773
2,return_above_1_percent,E_no_regime,hist_gradient,development|ETH/USDT|2023-07-10T21:00:00+00:00,0.2955803001517276
2,return_above_1_percent,E_no_regime,hist_gradient,development|ETH/USDT|2023-07-13T17:00:00+00:00,0.15262141904667617
2,return_above_1_percent,E_no_regime,hist_gradient,development|BTC/USDT|2023-07-13T20:00:00+00:00,0.14009402181482206
2,return_above_1_percent,E_no_regime,hist_gradient,development|BTC/USDT|2023-07-16T20:00:00+00:00,0.22769390653974336
2,return_above_1_percent,E_no_regime,hist_gradient,development|BTC/USDT|2023-07-17T01:00:00+00:00,0.23717719179173047
2,return_above_1_percent,E_no_regime,hist_gradient,development|ETH/USDT|2023-07-19T12:00:00+00:00,0.19082945512958643
2,return_above_1_percent,E_no_regime,hist_gradient,development|BTC/USDT|2023-07-19T18:00:00+00:00,0.3772904660272687
2,return_above_1_percent,E_no_regime,hist_gradient,development|ETH/USDT|2023-07-20T11:00:00+00:00,0.150529778745942
2,return_above_1_percent,E_no_regime,hist_gradient,development|BTC/USDT|2023-07-22T10:00:00+00:00,0.27803603283596773
2,return_above_1_percent,E_no_regime,hist_gradient,development|BTC/USDT|2023-07-23T18:00:00+00:00,0.19580555745353107
2,return_above_1_percent,E_no_regime,hist_gradient,development|ETH/USDT|2023-07-26T02:00:00+00:00,0.2290446455037077
2,return_above_1_percent,E_no_regime,hist_gradient,development|BTC/USDT|2023-07-26T08:00:00+00:00,0.23404248751404405
2,return_above_1_percent,E_no_regime,hist_gradient,development|ETH/USDT|2023-07-29T00:00:00+00:00,0.2621585869232602
2,return_above_1_percent,E_no_regime,hist_gradient,development|BTC/USDT|2023-07-29T05:00:00+00:00,0.18115906521299294
2,return_above_1_percent,E_no_regime,hist_gradient,development|BTC/USDT|2023-07-30T17:00:00+00:00,0.1710910383534308
2,return_above_1_percent,E_no_regime,hist_gradient,development|BTC/USDT|2023-07-31T04:00:00+00:00,0.24100439413679914
2,return_above_1_percent,E_no_regime,hist_gradient,development|BTC/USDT|2023-08-02T05:00:00+00:00,0.13321753325397345
2,return_above_1_percent,E_no_regime,hist_gradient,development|ETH/USDT|2023-08-02T08:00:00+00:00,0.3527684394983284
2,return_above_1_percent,E_no_regime,hist_gradient,development|BTC/USDT|2023-08-04T10:00:00+00:00,0.1756376925073402
2,return_above_1_percent,E_no_regime,hist_gradient,development|ETH/USDT|2023-08-06T06:00:00+00:00,0.19650750568899283
2,return_above_1_percent,E_no_regime,hist_gradient,development|BTC/USDT|2023-08-06T19:00:00+00:00,0.2284028304816411
2,return_above_1_percent,E_no_regime,hist_gradient,development|ETH/USDT|2023-08-07T09:00:00+00:00,0.2165817750485251
2,return_above_1_percent,E_no_regime,hist_gradient,development|ETH/USDT|2023-08-08T15:00:00+00:00,0.1837572319297237
2,return_above_1_percent,E_no_regime,hist_gradient,development|ETH/USDT|2023-08-12T16:00:00+00:00,0.21403999474538374
2,return_above_1_percent,E_no_regime,hist_gradient,development|BTC/USDT|2023-08-13T00:00:00+00:00,0.22505917966856415
2,return_above_1_percent,E_no_regime,hist_gradient,development|BTC/USDT|2023-08-14T18:00:00+00:00,0.19406805609990851
2,return_above_1_percent,E_no_regime,hist_gradient,development|ETH/USDT|2023-08-20T04:00:00+00:00,0.33712325351885586
2,return_above_1_percent,E_no_regime,hist_gradient,development|BTC/USDT|2023-08-20T09:00:00+00:00,0.4056721483673603
2,return_above_1_percent,E_no_regime,hist_gradient,development|BTC/USDT|2023-08-23T18:00:00+00:00,0.29827808989292015
2,return_above_1_percent,E_no_regime,hist_gradient,development|ETH/USDT|2023-08-23T22:00:00+00:00,0.4137104458401283
2,return_above_1_percent,E_no_regime,hist_gradient,development|BTC/USDT|2023-08-26T16:00:00+00:00,0.21403999474538374
2,return_above_1_percent,E_no_regime,hist_gradient,development|ETH/USDT|2023-08-26T16:00:00+00:00,0.20762020843192955
2,return_above_1_percent,E_no_regime,hist_gradient,development|BTC/USDT|2023-08-27T13:00:00+00:00,0.25601668993506965
2,return_above_1_percent,E_no_regime,hist_gradient,development|ETH/USDT|2023-08-27T16:00:00+00:00,0.21403999474538374
2,return_above_1_percent,E_no_regime,hist_gradient,development|BTC/USDT|2023-08-29T03:00:00+00:00,0.16641647610494895
2,return_above_1_percent,E_no_regime,hist_gradient,development|ETH/USDT|2023-08-29T07:00:00+00:00,0.279376311677202
2,return_above_1_percent,E_no_regime,hist_gradient,development|BTC/USDT|2023-08-29T15:00:00+00:00,0.15274691296415374
2,return_above_1_percent,E_no_regime,hist_gradient,development|ETH/USDT|2023-08-29T15:00:00+00:00,0.17462404255440575
2,return_above_1_percent,E_no_regime,hist_gradient,development|ETH/USDT|2023-09-03T05:00:00+00:00,0.1364869605962755
2,return_above_1_percent,E_no_regime,hist_gradient,development|BTC/USDT|2023-09-03T06:00:00+00:00,0.17189935236067946
2,return_above_1_percent,E_no_regime,hist_gradient,development|ETH/USDT|2023-09-06T01:00:00+00:00,0.26263985639609444
2,return_above_1_percent,E_no_regime,hist_gradient,development|BTC/USDT|2023-09-07T13:00:00+00:00,0.21585243655163625
2,return_above_1_percent,E_no_regime,hist_gradient,development|BTC/USDT|2023-09-07T15:00:00+00:00,0.4090537382074676
2,return_above_1_percent,E_no_regime,hist_gradient,development|BTC/USDT|2023-09-12T16:00:00+00:00,0.1517638079126174
2,return_above_1_percent,E_no_regime,hist_gradient,development|ETH/USDT|2023-09-12T21:00:00+00:00,0.43383983328332887
2,return_above_1_percent,E_no_regime,hist_gradient,development|BTC/USDT|2023-09-16T14:00:00+00:00,0.16943598144702313
2,return_above_1_percent,E_no_regime,hist_gradient,development|BTC/USDT|2023-09-18T05:00:00+00:00,0.10846120002112251
2,return_above_1_percent,E_no_regime,hist_gradient,development|ETH/USDT|2023-09-18T14:00:00+00:00,0.3494745006846671
2,return_above_1_percent,E_no_regime,hist_gradient,development|ETH/USDT|2023-09-23T08:00:00+00:00,0.2596661569292524
2,return_above_1_percent,E_no_regime,hist_gradient,development|BTC/USDT|2023-09-24T12:00:00+00:00,0.22505917966856415
2,return_above_1_percent,E_no_regime,hist_gradient,development|ETH/USDT|2023-09-24T15:00:00+00:00,0.19650750568899283
2,return_above_1_percent,E_no_regime,hist_gradient,development|BTC/USDT|2023-09-24T18:00:00+00:00,0.1710910383534308
2,return_above_1_percent,E_no_regime,hist_gradient,development|ETH/USDT|2023-09-26T08:00:00+00:00,0.27622946890044947
2,return_above_1_percent,E_no_regime,hist_gradient,development|BTC/USDT|2023-09-26T21:00:00+00:00,0.3022088529972196
2,return_above_1_percent,E_no_regime,hist_gradient,development|BTC/USDT|2023-09-27T12:00:00+00:00,0.23244485753478203
2,return_above_1_percent,E_no_regime,hist_gradient,development|BTC/USDT|2023-09-30T22:00:00+00:00,0.1894055753582279
3,profitable_after_fees,A_all,dummy,development|BTC/USDT|2023-10-04T22:00:00+00:00,0.29651162790697677
3,profitable_after_fees,A_all,dummy,development|BTC/USDT|2023-10-06T20:00:00+00:00,0.29651162790697677
3,profitable_after_fees,A_all,dummy,development|ETH/USDT|2023-10-06T22:00:00+00:00,0.29651162790697677
3,profitable_after_fees,A_all,dummy,development|BTC/USDT|2023-10-13T15:00:00+00:00,0.29651162790697677
3,profitable_after_fees,A_all,dummy,development|ETH/USDT|2023-10-14T01:00:00+00:00,0.29651162790697677
3,profitable_after_fees,A_all,dummy,development|BTC/USDT|2023-10-15T16:00:00+00:00,0.29651162790697677
3,profitable_after_fees,A_all,dummy,development|BTC/USDT|2023-10-19T19:00:00+00:00,0.29651162790697677
3,profitable_after_fees,A_all,dummy,development|ETH/USDT|2023-10-20T06:00:00+00:00,0.29651162790697677
3,profitable_after_fees,A_all,dummy,development|ETH/USDT|2023-10-26T08:00:00+00:00,0.29651162790697677
3,profitable_after_fees,A_all,dummy,development|BTC/USDT|2023-10-28T16:00:00+00:00,0.29651162790697677
3,profitable_after_fees,A_all,dummy,development|ETH/USDT|2023-10-28T16:00:00+00:00,0.29651162790697677
3,profitable_after_fees,A_all,dummy,development|ETH/USDT|2023-10-29T16:00:00+00:00,0.29651162790697677
3,profitable_after_fees,A_all,dummy,development|ETH/USDT|2023-11-01T01:00:00+00:00,0.29651162790697677
3,profitable_after_fees,A_all,dummy,development|BTC/USDT|2023-11-01T03:00:00+00:00,0.29651162790697677
3,profitable_after_fees,A_all,dummy,development|ETH/USDT|2023-11-04T05:00:00+00:00,0.29651162790697677
3,profitable_after_fees,A_all,dummy,development|BTC/USDT|2023-11-04T14:00:00+00:00,0.29651162790697677
3,profitable_after_fees,A_all,dummy,development|BTC/USDT|2023-11-06T10:00:00+00:00,0.29651162790697677
3,profitable_after_fees,A_all,dummy,development|BTC/USDT|2023-11-08T01:00:00+00:00,0.29651162790697677
3,profitable_after_fees,A_all,dummy,development|ETH/USDT|2023-11-08T20:00:00+00:00,0.29651162790697677
3,profitable_after_fees,A_all,dummy,development|BTC/USDT|2023-11-12T23:00:00+00:00,0.29651162790697677
3,profitable_after_fees,A_all,dummy,development|ETH/USDT|2023-11-13T16:00:00+00:00,0.29651162790697677
3,profitable_after_fees,A_all,dummy,development|BTC/USDT|2023-11-15T22:00:00+00:00,0.29651162790697677
3,profitable_after_fees,A_all,dummy,development|ETH/USDT|2023-11-16T02:00:00+00:00,0.29651162790697677
3,profitable_after_fees,A_all,dummy,development|BTC/USDT|2023-11-18T13:00:00+00:00,0.29651162790697677
3,profitable_after_fees,A_all,dummy,development|ETH/USDT|2023-11-19T05:00:00+00:00,0.29651162790697677
3,profitable_after_fees,A_all,dummy,development|ETH/USDT|2023-11-22T20:00:00+00:00,0.29651162790697677
3,profitable_after_fees,A_all,dummy,development|BTC/USDT|2023-11-23T03:00:00+00:00,0.29651162790697677
3,profitable_after_fees,A_all,dummy,development|BTC/USDT|2023-11-28T18:00:00+00:00,0.29651162790697677
3,profitable_after_fees,A_all,dummy,development|ETH/USDT|2023-11-28T23:00:00+00:00,0.29651162790697677
3,profitable_after_fees,A_all,dummy,development|ETH/USDT|2023-12-01T03:00:00+00:00,0.29651162790697677
3,profitable_after_fees,A_all,dummy,development|BTC/USDT|2023-12-01T10:00:00+00:00,0.29651162790697677
3,profitable_after_fees,A_all,dummy,development|ETH/USDT|2023-12-07T20:00:00+00:00,0.29651162790697677
3,profitable_after_fees,A_all,dummy,development|BTC/USDT|2023-12-08T21:00:00+00:00,0.29651162790697677
3,profitable_after_fees,A_all,dummy,development|BTC/USDT|2023-12-13T21:00:00+00:00,0.29651162790697677
3,profitable_after_fees,A_all,dummy,development|ETH/USDT|2023-12-14T01:00:00+00:00,0.29651162790697677
3,profitable_after_fees,A_all,dummy,development|BTC/USDT|2023-12-19T03:00:00+00:00,0.29651162790697677
3,profitable_after_fees,A_all,dummy,development|ETH/USDT|2023-12-19T08:00:00+00:00,0.29651162790697677
3,profitable_after_fees,A_all,dummy,development|ETH/USDT|2023-12-20T17:00:00+00:00,0.29651162790697677
3,profitable_after_fees,A_all,dummy,development|BTC/USDT|2023-12-24T05:00:00+00:00,0.29651162790697677
3,profitable_after_fees,A_all,dummy,development|ETH/USDT|2023-12-24T18:00:00+00:00,0.29651162790697677
3,profitable_after_fees,A_all,dummy,development|BTC/USDT|2023-12-26T05:00:00+00:00,0.29651162790697677
3,profitable_after_fees,A_all,dummy,development|ETH/USDT|2023-12-27T17:00:00+00:00,0.29651162790697677
3,profitable_after_fees,A_all,dummy,development|BTC/USDT|2023-12-27T22:00:00+00:00,0.29651162790697677
3,profitable_after_fees,A_all,dummy,development|BTC/USDT|2023-12-31T07:00:00+00:00,0.29651162790697677
3,profitable_after_fees,A_all,logistic,development|BTC/USDT|2023-10-04T22:00:00+00:00,0.26862674942601866
3,profitable_after_fees,A_all,logistic,development|BTC/USDT|2023-10-06T20:00:00+00:00,0.1798621041258717
3,profitable_after_fees,A_all,logistic,development|ETH/USDT|2023-10-06T22:00:00+00:00,0.44890465875092084
3,profitable_after_fees,A_all,logistic,development|BTC/USDT|2023-10-13T15:00:00+00:00,0.3229800354223652
3,profitable_after_fees,A_all,logistic,development|ETH/USDT|2023-10-14T01:00:00+00:00,0.42271240141997307
3,profitable_after_fees,A_all,logistic,development|BTC/USDT|2023-10-15T16:00:00+00:00,0.0645847008040244
3,profitable_after_fees,A_all,logistic,development|BTC/USDT|2023-10-19T19:00:00+00:00,0.253558966239829
3,profitable_after_fees,A_all,logistic,development|ETH/USDT|2023-10-20T06:00:00+00:00,0.5742531877371981
3,profitable_after_fees,A_all,logistic,development|ETH/USDT|2023-10-26T08:00:00+00:00,0.08210616951445988
3,profitable_after_fees,A_all,logistic,development|BTC/USDT|2023-10-28T16:00:00+00:00,0.19876323847032246
3,profitable_after_fees,A_all,logistic,development|ETH/USDT|2023-10-28T16:00:00+00:00,0.1272429490094223
3,profitable_after_fees,A_all,logistic,development|ETH/USDT|2023-10-29T16:00:00+00:00,0.0594978530697656
3,profitable_after_fees,A_all,logistic,development|ETH/USDT|2023-11-01T01:00:00+00:00,0.037436137414751824
3,profitable_after_fees,A_all,logistic,development|BTC/USDT|2023-11-01T03:00:00+00:00,0.10365621312110725
3,profitable_after_fees,A_all,logistic,development|ETH/USDT|2023-11-04T05:00:00+00:00,0.21618097662794586
3,profitable_after_fees,A_all,logistic,development|BTC/USDT|2023-11-04T14:00:00+00:00,0.21058297150884997
3,profitable_after_fees,A_all,logistic,development|BTC/USDT|2023-11-06T10:00:00+00:00,0.08550779239461855
3,profitable_after_fees,A_all,logistic,development|BTC/USDT|2023-11-08T01:00:00+00:00,0.08472577658189845
3,profitable_after_fees,A_all,logistic,development|ETH/USDT|2023-11-08T20:00:00+00:00,0.1802778370806605
3,profitable_after_fees,A_all,logistic,development|BTC/USDT|2023-11-12T23:00:00+00:00,0.32746690916975363
3,profitable_after_fees,A_all,logistic,development|ETH/USDT|2023-11-13T16:00:00+00:00,0.1532324476237004
3,profitable_after_fees,A_all,logistic,development|BTC/USDT|2023-11-15T22:00:00+00:00,0.3853476620359113
3,profitable_after_fees,A_all,logistic,development|ETH/USDT|2023-11-16T02:00:00+00:00,0.4105760957754134
3,profitable_after_fees,A_all,logistic,development|BTC/USDT|2023-11-18T13:00:00+00:00,0.1836532703046805
3,profitable_after_fees,A_all,logistic,development|ETH/USDT|2023-11-19T05:00:00+00:00,0.39627753294298945
3,profitable_after_fees,A_all,logistic,development|ETH/USDT|2023-11-22T20:00:00+00:00,0.2277849366628154
3,profitable_after_fees,A_all,logistic,development|BTC/USDT|2023-11-23T03:00:00+00:00,0.24724204209106654
3,profitable_after_fees,A_all,logistic,development|BTC/USDT|2023-11-28T18:00:00+00:00,0.1793295857510778
3,profitable_after_fees,A_all,logistic,development|ETH/USDT|2023-11-28T23:00:00+00:00,0.22598043055874967
3,profitable_after_fees,A_all,logistic,development|ETH/USDT|2023-12-01T03:00:00+00:00,0.39695707651611445
3,profitable_after_fees,A_all,logistic,development|BTC/USDT|2023-12-01T10:00:00+00:00,0.12663644892580778
3,profitable_after_fees,A_all,logistic,development|ETH/USDT|2023-12-07T20:00:00+00:00,0.24258985279039819
3,profitable_after_fees,A_all,logistic,development|BTC/USDT|2023-12-08T21:00:00+00:00,0.0871791330910269
3,profitable_after_fees,A_all,logistic,development|BTC/USDT|2023-12-13T21:00:00+00:00,0.14389177708700274
3,profitable_after_fees,A_all,logistic,development|ETH/USDT|2023-12-14T01:00:00+00:00,0.4008602861405306
3,profitable_after_fees,A_all,logistic,development|BTC/USDT|2023-12-19T03:00:00+00:00,0.30346088314863295
3,profitable_after_fees,A_all,logistic,development|ETH/USDT|2023-12-19T08:00:00+00:00,0.28670706293600734
3,profitable_after_fees,A_all,logistic,development|ETH/USDT|2023-12-20T17:00:00+00:00,0.4561263181297972
3,profitable_after_fees,A_all,logistic,development|BTC/USDT|2023-12-24T05:00:00+00:00,0.08540325021185745
3,profitable_after_fees,A_all,logistic,development|ETH/USDT|2023-12-24T18:00:00+00:00,0.13857488284001854
3,profitable_after_fees,A_all,logistic,development|BTC/USDT|2023-12-26T05:00:00+00:00,0.48297208147275333
3,profitable_after_fees,A_all,logistic,development|ETH/USDT|2023-12-27T17:00:00+00:00,0.12900278930920123
3,profitable_after_fees,A_all,logistic,development|BTC/USDT|2023-12-27T22:00:00+00:00,0.34844577130961935
3,profitable_after_fees,A_all,logistic,development|BTC/USDT|2023-12-31T07:00:00+00:00,0.24493643750144828
3,profitable_after_fees,A_all,forest,development|BTC/USDT|2023-10-04T22:00:00+00:00,0.3017022738577738
3,profitable_after_fees,A_all,forest,development|BTC/USDT|2023-10-06T20:00:00+00:00,0.23742664958973772
3,profitable_after_fees,A_all,forest,development|ETH/USDT|2023-10-06T22:00:00+00:00,0.42889920455539676
3,profitable_after_fees,A_all,forest,development|BTC/USDT|2023-10-13T15:00:00+00:00,0.3206092833779995
3,profitable_after_fees,A_all,forest,development|ETH/USDT|2023-10-14T01:00:00+00:00,0.4128274250660781
3,profitable_after_fees,A_all,forest,development|BTC/USDT|2023-10-15T16:00:00+00:00,0.1608606163875643
3,profitable_after_fees,A_all,forest,development|BTC/USDT|2023-10-19T19:00:00+00:00,0.4242633031039926
3,profitable_after_fees,A_all,forest,development|ETH/USDT|2023-10-20T06:00:00+00:00,0.39850727045939416
3,profitable_after_fees,A_all,forest,development|ETH/USDT|2023-10-26T08:00:00+00:00,0.1146337049122752
3,profitable_after_fees,A_all,forest,development|BTC/USDT|2023-10-28T16:00:00+00:00,0.25996278222113406
3,profitable_after_fees,A_all,forest,development|ETH/USDT|2023-10-28T16:00:00+00:00,0.30151912708961226
3,profitable_after_fees,A_all,forest,development|ETH/USDT|2023-10-29T16:00:00+00:00,0.2219561327766548
3,profitable_after_fees,A_all,forest,development|ETH/USDT|2023-11-01T01:00:00+00:00,0.2500741071133673
3,profitable_after_fees,A_all,forest,development|BTC/USDT|2023-11-01T03:00:00+00:00,0.23072475731840647
3,profitable_after_fees,A_all,forest,development|ETH/USDT|2023-11-04T05:00:00+00:00,0.3342957607099501
3,profitable_after_fees,A_all,forest,development|BTC/USDT|2023-11-04T14:00:00+00:00,0.36514027814851013
3,profitable_after_fees,A_all,forest,development|BTC/USDT|2023-11-06T10:00:00+00:00,0.1925269558307368
3,profitable_after_fees,A_all,forest,development|BTC/USDT|2023-11-08T01:00:00+00:00,0.30113943410257066
3,profitable_after_fees,A_all,forest,development|ETH/USDT|2023-11-08T20:00:00+00:00,0.265938730238885
3,profitable_after_fees,A_all,forest,development|BTC/USDT|2023-11-12T23:00:00+00:00,0.29841036475426963
3,profitable_after_fees,A_all,forest,development|ETH/USDT|2023-11-13T16:00:00+00:00,0.22034805374339184
3,profitable_after_fees,A_all,forest,development|BTC/USDT|2023-11-15T22:00:00+00:00,0.28351996921627587
3,profitable_after_fees,A_all,forest,development|ETH/USDT|2023-11-16T02:00:00+00:00,0.3147547315731561
3,profitable_after_fees,A_all,forest,development|BTC/USDT|2023-11-18T13:00:00+00:00,0.34247308611473654
3,profitable_after_fees,A_all,forest,development|ETH/USDT|2023-11-19T05:00:00+00:00,0.3595058252946873
3,profitable_after_fees,A_all,forest,development|ETH/USDT|2023-11-22T20:00:00+00:00,0.10147914070076455
3,profitable_after_fees,A_all,forest,development|BTC/USDT|2023-11-23T03:00:00+00:00,0.32320185350278174
3,profitable_after_fees,A_all,forest,development|BTC/USDT|2023-11-28T18:00:00+00:00,0.24340461027158788
3,profitable_after_fees,A_all,forest,development|ETH/USDT|2023-11-28T23:00:00+00:00,0.41451290749353065
3,profitable_after_fees,A_all,forest,development|ETH/USDT|2023-12-01T03:00:00+00:00,0.27262114543740984
3,profitable_after_fees,A_all,forest,development|BTC/USDT|2023-12-01T10:00:00+00:00,0.14135610996951076
3,profitable_after_fees,A_all,forest,development|ETH/USDT|2023-12-07T20:00:00+00:00,0.21940621638730928
3,profitable_after_fees,A_all,forest,development|BTC/USDT|2023-12-08T21:00:00+00:00,0.2195653729771
3,profitable_after_fees,A_all,forest,development|BTC/USDT|2023-12-13T21:00:00+00:00,0.3257218083636176
3,profitable_after_fees,A_all,forest,development|ETH/USDT|2023-12-14T01:00:00+00:00,0.4877410158852982
3,profitable_after_fees,A_all,forest,development|BTC/USDT|2023-12-19T03:00:00+00:00,0.27396655024244854
3,profitable_after_fees,A_all,forest,development|ETH/USDT|2023-12-19T08:00:00+00:00,0.3290820848042612
3,profitable_after_fees,A_all,forest,development|ETH/USDT|2023-12-20T17:00:00+00:00,0.4483558288788321
3,profitable_after_fees,A_all,forest,development|BTC/USDT|2023-12-24T05:00:00+00:00,0.2569621529788694
3,profitable_after_fees,A_all,forest,development|ETH/USDT|2023-12-24T18:00:00+00:00,0.21110496927287492
3,profitable_after_fees,A_all,forest,development|BTC/USDT|2023-12-26T05:00:00+00:00,0.3839921731595545
3,profitable_after_fees,A_all,forest,development|ETH/USDT|2023-12-27T17:00:00+00:00,0.10547914070076456
3,profitable_after_fees,A_all,forest,development|BTC/USDT|2023-12-27T22:00:00+00:00,0.3614545383032117
3,profitable_after_fees,A_all,forest,development|BTC/USDT|2023-12-31T07:00:00+00:00,0.3781245043385757
3,profitable_after_fees,A_all,hist_gradient,development|BTC/USDT|2023-10-04T22:00:00+00:00,0.19806877314956142
3,profitable_after_fees,A_all,hist_gradient,development|BTC/USDT|2023-10-06T20:00:00+00:00,0.18318180467674544
3,profitable_after_fees,A_all,hist_gradient,development|ETH/USDT|2023-10-06T22:00:00+00:00,0.5233333373505689
3,profitable_after_fees,A_all,hist_gradient,development|BTC/USDT|2023-10-13T15:00:00+00:00,0.3369252957831316
3,profitable_after_fees,A_all,hist_gradient,development|ETH/USDT|2023-10-14T01:00:00+00:00,0.45712201987539464
3,profitable_after_fees,A_all,hist_gradient,development|BTC/USDT|2023-10-15T16:00:00+00:00,0.1897308017512986
3,profitable_after_fees,A_all,hist_gradient,development|BTC/USDT|2023-10-19T19:00:00+00:00,0.4703990520645385
3,profitable_after_fees,A_all,hist_gradient,development|ETH/USDT|2023-10-20T06:00:00+00:00,0.4010139093200997
3,profitable_after_fees,A_all,hist_gradient,development|ETH/USDT|2023-10-26T08:00:00+00:00,0.13846284228338251
3,profitable_after_fees,A_all,hist_gradient,development|BTC/USDT|2023-10-28T16:00:00+00:00,0.2268621816461166
3,profitable_after_fees,A_all,hist_gradient,development|ETH/USDT|2023-10-28T16:00:00+00:00,0.27951619606484684
3,profitable_after_fees,A_all,hist_gradient,development|ETH/USDT|2023-10-29T16:00:00+00:00,0.16940555775282146
3,profitable_after_fees,A_all,hist_gradient,development|ETH/USDT|2023-11-01T01:00:00+00:00,0.3521710397246491
3,profitable_after_fees,A_all,hist_gradient,development|BTC/USDT|2023-11-01T03:00:00+00:00,0.11504062872003087
3,profitable_after_fees,A_all,hist_gradient,development|ETH/USDT|2023-11-04T05:00:00+00:00,0.19707912591877116
3,profitable_after_fees,A_all,hist_gradient,development|BTC/USDT|2023-11-04T14:00:00+00:00,0.2583714694436336
3,profitable_after_fees,A_all,hist_gradient,development|BTC/USDT|2023-11-06T10:00:00+00:00,0.1655342056926432
3,profitable_after_fees,A_all,hist_gradient,development|BTC/USDT|2023-11-08T01:00:00+00:00,0.22245383813871952
3,profitable_after_fees,A_all,hist_gradient,development|ETH/USDT|2023-11-08T20:00:00+00:00,0.2446379806213604
3,profitable_after_fees,A_all,hist_gradient,development|BTC/USDT|2023-11-12T23:00:00+00:00,0.30050068728640394
3,profitable_after_fees,A_all,hist_gradient,development|ETH/USDT|2023-11-13T16:00:00+00:00,0.20030192165409466
3,profitable_after_fees,A_all,hist_gradient,development|BTC/USDT|2023-11-15T22:00:00+00:00,0.21863710369977785
3,profitable_after_fees,A_all,hist_gradient,development|ETH/USDT|2023-11-16T02:00:00+00:00,0.3281485704490649
3,profitable_after_fees,A_all,hist_gradient,development|BTC/USDT|2023-11-18T13:00:00+00:00,0.23309675762276996
3,profitable_after_fees,A_all,hist_gradient,development|ETH/USDT|2023-11-19T05:00:00+00:00,0.3315158653438878
3,profitable_after_fees,A_all,hist_gradient,development|ETH/USDT|2023-11-22T20:00:00+00:00,0.14933655546693758
3,profitable_after_fees,A_all,hist_gradient,development|BTC/USDT|2023-11-23T03:00:00+00:00,0.26011906554984354
3,profitable_after_fees,A_all,hist_gradient,development|BTC/USDT|2023-11-28T18:00:00+00:00,0.16945022384961977
3,profitable_after_fees,A_all,hist_gradient,development|ETH/USDT|2023-11-28T23:00:00+00:00,0.24302606029545226
3,profitable_after_fees,A_all,hist_gradient,development|ETH/USDT|2023-12-01T03:00:00+00:00,0.4144102748140223
3,profitable_after_fees,A_all,hist_gradient,development|BTC/USDT|2023-12-01T10:00:00+00:00,0.13734677506194498
3,profitable_after_fees,A_all,hist_gradient,development|ETH/USDT|2023-12-07T20:00:00+00:00,0.30974765886597316
3,profitable_after_fees,A_all,hist_gradient,development|BTC/USDT|2023-12-08T21:00:00+00:00,0.16196921977155707
3,profitable_after_fees,A_all,hist_gradient,development|BTC/USDT|2023-12-13T21:00:00+00:00,0.25228584085979794
3,profitable_after_fees,A_all,hist_gradient,development|ETH/USDT|2023-12-14T01:00:00+00:00,0.4929589555404831
3,profitable_after_fees,A_all,hist_gradient,development|BTC/USDT|2023-12-19T03:00:00+00:00,0.21927849473458616
3,profitable_after_fees,A_all,hist_gradient,development|ETH/USDT|2023-12-19T08:00:00+00:00,0.3451209373263019
3,profitable_after_fees,A_all,hist_gradient,development|ETH/USDT|2023-12-20T17:00:00+00:00,0.534291463383965
3,profitable_after_fees,A_all,hist_gradient,development|BTC/USDT|2023-12-24T05:00:00+00:00,0.3099880192094659
3,profitable_after_fees,A_all,hist_gradient,development|ETH/USDT|2023-12-24T18:00:00+00:00,0.13088600639659478
3,profitable_after_fees,A_all,hist_gradient,development|BTC/USDT|2023-12-26T05:00:00+00:00,0.44329033433449305
3,profitable_after_fees,A_all,hist_gradient,development|ETH/USDT|2023-12-27T17:00:00+00:00,0.15602442985194737
3,profitable_after_fees,A_all,hist_gradient,development|BTC/USDT|2023-12-27T22:00:00+00:00,0.3123704154166108
3,profitable_after_fees,A_all,hist_gradient,development|BTC/USDT|2023-12-31T07:00:00+00:00,0.39525387108188104
3,profitable_after_fees,B_reduced,dummy,development|BTC/USDT|2023-10-04T22:00:00+00:00,0.29651162790697677
3,profitable_after_fees,B_reduced,dummy,development|BTC/USDT|2023-10-06T20:00:00+00:00,0.29651162790697677
3,profitable_after_fees,B_reduced,dummy,development|ETH/USDT|2023-10-06T22:00:00+00:00,0.29651162790697677
3,profitable_after_fees,B_reduced,dummy,development|BTC/USDT|2023-10-13T15:00:00+00:00,0.29651162790697677
3,profitable_after_fees,B_reduced,dummy,development|ETH/USDT|2023-10-14T01:00:00+00:00,0.29651162790697677
3,profitable_after_fees,B_reduced,dummy,development|BTC/USDT|2023-10-15T16:00:00+00:00,0.29651162790697677
3,profitable_after_fees,B_reduced,dummy,development|BTC/USDT|2023-10-19T19:00:00+00:00,0.29651162790697677
3,profitable_after_fees,B_reduced,dummy,development|ETH/USDT|2023-10-20T06:00:00+00:00,0.29651162790697677
3,profitable_after_fees,B_reduced,dummy,development|ETH/USDT|2023-10-26T08:00:00+00:00,0.29651162790697677
3,profitable_after_fees,B_reduced,dummy,development|BTC/USDT|2023-10-28T16:00:00+00:00,0.29651162790697677
3,profitable_after_fees,B_reduced,dummy,development|ETH/USDT|2023-10-28T16:00:00+00:00,0.29651162790697677
3,profitable_after_fees,B_reduced,dummy,development|ETH/USDT|2023-10-29T16:00:00+00:00,0.29651162790697677
3,profitable_after_fees,B_reduced,dummy,development|ETH/USDT|2023-11-01T01:00:00+00:00,0.29651162790697677
3,profitable_after_fees,B_reduced,dummy,development|BTC/USDT|2023-11-01T03:00:00+00:00,0.29651162790697677
3,profitable_after_fees,B_reduced,dummy,development|ETH/USDT|2023-11-04T05:00:00+00:00,0.29651162790697677
3,profitable_after_fees,B_reduced,dummy,development|BTC/USDT|2023-11-04T14:00:00+00:00,0.29651162790697677
3,profitable_after_fees,B_reduced,dummy,development|BTC/USDT|2023-11-06T10:00:00+00:00,0.29651162790697677
3,profitable_after_fees,B_reduced,dummy,development|BTC/USDT|2023-11-08T01:00:00+00:00,0.29651162790697677
3,profitable_after_fees,B_reduced,dummy,development|ETH/USDT|2023-11-08T20:00:00+00:00,0.29651162790697677
3,profitable_after_fees,B_reduced,dummy,development|BTC/USDT|2023-11-12T23:00:00+00:00,0.29651162790697677
3,profitable_after_fees,B_reduced,dummy,development|ETH/USDT|2023-11-13T16:00:00+00:00,0.29651162790697677
3,profitable_after_fees,B_reduced,dummy,development|BTC/USDT|2023-11-15T22:00:00+00:00,0.29651162790697677
3,profitable_after_fees,B_reduced,dummy,development|ETH/USDT|2023-11-16T02:00:00+00:00,0.29651162790697677
3,profitable_after_fees,B_reduced,dummy,development|BTC/USDT|2023-11-18T13:00:00+00:00,0.29651162790697677
3,profitable_after_fees,B_reduced,dummy,development|ETH/USDT|2023-11-19T05:00:00+00:00,0.29651162790697677
3,profitable_after_fees,B_reduced,dummy,development|ETH/USDT|2023-11-22T20:00:00+00:00,0.29651162790697677
3,profitable_after_fees,B_reduced,dummy,development|BTC/USDT|2023-11-23T03:00:00+00:00,0.29651162790697677
3,profitable_after_fees,B_reduced,dummy,development|BTC/USDT|2023-11-28T18:00:00+00:00,0.29651162790697677
3,profitable_after_fees,B_reduced,dummy,development|ETH/USDT|2023-11-28T23:00:00+00:00,0.29651162790697677
3,profitable_after_fees,B_reduced,dummy,development|ETH/USDT|2023-12-01T03:00:00+00:00,0.29651162790697677
3,profitable_after_fees,B_reduced,dummy,development|BTC/USDT|2023-12-01T10:00:00+00:00,0.29651162790697677
3,profitable_after_fees,B_reduced,dummy,development|ETH/USDT|2023-12-07T20:00:00+00:00,0.29651162790697677
3,profitable_after_fees,B_reduced,dummy,development|BTC/USDT|2023-12-08T21:00:00+00:00,0.29651162790697677
3,profitable_after_fees,B_reduced,dummy,development|BTC/USDT|2023-12-13T21:00:00+00:00,0.29651162790697677
3,profitable_after_fees,B_reduced,dummy,development|ETH/USDT|2023-12-14T01:00:00+00:00,0.29651162790697677
3,profitable_after_fees,B_reduced,dummy,development|BTC/USDT|2023-12-19T03:00:00+00:00,0.29651162790697677
3,profitable_after_fees,B_reduced,dummy,development|ETH/USDT|2023-12-19T08:00:00+00:00,0.29651162790697677
3,profitable_after_fees,B_reduced,dummy,development|ETH/USDT|2023-12-20T17:00:00+00:00,0.29651162790697677
3,profitable_after_fees,B_reduced,dummy,development|BTC/USDT|2023-12-24T05:00:00+00:00,0.29651162790697677
3,profitable_after_fees,B_reduced,dummy,development|ETH/USDT|2023-12-24T18:00:00+00:00,0.29651162790697677
3,profitable_after_fees,B_reduced,dummy,development|BTC/USDT|2023-12-26T05:00:00+00:00,0.29651162790697677
3,profitable_after_fees,B_reduced,dummy,development|ETH/USDT|2023-12-27T17:00:00+00:00,0.29651162790697677
3,profitable_after_fees,B_reduced,dummy,development|BTC/USDT|2023-12-27T22:00:00+00:00,0.29651162790697677
3,profitable_after_fees,B_reduced,dummy,development|BTC/USDT|2023-12-31T07:00:00+00:00,0.29651162790697677
3,profitable_after_fees,B_reduced,logistic,development|BTC/USDT|2023-10-04T22:00:00+00:00,0.27707511874208435
3,profitable_after_fees,B_reduced,logistic,development|BTC/USDT|2023-10-06T20:00:00+00:00,0.1865619335849176
3,profitable_after_fees,B_reduced,logistic,development|ETH/USDT|2023-10-06T22:00:00+00:00,0.4546565090235924
3,profitable_after_fees,B_reduced,logistic,development|BTC/USDT|2023-10-13T15:00:00+00:00,0.31906381425229025
3,profitable_after_fees,B_reduced,logistic,development|ETH/USDT|2023-10-14T01:00:00+00:00,0.425138632939803
3,profitable_after_fees,B_reduced,logistic,development|BTC/USDT|2023-10-15T16:00:00+00:00,0.06355222015968585
3,profitable_after_fees,B_reduced,logistic,development|BTC/USDT|2023-10-19T19:00:00+00:00,0.2659999723249775
3,profitable_after_fees,B_reduced,logistic,development|ETH/USDT|2023-10-20T06:00:00+00:00,0.5644403548725182
3,profitable_after_fees,B_reduced,logistic,development|ETH/USDT|2023-10-26T08:00:00+00:00,0.08887333449428289
3,profitable_after_fees,B_reduced,logistic,development|BTC/USDT|2023-10-28T16:00:00+00:00,0.2037359872210005
3,profitable_after_fees,B_reduced,logistic,development|ETH/USDT|2023-10-28T16:00:00+00:00,0.1255885390358495
3,profitable_after_fees,B_reduced,logistic,development|ETH/USDT|2023-10-29T16:00:00+00:00,0.059079478516186626
3,profitable_after_fees,B_reduced,logistic,development|ETH/USDT|2023-11-01T01:00:00+00:00,0.03701726418389045
3,profitable_after_fees,B_reduced,logistic,development|BTC/USDT|2023-11-01T03:00:00+00:00,0.10682219939605307
3,profitable_after_fees,B_reduced,logistic,development|ETH/USDT|2023-11-04T05:00:00+00:00,0.21198547950179922
3,profitable_after_fees,B_reduced,logistic,development|BTC/USDT|2023-11-04T14:00:00+00:00,0.21343206932768588
3,profitable_after_fees,B_reduced,logistic,development|BTC/USDT|2023-11-06T10:00:00+00:00,0.0878248314170977
3,profitable_after_fees,B_reduced,logistic,development|BTC/USDT|2023-11-08T01:00:00+00:00,0.08805270210395261
3,profitable_after_fees,B_reduced,logistic,development|ETH/USDT|2023-11-08T20:00:00+00:00,0.1783190231742283
3,profitable_after_fees,B_reduced,logistic,development|BTC/USDT|2023-11-12T23:00:00+00:00,0.3334936905067025
3,profitable_after_fees,B_reduced,logistic,development|ETH/USDT|2023-11-13T16:00:00+00:00,0.15479398193931707
3,profitable_after_fees,B_reduced,logistic,development|BTC/USDT|2023-11-15T22:00:00+00:00,0.40376287202586736
3,profitable_after_fees,B_reduced,logistic,development|ETH/USDT|2023-11-16T02:00:00+00:00,0.3839897389205985
3,profitable_after_fees,B_reduced,logistic,development|BTC/USDT|2023-11-18T13:00:00+00:00,0.18948045090909632
3,profitable_after_fees,B_reduced,logistic,development|ETH/USDT|2023-11-19T05:00:00+00:00,0.39047539499838013
3,profitable_after_fees,B_reduced,logistic,development|ETH/USDT|2023-11-22T20:00:00+00:00,0.22105832061976063
3,profitable_after_fees,B_reduced,logistic,development|BTC/USDT|2023-11-23T03:00:00+00:00,0.26192012792879465
3,profitable_after_fees,B_reduced,logistic,development|BTC/USDT|2023-11-28T18:00:00+00:00,0.1839726673814104
3,profitable_after_fees,B_reduced,logistic,development|ETH/USDT|2023-11-28T23:00:00+00:00,0.2254652663232599
3,profitable_after_fees,B_reduced,logistic,development|ETH/USDT|2023-12-01T03:00:00+00:00,0.3768072478833301
3,profitable_after_fees,B_reduced,logistic,development|BTC/USDT|2023-12-01T10:00:00+00:00,0.13252579221839186
3,profitable_after_fees,B_reduced,logistic,development|ETH/USDT|2023-12-07T20:00:00+00:00,0.2390237470338448
3,profitable_after_fees,B_reduced,logistic,development|BTC/USDT|2023-12-08T21:00:00+00:00,0.09524265092410156
3,profitable_after_fees,B_reduced,logistic,development|BTC/USDT|2023-12-13T21:00:00+00:00,0.15112025242286237
3,profitable_after_fees,B_reduced,logistic,development|ETH/USDT|2023-12-14T01:00:00+00:00,0.39512582210725067
3,profitable_after_fees,B_reduced,logistic,development|BTC/USDT|2023-12-19T03:00:00+00:00,0.3107070625417252
3,profitable_after_fees,B_reduced,logistic,development|ETH/USDT|2023-12-19T08:00:00+00:00,0.2839610817539793
3,profitable_after_fees,B_reduced,logistic,development|ETH/USDT|2023-12-20T17:00:00+00:00,0.42248228416001976
3,profitable_after_fees,B_reduced,logistic,development|BTC/USDT|2023-12-24T05:00:00+00:00,0.08756043392176925
3,profitable_after_fees,B_reduced,logistic,development|ETH/USDT|2023-12-24T18:00:00+00:00,0.13891918290118538
3,profitable_after_fees,B_reduced,logistic,development|BTC/USDT|2023-12-26T05:00:00+00:00,0.49005963146192494
3,profitable_after_fees,B_reduced,logistic,development|ETH/USDT|2023-12-27T17:00:00+00:00,0.12803578531639687
3,profitable_after_fees,B_reduced,logistic,development|BTC/USDT|2023-12-27T22:00:00+00:00,0.35632019887435246
3,profitable_after_fees,B_reduced,logistic,development|BTC/USDT|2023-12-31T07:00:00+00:00,0.25399510626204014
3,profitable_after_fees,B_reduced,forest,development|BTC/USDT|2023-10-04T22:00:00+00:00,0.318472011748364
3,profitable_after_fees,B_reduced,forest,development|BTC/USDT|2023-10-06T20:00:00+00:00,0.16988866879292208
3,profitable_after_fees,B_reduced,forest,development|ETH/USDT|2023-10-06T22:00:00+00:00,0.46244325114338225
3,profitable_after_fees,B_reduced,forest,development|BTC/USDT|2023-10-13T15:00:00+00:00,0.3379169451314412
3,profitable_after_fees,B_reduced,forest,development|ETH/USDT|2023-10-14T01:00:00+00:00,0.41477593144125585
3,profitable_after_fees,B_reduced,forest,development|BTC/USDT|2023-10-15T16:00:00+00:00,0.1511368370726036
3,profitable_after_fees,B_reduced,forest,development|BTC/USDT|2023-10-19T19:00:00+00:00,0.40230844645981223
3,profitable_after_fees,B_reduced,forest,development|ETH/USDT|2023-10-20T06:00:00+00:00,0.3541198556239707
3,profitable_after_fees,B_reduced,forest,development|ETH/USDT|2023-10-26T08:00:00+00:00,0.13096440587627298
3,profitable_after_fees,B_reduced,forest,development|BTC/USDT|2023-10-28T16:00:00+00:00,0.2728990965464937
3,profitable_after_fees,B_reduced,forest,development|ETH/USDT|2023-10-28T16:00:00+00:00,0.3003978496423317
3,profitable_after_fees,B_reduced,forest,development|ETH/USDT|2023-10-29T16:00:00+00:00,0.24392258621259053
3,profitable_after_fees,B_reduced,forest,development|ETH/USDT|2023-11-01T01:00:00+00:00,0.2853259643491658
3,profitable_after_fees,B_reduced,forest,development|BTC/USDT|2023-11-01T03:00:00+00:00,0.2337194516232951
3,profitable_after_fees,B_reduced,forest,development|ETH/USDT|2023-11-04T05:00:00+00:00,0.2800277504750284
3,profitable_after_fees,B_reduced,forest,development|BTC/USDT|2023-11-04T14:00:00+00:00,0.35962502912330424
3,profitable_after_fees,B_reduced,forest,development|BTC/USDT|2023-11-06T10:00:00+00:00,0.15641923059887014
3,profitable_after_fees,B_reduced,forest,development|BTC/USDT|2023-11-08T01:00:00+00:00,0.2938782818361909
3,profitable_after_fees,B_reduced,forest,development|ETH/USDT|2023-11-08T20:00:00+00:00,0.29164514407688996
3,profitable_after_fees,B_reduced,forest,development|BTC/USDT|2023-11-12T23:00:00+00:00,0.3021964626929492
3,profitable_after_fees,B_reduced,forest,development|ETH/USDT|2023-11-13T16:00:00+00:00,0.2574845370260861
3,profitable_after_fees,B_reduced,forest,development|BTC/USDT|2023-11-15T22:00:00+00:00,0.24538821340488948
3,profitable_after_fees,B_reduced,forest,development|ETH/USDT|2023-11-16T02:00:00+00:00,0.2949134072739715
3,profitable_after_fees,B_reduced,forest,development|BTC/USDT|2023-11-18T13:00:00+00:00,0.34570299673297356
3,profitable_after_fees,B_reduced,forest,development|ETH/USDT|2023-11-19T05:00:00+00:00,0.3249435219672315
3,profitable_after_fees,B_reduced,forest,development|ETH/USDT|2023-11-22T20:00:00+00:00,0.11582270383085033
3,profitable_after_fees,B_reduced,forest,development|BTC/USDT|2023-11-23T03:00:00+00:00,0.30112319090912726
3,profitable_after_fees,B_reduced,forest,development|BTC/USDT|2023-11-28T18:00:00+00:00,0.2621004653638659
3,profitable_after_fees,B_reduced,forest,development|ETH/USDT|2023-11-28T23:00:00+00:00,0.3830192480877414
3,profitable_after_fees,B_reduced,forest,development|ETH/USDT|2023-12-01T03:00:00+00:00,0.26984246958093483
3,profitable_after_fees,B_reduced,forest,development|BTC/USDT|2023-12-01T10:00:00+00:00,0.1499011225901273
3,profitable_after_fees,B_reduced,forest,development|ETH/USDT|2023-12-07T20:00:00+00:00,0.23693817876069137
3,profitable_after_fees,B_reduced,forest,development|BTC/USDT|2023-12-08T21:00:00+00:00,0.24248827480568036
3,profitable_after_fees,B_reduced,forest,development|BTC/USDT|2023-12-13T21:00:00+00:00,0.3130349190864273
3,profitable_after_fees,B_reduced,forest,development|ETH/USDT|2023-12-14T01:00:00+00:00,0.4866884492845485
3,profitable_after_fees,B_reduced,forest,development|BTC/USDT|2023-12-19T03:00:00+00:00,0.24130540166738357
3,profitable_after_fees,B_reduced,forest,development|ETH/USDT|2023-12-19T08:00:00+00:00,0.2777456088075798
3,profitable_after_fees,B_reduced,forest,development|ETH/USDT|2023-12-20T17:00:00+00:00,0.4655434390475257
3,profitable_after_fees,B_reduced,forest,development|BTC/USDT|2023-12-24T05:00:00+00:00,0.29214585510925306
3,profitable_after_fees,B_reduced,forest,development|ETH/USDT|2023-12-24T18:00:00+00:00,0.18505802548939795
3,profitable_after_fees,B_reduced,forest,development|BTC/USDT|2023-12-26T05:00:00+00:00,0.3787387166702555
3,profitable_after_fees,B_reduced,forest,development|ETH/USDT|2023-12-27T17:00:00+00:00,0.12809687141362625
3,profitable_after_fees,B_reduced,forest,development|BTC/USDT|2023-12-27T22:00:00+00:00,0.3163685882094976
3,profitable_after_fees,B_reduced,forest,development|BTC/USDT|2023-12-31T07:00:00+00:00,0.36132540438472754
3,profitable_after_fees,B_reduced,hist_gradient,development|BTC/USDT|2023-10-04T22:00:00+00:00,0.19806877314956142
3,profitable_after_fees,B_reduced,hist_gradient,development|BTC/USDT|2023-10-06T20:00:00+00:00,0.18318180467674544
3,profitable_after_fees,B_reduced,hist_gradient,development|ETH/USDT|2023-10-06T22:00:00+00:00,0.5233333373505689
3,profitable_after_fees,B_reduced,hist_gradient,development|BTC/USDT|2023-10-13T15:00:00+00:00,0.3369252957831316
3,profitable_after_fees,B_reduced,hist_gradient,development|ETH/USDT|2023-10-14T01:00:00+00:00,0.45712201987539464
3,profitable_after_fees,B_reduced,hist_gradient,development|BTC/USDT|2023-10-15T16:00:00+00:00,0.1897308017512986
3,profitable_after_fees,B_reduced,hist_gradient,development|BTC/USDT|2023-10-19T19:00:00+00:00,0.4703990520645385
3,profitable_after_fees,B_reduced,hist_gradient,development|ETH/USDT|2023-10-20T06:00:00+00:00,0.4010139093200997
3,profitable_after_fees,B_reduced,hist_gradient,development|ETH/USDT|2023-10-26T08:00:00+00:00,0.13846284228338251
3,profitable_after_fees,B_reduced,hist_gradient,development|BTC/USDT|2023-10-28T16:00:00+00:00,0.2268621816461166
3,profitable_after_fees,B_reduced,hist_gradient,development|ETH/USDT|2023-10-28T16:00:00+00:00,0.27951619606484684
3,profitable_after_fees,B_reduced,hist_gradient,development|ETH/USDT|2023-10-29T16:00:00+00:00,0.16940555775282146
3,profitable_after_fees,B_reduced,hist_gradient,development|ETH/USDT|2023-11-01T01:00:00+00:00,0.3521710397246491
3,profitable_after_fees,B_reduced,hist_gradient,development|BTC/USDT|2023-11-01T03:00:00+00:00,0.11504062872003087
3,profitable_after_fees,B_reduced,hist_gradient,development|ETH/USDT|2023-11-04T05:00:00+00:00,0.19707912591877116
3,profitable_after_fees,B_reduced,hist_gradient,development|BTC/USDT|2023-11-04T14:00:00+00:00,0.2583714694436336
3,profitable_after_fees,B_reduced,hist_gradient,development|BTC/USDT|2023-11-06T10:00:00+00:00,0.1655342056926432
3,profitable_after_fees,B_reduced,hist_gradient,development|BTC/USDT|2023-11-08T01:00:00+00:00,0.22245383813871952
3,profitable_after_fees,B_reduced,hist_gradient,development|ETH/USDT|2023-11-08T20:00:00+00:00,0.2446379806213604
3,profitable_after_fees,B_reduced,hist_gradient,development|BTC/USDT|2023-11-12T23:00:00+00:00,0.30050068728640394
3,profitable_after_fees,B_reduced,hist_gradient,development|ETH/USDT|2023-11-13T16:00:00+00:00,0.20030192165409466
3,profitable_after_fees,B_reduced,hist_gradient,development|BTC/USDT|2023-11-15T22:00:00+00:00,0.21863710369977785
3,profitable_after_fees,B_reduced,hist_gradient,development|ETH/USDT|2023-11-16T02:00:00+00:00,0.3281485704490649
3,profitable_after_fees,B_reduced,hist_gradient,development|BTC/USDT|2023-11-18T13:00:00+00:00,0.23309675762276996
3,profitable_after_fees,B_reduced,hist_gradient,development|ETH/USDT|2023-11-19T05:00:00+00:00,0.3315158653438878
3,profitable_after_fees,B_reduced,hist_gradient,development|ETH/USDT|2023-11-22T20:00:00+00:00,0.14933655546693758
3,profitable_after_fees,B_reduced,hist_gradient,development|BTC/USDT|2023-11-23T03:00:00+00:00,0.26011906554984354
3,profitable_after_fees,B_reduced,hist_gradient,development|BTC/USDT|2023-11-28T18:00:00+00:00,0.16945022384961977
3,profitable_after_fees,B_reduced,hist_gradient,development|ETH/USDT|2023-11-28T23:00:00+00:00,0.24302606029545226
3,profitable_after_fees,B_reduced,hist_gradient,development|ETH/USDT|2023-12-01T03:00:00+00:00,0.4144102748140223
3,profitable_after_fees,B_reduced,hist_gradient,development|BTC/USDT|2023-12-01T10:00:00+00:00,0.13734677506194498
3,profitable_after_fees,B_reduced,hist_gradient,development|ETH/USDT|2023-12-07T20:00:00+00:00,0.30974765886597316
3,profitable_after_fees,B_reduced,hist_gradient,development|BTC/USDT|2023-12-08T21:00:00+00:00,0.16196921977155707
3,profitable_after_fees,B_reduced,hist_gradient,development|BTC/USDT|2023-12-13T21:00:00+00:00,0.25228584085979794
3,profitable_after_fees,B_reduced,hist_gradient,development|ETH/USDT|2023-12-14T01:00:00+00:00,0.4929589555404831
3,profitable_after_fees,B_reduced,hist_gradient,development|BTC/USDT|2023-12-19T03:00:00+00:00,0.21927849473458616
3,profitable_after_fees,B_reduced,hist_gradient,development|ETH/USDT|2023-12-19T08:00:00+00:00,0.3451209373263019
3,profitable_after_fees,B_reduced,hist_gradient,development|ETH/USDT|2023-12-20T17:00:00+00:00,0.534291463383965
3,profitable_after_fees,B_reduced,hist_gradient,development|BTC/USDT|2023-12-24T05:00:00+00:00,0.3099880192094659
3,profitable_after_fees,B_reduced,hist_gradient,development|ETH/USDT|2023-12-24T18:00:00+00:00,0.13088600639659478
3,profitable_after_fees,B_reduced,hist_gradient,development|BTC/USDT|2023-12-26T05:00:00+00:00,0.44329033433449305
3,profitable_after_fees,B_reduced,hist_gradient,development|ETH/USDT|2023-12-27T17:00:00+00:00,0.15602442985194737
3,profitable_after_fees,B_reduced,hist_gradient,development|BTC/USDT|2023-12-27T22:00:00+00:00,0.3123704154166108
3,profitable_after_fees,B_reduced,hist_gradient,development|BTC/USDT|2023-12-31T07:00:00+00:00,0.39525387108188104
3,profitable_after_fees,C_price,dummy,development|BTC/USDT|2023-10-04T22:00:00+00:00,0.29651162790697677
3,profitable_after_fees,C_price,dummy,development|BTC/USDT|2023-10-06T20:00:00+00:00,0.29651162790697677
3,profitable_after_fees,C_price,dummy,development|ETH/USDT|2023-10-06T22:00:00+00:00,0.29651162790697677
3,profitable_after_fees,C_price,dummy,development|BTC/USDT|2023-10-13T15:00:00+00:00,0.29651162790697677
3,profitable_after_fees,C_price,dummy,development|ETH/USDT|2023-10-14T01:00:00+00:00,0.29651162790697677
3,profitable_after_fees,C_price,dummy,development|BTC/USDT|2023-10-15T16:00:00+00:00,0.29651162790697677
3,profitable_after_fees,C_price,dummy,development|BTC/USDT|2023-10-19T19:00:00+00:00,0.29651162790697677
3,profitable_after_fees,C_price,dummy,development|ETH/USDT|2023-10-20T06:00:00+00:00,0.29651162790697677
3,profitable_after_fees,C_price,dummy,development|ETH/USDT|2023-10-26T08:00:00+00:00,0.29651162790697677
3,profitable_after_fees,C_price,dummy,development|BTC/USDT|2023-10-28T16:00:00+00:00,0.29651162790697677
3,profitable_after_fees,C_price,dummy,development|ETH/USDT|2023-10-28T16:00:00+00:00,0.29651162790697677
3,profitable_after_fees,C_price,dummy,development|ETH/USDT|2023-10-29T16:00:00+00:00,0.29651162790697677
3,profitable_after_fees,C_price,dummy,development|ETH/USDT|2023-11-01T01:00:00+00:00,0.29651162790697677
3,profitable_after_fees,C_price,dummy,development|BTC/USDT|2023-11-01T03:00:00+00:00,0.29651162790697677
3,profitable_after_fees,C_price,dummy,development|ETH/USDT|2023-11-04T05:00:00+00:00,0.29651162790697677
3,profitable_after_fees,C_price,dummy,development|BTC/USDT|2023-11-04T14:00:00+00:00,0.29651162790697677
3,profitable_after_fees,C_price,dummy,development|BTC/USDT|2023-11-06T10:00:00+00:00,0.29651162790697677
3,profitable_after_fees,C_price,dummy,development|BTC/USDT|2023-11-08T01:00:00+00:00,0.29651162790697677
3,profitable_after_fees,C_price,dummy,development|ETH/USDT|2023-11-08T20:00:00+00:00,0.29651162790697677
3,profitable_after_fees,C_price,dummy,development|BTC/USDT|2023-11-12T23:00:00+00:00,0.29651162790697677
3,profitable_after_fees,C_price,dummy,development|ETH/USDT|2023-11-13T16:00:00+00:00,0.29651162790697677
3,profitable_after_fees,C_price,dummy,development|BTC/USDT|2023-11-15T22:00:00+00:00,0.29651162790697677
3,profitable_after_fees,C_price,dummy,development|ETH/USDT|2023-11-16T02:00:00+00:00,0.29651162790697677
3,profitable_after_fees,C_price,dummy,development|BTC/USDT|2023-11-18T13:00:00+00:00,0.29651162790697677
3,profitable_after_fees,C_price,dummy,development|ETH/USDT|2023-11-19T05:00:00+00:00,0.29651162790697677
3,profitable_after_fees,C_price,dummy,development|ETH/USDT|2023-11-22T20:00:00+00:00,0.29651162790697677
3,profitable_after_fees,C_price,dummy,development|BTC/USDT|2023-11-23T03:00:00+00:00,0.29651162790697677
3,profitable_after_fees,C_price,dummy,development|BTC/USDT|2023-11-28T18:00:00+00:00,0.29651162790697677
3,profitable_after_fees,C_price,dummy,development|ETH/USDT|2023-11-28T23:00:00+00:00,0.29651162790697677
3,profitable_after_fees,C_price,dummy,development|ETH/USDT|2023-12-01T03:00:00+00:00,0.29651162790697677
3,profitable_after_fees,C_price,dummy,development|BTC/USDT|2023-12-01T10:00:00+00:00,0.29651162790697677
3,profitable_after_fees,C_price,dummy,development|ETH/USDT|2023-12-07T20:00:00+00:00,0.29651162790697677
3,profitable_after_fees,C_price,dummy,development|BTC/USDT|2023-12-08T21:00:00+00:00,0.29651162790697677
3,profitable_after_fees,C_price,dummy,development|BTC/USDT|2023-12-13T21:00:00+00:00,0.29651162790697677
3,profitable_after_fees,C_price,dummy,development|ETH/USDT|2023-12-14T01:00:00+00:00,0.29651162790697677
3,profitable_after_fees,C_price,dummy,development|BTC/USDT|2023-12-19T03:00:00+00:00,0.29651162790697677
3,profitable_after_fees,C_price,dummy,development|ETH/USDT|2023-12-19T08:00:00+00:00,0.29651162790697677
3,profitable_after_fees,C_price,dummy,development|ETH/USDT|2023-12-20T17:00:00+00:00,0.29651162790697677
3,profitable_after_fees,C_price,dummy,development|BTC/USDT|2023-12-24T05:00:00+00:00,0.29651162790697677
3,profitable_after_fees,C_price,dummy,development|ETH/USDT|2023-12-24T18:00:00+00:00,0.29651162790697677
3,profitable_after_fees,C_price,dummy,development|BTC/USDT|2023-12-26T05:00:00+00:00,0.29651162790697677
3,profitable_after_fees,C_price,dummy,development|ETH/USDT|2023-12-27T17:00:00+00:00,0.29651162790697677
3,profitable_after_fees,C_price,dummy,development|BTC/USDT|2023-12-27T22:00:00+00:00,0.29651162790697677
3,profitable_after_fees,C_price,dummy,development|BTC/USDT|2023-12-31T07:00:00+00:00,0.29651162790697677
3,profitable_after_fees,C_price,logistic,development|BTC/USDT|2023-10-04T22:00:00+00:00,0.37023464111650406
3,profitable_after_fees,C_price,logistic,development|BTC/USDT|2023-10-06T20:00:00+00:00,0.201563178482546
3,profitable_after_fees,C_price,logistic,development|ETH/USDT|2023-10-06T22:00:00+00:00,0.4567616633003882
3,profitable_after_fees,C_price,logistic,development|BTC/USDT|2023-10-13T15:00:00+00:00,0.2544141288374565
3,profitable_after_fees,C_price,logistic,development|ETH/USDT|2023-10-14T01:00:00+00:00,0.3823425465731557
3,profitable_after_fees,C_price,logistic,development|BTC/USDT|2023-10-15T16:00:00+00:00,0.13973569241454856
3,profitable_after_fees,C_price,logistic,development|BTC/USDT|2023-10-19T19:00:00+00:00,0.18286910586377206
3,profitable_after_fees,C_price,logistic,development|ETH/USDT|2023-10-20T06:00:00+00:00,0.5821541301973336
3,profitable_after_fees,C_price,logistic,development|ETH/USDT|2023-10-26T08:00:00+00:00,0.06455726494515418
3,profitable_after_fees,C_price,logistic,development|BTC/USDT|2023-10-28T16:00:00+00:00,0.4148130837392819
3,profitable_after_fees,C_price,logistic,development|ETH/USDT|2023-10-28T16:00:00+00:00,0.20101942004494633
3,profitable_after_fees,C_price,logistic,development|ETH/USDT|2023-10-29T16:00:00+00:00,0.17711863732795197
3,profitable_after_fees,C_price,logistic,development|ETH/USDT|2023-11-01T01:00:00+00:00,0.15337783511167993
3,profitable_after_fees,C_price,logistic,development|BTC/USDT|2023-11-01T03:00:00+00:00,0.12369202299683649
3,profitable_after_fees,C_price,logistic,development|ETH/USDT|2023-11-04T05:00:00+00:00,0.2091117527782482
3,profitable_after_fees,C_price,logistic,development|BTC/USDT|2023-11-04T14:00:00+00:00,0.28140407441891707
3,profitable_after_fees,C_price,logistic,development|BTC/USDT|2023-11-06T10:00:00+00:00,0.06030414951159847
3,profitable_after_fees,C_price,logistic,development|BTC/USDT|2023-11-08T01:00:00+00:00,0.1797489874459858
3,profitable_after_fees,C_price,logistic,development|ETH/USDT|2023-11-08T20:00:00+00:00,0.19044571147603395
3,profitable_after_fees,C_price,logistic,development|BTC/USDT|2023-11-12T23:00:00+00:00,0.3750387403419733
3,profitable_after_fees,C_price,logistic,development|ETH/USDT|2023-11-13T16:00:00+00:00,0.08153472830699389
3,profitable_after_fees,C_price,logistic,development|BTC/USDT|2023-11-15T22:00:00+00:00,0.48880957755239696
3,profitable_after_fees,C_price,logistic,development|ETH/USDT|2023-11-16T02:00:00+00:00,0.40920570451020827
3,profitable_after_fees,C_price,logistic,development|BTC/USDT|2023-11-18T13:00:00+00:00,0.22727475964367372
3,profitable_after_fees,C_price,logistic,development|ETH/USDT|2023-11-19T05:00:00+00:00,0.5438697319125788
3,profitable_after_fees,C_price,logistic,development|ETH/USDT|2023-11-22T20:00:00+00:00,0.2764739036799583
3,profitable_after_fees,C_price,logistic,development|BTC/USDT|2023-11-23T03:00:00+00:00,0.24403888463898785
3,profitable_after_fees,C_price,logistic,development|BTC/USDT|2023-11-28T18:00:00+00:00,0.19584276656827032
3,profitable_after_fees,C_price,logistic,development|ETH/USDT|2023-11-28T23:00:00+00:00,0.2603116239820371
3,profitable_after_fees,C_price,logistic,development|ETH/USDT|2023-12-01T03:00:00+00:00,0.32245151728178645
3,profitable_after_fees,C_price,logistic,development|BTC/USDT|2023-12-01T10:00:00+00:00,0.1199620267282548
3,profitable_after_fees,C_price,logistic,development|ETH/USDT|2023-12-07T20:00:00+00:00,0.2851360551503057
3,profitable_after_fees,C_price,logistic,development|BTC/USDT|2023-12-08T21:00:00+00:00,0.0885250348951698
3,profitable_after_fees,C_price,logistic,development|BTC/USDT|2023-12-13T21:00:00+00:00,0.2856720993823124
3,profitable_after_fees,C_price,logistic,development|ETH/USDT|2023-12-14T01:00:00+00:00,0.46399768448051415
3,profitable_after_fees,C_price,logistic,development|BTC/USDT|2023-12-19T03:00:00+00:00,0.31895438088683503
3,profitable_after_fees,C_price,logistic,development|ETH/USDT|2023-12-19T08:00:00+00:00,0.2773223896528122
3,profitable_after_fees,C_price,logistic,development|ETH/USDT|2023-12-20T17:00:00+00:00,0.35947122499075096
3,profitable_after_fees,C_price,logistic,development|BTC/USDT|2023-12-24T05:00:00+00:00,0.2913880509124232
3,profitable_after_fees,C_price,logistic,development|ETH/USDT|2023-12-24T18:00:00+00:00,0.14451555426678503
3,profitable_after_fees,C_price,logistic,development|BTC/USDT|2023-12-26T05:00:00+00:00,0.3769640965617422
3,profitable_after_fees,C_price,logistic,development|ETH/USDT|2023-12-27T17:00:00+00:00,0.21761968111146165
3,profitable_after_fees,C_price,logistic,development|BTC/USDT|2023-12-27T22:00:00+00:00,0.3606466743167168
3,profitable_after_fees,C_price,logistic,development|BTC/USDT|2023-12-31T07:00:00+00:00,0.29657957678383495
3,profitable_after_fees,C_price,forest,development|BTC/USDT|2023-10-04T22:00:00+00:00,0.3874106303485235
3,profitable_after_fees,C_price,forest,development|BTC/USDT|2023-10-06T20:00:00+00:00,0.22995759327028575
3,profitable_after_fees,C_price,forest,development|ETH/USDT|2023-10-06T22:00:00+00:00,0.41439361128268976
3,profitable_after_fees,C_price,forest,development|BTC/USDT|2023-10-13T15:00:00+00:00,0.271334644119723
3,profitable_after_fees,C_price,forest,development|ETH/USDT|2023-10-14T01:00:00+00:00,0.33011863419294374
3,profitable_after_fees,C_price,forest,development|BTC/USDT|2023-10-15T16:00:00+00:00,0.1742198963670654
3,profitable_after_fees,C_price,forest,development|BTC/USDT|2023-10-19T19:00:00+00:00,0.36837708264759383
3,profitable_after_fees,C_price,forest,development|ETH/USDT|2023-10-20T06:00:00+00:00,0.3766351885342887
3,profitable_after_fees,C_price,forest,development|ETH/USDT|2023-10-26T08:00:00+00:00,0.10077787570930571
3,profitable_after_fees,C_price,forest,development|BTC/USDT|2023-10-28T16:00:00+00:00,0.3148212275033964
3,profitable_after_fees,C_price,forest,development|ETH/USDT|2023-10-28T16:00:00+00:00,0.3601882982917094
3,profitable_after_fees,C_price,forest,development|ETH/USDT|2023-10-29T16:00:00+00:00,0.3151444279685689
3,profitable_after_fees,C_price,forest,development|ETH/USDT|2023-11-01T01:00:00+00:00,0.3159214437609989
3,profitable_after_fees,C_price,forest,development|BTC/USDT|2023-11-01T03:00:00+00:00,0.18725677298745075
3,profitable_after_fees,C_price,forest,development|ETH/USDT|2023-11-04T05:00:00+00:00,0.28502681499193033
3,profitable_after_fees,C_price,forest,development|BTC/USDT|2023-11-04T14:00:00+00:00,0.33023258221313
3,profitable_after_fees,C_price,forest,development|BTC/USDT|2023-11-06T10:00:00+00:00,0.16890844764832025
3,profitable_after_fees,C_price,forest,development|BTC/USDT|2023-11-08T01:00:00+00:00,0.36314400834554506
3,profitable_after_fees,C_price,forest,development|ETH/USDT|2023-11-08T20:00:00+00:00,0.2892811278370802
3,profitable_after_fees,C_price,forest,development|BTC/USDT|2023-11-12T23:00:00+00:00,0.29441073949493385
3,profitable_after_fees,C_price,forest,development|ETH/USDT|2023-11-13T16:00:00+00:00,0.20304084281211449
3,profitable_after_fees,C_price,forest,development|BTC/USDT|2023-11-15T22:00:00+00:00,0.2087822845070325
3,profitable_after_fees,C_price,forest,development|ETH/USDT|2023-11-16T02:00:00+00:00,0.24782522838704268
3,profitable_after_fees,C_price,forest,development|BTC/USDT|2023-11-18T13:00:00+00:00,0.2877836301989663
3,profitable_after_fees,C_price,forest,development|ETH/USDT|2023-11-19T05:00:00+00:00,0.4148421277195048
3,profitable_after_fees,C_price,forest,development|ETH/USDT|2023-11-22T20:00:00+00:00,0.09735195145729451
3,profitable_after_fees,C_price,forest,development|BTC/USDT|2023-11-23T03:00:00+00:00,0.30302586410807114
3,profitable_after_fees,C_price,forest,development|BTC/USDT|2023-11-28T18:00:00+00:00,0.20232571436031932
3,profitable_after_fees,C_price,forest,development|ETH/USDT|2023-11-28T23:00:00+00:00,0.37538666589403696
3,profitable_after_fees,C_price,forest,development|ETH/USDT|2023-12-01T03:00:00+00:00,0.33441742621350223
3,profitable_after_fees,C_price,forest,development|BTC/USDT|2023-12-01T10:00:00+00:00,0.15082553010808655
3,profitable_after_fees,C_price,forest,development|ETH/USDT|2023-12-07T20:00:00+00:00,0.23624302441454423
3,profitable_after_fees,C_price,forest,development|BTC/USDT|2023-12-08T21:00:00+00:00,0.19456098522755955
3,profitable_after_fees,C_price,forest,development|BTC/USDT|2023-12-13T21:00:00+00:00,0.35514689627087137
3,profitable_after_fees,C_price,forest,development|ETH/USDT|2023-12-14T01:00:00+00:00,0.5016558172996615
3,profitable_after_fees,C_price,forest,development|BTC/USDT|2023-12-19T03:00:00+00:00,0.22138187779159105
3,profitable_after_fees,C_price,forest,development|ETH/USDT|2023-12-19T08:00:00+00:00,0.2629306940964904
3,profitable_after_fees,C_price,forest,development|ETH/USDT|2023-12-20T17:00:00+00:00,0.4661891312316568
3,profitable_after_fees,C_price,forest,development|BTC/USDT|2023-12-24T05:00:00+00:00,0.3242284087022322
3,profitable_after_fees,C_price,forest,development|ETH/USDT|2023-12-24T18:00:00+00:00,0.18462676344905168
3,profitable_after_fees,C_price,forest,development|BTC/USDT|2023-12-26T05:00:00+00:00,0.3256620883641687
3,profitable_after_fees,C_price,forest,development|ETH/USDT|2023-12-27T17:00:00+00:00,0.10682775016838733
3,profitable_after_fees,C_price,forest,development|BTC/USDT|2023-12-27T22:00:00+00:00,0.3150085849912193
3,profitable_after_fees,C_price,forest,development|BTC/USDT|2023-12-31T07:00:00+00:00,0.35463228840751443
3,profitable_after_fees,C_price,hist_gradient,development|BTC/USDT|2023-10-04T22:00:00+00:00,0.14266515119635378
3,profitable_after_fees,C_price,hist_gradient,development|BTC/USDT|2023-10-06T20:00:00+00:00,0.17482395040636467
3,profitable_after_fees,C_price,hist_gradient,development|ETH/USDT|2023-10-06T22:00:00+00:00,0.40498121253196484
3,profitable_after_fees,C_price,hist_gradient,development|BTC/USDT|2023-10-13T15:00:00+00:00,0.20456878897639363
3,profitable_after_fees,C_price,hist_gradient,development|ETH/USDT|2023-10-14T01:00:00+00:00,0.36412103278610625
3,profitable_after_fees,C_price,hist_gradient,development|BTC/USDT|2023-10-15T16:00:00+00:00,0.17648003964299766
3,profitable_after_fees,C_price,hist_gradient,development|BTC/USDT|2023-10-19T19:00:00+00:00,0.2570941124612752
3,profitable_after_fees,C_price,hist_gradient,development|ETH/USDT|2023-10-20T06:00:00+00:00,0.41731746274203996
3,profitable_after_fees,C_price,hist_gradient,development|ETH/USDT|2023-10-26T08:00:00+00:00,0.1355421730495221
3,profitable_after_fees,C_price,hist_gradient,development|BTC/USDT|2023-10-28T16:00:00+00:00,0.316501984360428
3,profitable_after_fees,C_price,hist_gradient,development|ETH/USDT|2023-10-28T16:00:00+00:00,0.2584636002892233
3,profitable_after_fees,C_price,hist_gradient,development|ETH/USDT|2023-10-29T16:00:00+00:00,0.17748991167010866
3,profitable_after_fees,C_price,hist_gradient,development|ETH/USDT|2023-11-01T01:00:00+00:00,0.3773549373348601
3,profitable_after_fees,C_price,hist_gradient,development|BTC/USDT|2023-11-01T03:00:00+00:00,0.13927802627127459
3,profitable_after_fees,C_price,hist_gradient,development|ETH/USDT|2023-11-04T05:00:00+00:00,0.2154673294916148
3,profitable_after_fees,C_price,hist_gradient,development|BTC/USDT|2023-11-04T14:00:00+00:00,0.19535752463177564
3,profitable_after_fees,C_price,hist_gradient,development|BTC/USDT|2023-11-06T10:00:00+00:00,0.20362644758101334
3,profitable_after_fees,C_price,hist_gradient,development|BTC/USDT|2023-11-08T01:00:00+00:00,0.2901026373698994
3,profitable_after_fees,C_price,hist_gradient,development|ETH/USDT|2023-11-08T20:00:00+00:00,0.27441881178272515
3,profitable_after_fees,C_price,hist_gradient,development|BTC/USDT|2023-11-12T23:00:00+00:00,0.29094277524016365
3,profitable_after_fees,C_price,hist_gradient,development|ETH/USDT|2023-11-13T16:00:00+00:00,0.17577812579631955
3,profitable_after_fees,C_price,hist_gradient,development|BTC/USDT|2023-11-15T22:00:00+00:00,0.20310051212915087
3,profitable_after_fees,C_price,hist_gradient,development|ETH/USDT|2023-11-16T02:00:00+00:00,0.23364362371893932
3,profitable_after_fees,C_price,hist_gradient,development|BTC/USDT|2023-11-18T13:00:00+00:00,0.17295601212781025
3,profitable_after_fees,C_price,hist_gradient,development|ETH/USDT|2023-11-19T05:00:00+00:00,0.5576707431699516
3,profitable_after_fees,C_price,hist_gradient,development|ETH/USDT|2023-11-22T20:00:00+00:00,0.13345005812818084
3,profitable_after_fees,C_price,hist_gradient,development|BTC/USDT|2023-11-23T03:00:00+00:00,0.32413821516739255
3,profitable_after_fees,C_price,hist_gradient,development|BTC/USDT|2023-11-28T18:00:00+00:00,0.1605406068560722
3,profitable_after_fees,C_price,hist_gradient,development|ETH/USDT|2023-11-28T23:00:00+00:00,0.3454638871792567
3,profitable_after_fees,C_price,hist_gradient,development|ETH/USDT|2023-12-01T03:00:00+00:00,0.4774110575093552
3,profitable_after_fees,C_price,hist_gradient,development|BTC/USDT|2023-12-01T10:00:00+00:00,0.18839981902918984
3,profitable_after_fees,C_price,hist_gradient,development|ETH/USDT|2023-12-07T20:00:00+00:00,0.27893844928774253
3,profitable_after_fees,C_price,hist_gradient,development|BTC/USDT|2023-12-08T21:00:00+00:00,0.1731893861912567
3,profitable_after_fees,C_price,hist_gradient,development|BTC/USDT|2023-12-13T21:00:00+00:00,0.35681833737400825
3,profitable_after_fees,C_price,hist_gradient,development|ETH/USDT|2023-12-14T01:00:00+00:00,0.42205408272176914
3,profitable_after_fees,C_price,hist_gradient,development|BTC/USDT|2023-12-19T03:00:00+00:00,0.2009138791896135
3,profitable_after_fees,C_price,hist_gradient,development|ETH/USDT|2023-12-19T08:00:00+00:00,0.22157866577051313
3,profitable_after_fees,C_price,hist_gradient,development|ETH/USDT|2023-12-20T17:00:00+00:00,0.43246847910166336
3,profitable_after_fees,C_price,hist_gradient,development|BTC/USDT|2023-12-24T05:00:00+00:00,0.3729001827415773
3,profitable_after_fees,C_price,hist_gradient,development|ETH/USDT|2023-12-24T18:00:00+00:00,0.13737323793534434
3,profitable_after_fees,C_price,hist_gradient,development|BTC/USDT|2023-12-26T05:00:00+00:00,0.44967256253229126
3,profitable_after_fees,C_price,hist_gradient,development|ETH/USDT|2023-12-27T17:00:00+00:00,0.1355421730495221
3,profitable_after_fees,C_price,hist_gradient,development|BTC/USDT|2023-12-27T22:00:00+00:00,0.40204683000311975
3,profitable_after_fees,C_price,hist_gradient,development|BTC/USDT|2023-12-31T07:00:00+00:00,0.3561441944916779
3,profitable_after_fees,D_price_volatility,dummy,development|BTC/USDT|2023-10-04T22:00:00+00:00,0.29651162790697677
3,profitable_after_fees,D_price_volatility,dummy,development|BTC/USDT|2023-10-06T20:00:00+00:00,0.29651162790697677
3,profitable_after_fees,D_price_volatility,dummy,development|ETH/USDT|2023-10-06T22:00:00+00:00,0.29651162790697677
3,profitable_after_fees,D_price_volatility,dummy,development|BTC/USDT|2023-10-13T15:00:00+00:00,0.29651162790697677
3,profitable_after_fees,D_price_volatility,dummy,development|ETH/USDT|2023-10-14T01:00:00+00:00,0.29651162790697677
3,profitable_after_fees,D_price_volatility,dummy,development|BTC/USDT|2023-10-15T16:00:00+00:00,0.29651162790697677
3,profitable_after_fees,D_price_volatility,dummy,development|BTC/USDT|2023-10-19T19:00:00+00:00,0.29651162790697677
3,profitable_after_fees,D_price_volatility,dummy,development|ETH/USDT|2023-10-20T06:00:00+00:00,0.29651162790697677
3,profitable_after_fees,D_price_volatility,dummy,development|ETH/USDT|2023-10-26T08:00:00+00:00,0.29651162790697677
3,profitable_after_fees,D_price_volatility,dummy,development|BTC/USDT|2023-10-28T16:00:00+00:00,0.29651162790697677
3,profitable_after_fees,D_price_volatility,dummy,development|ETH/USDT|2023-10-28T16:00:00+00:00,0.29651162790697677
3,profitable_after_fees,D_price_volatility,dummy,development|ETH/USDT|2023-10-29T16:00:00+00:00,0.29651162790697677
3,profitable_after_fees,D_price_volatility,dummy,development|ETH/USDT|2023-11-01T01:00:00+00:00,0.29651162790697677
3,profitable_after_fees,D_price_volatility,dummy,development|BTC/USDT|2023-11-01T03:00:00+00:00,0.29651162790697677
3,profitable_after_fees,D_price_volatility,dummy,development|ETH/USDT|2023-11-04T05:00:00+00:00,0.29651162790697677
3,profitable_after_fees,D_price_volatility,dummy,development|BTC/USDT|2023-11-04T14:00:00+00:00,0.29651162790697677
3,profitable_after_fees,D_price_volatility,dummy,development|BTC/USDT|2023-11-06T10:00:00+00:00,0.29651162790697677
3,profitable_after_fees,D_price_volatility,dummy,development|BTC/USDT|2023-11-08T01:00:00+00:00,0.29651162790697677
3,profitable_after_fees,D_price_volatility,dummy,development|ETH/USDT|2023-11-08T20:00:00+00:00,0.29651162790697677
3,profitable_after_fees,D_price_volatility,dummy,development|BTC/USDT|2023-11-12T23:00:00+00:00,0.29651162790697677
3,profitable_after_fees,D_price_volatility,dummy,development|ETH/USDT|2023-11-13T16:00:00+00:00,0.29651162790697677
3,profitable_after_fees,D_price_volatility,dummy,development|BTC/USDT|2023-11-15T22:00:00+00:00,0.29651162790697677
3,profitable_after_fees,D_price_volatility,dummy,development|ETH/USDT|2023-11-16T02:00:00+00:00,0.29651162790697677
3,profitable_after_fees,D_price_volatility,dummy,development|BTC/USDT|2023-11-18T13:00:00+00:00,0.29651162790697677
3,profitable_after_fees,D_price_volatility,dummy,development|ETH/USDT|2023-11-19T05:00:00+00:00,0.29651162790697677
3,profitable_after_fees,D_price_volatility,dummy,development|ETH/USDT|2023-11-22T20:00:00+00:00,0.29651162790697677
3,profitable_after_fees,D_price_volatility,dummy,development|BTC/USDT|2023-11-23T03:00:00+00:00,0.29651162790697677
3,profitable_after_fees,D_price_volatility,dummy,development|BTC/USDT|2023-11-28T18:00:00+00:00,0.29651162790697677
3,profitable_after_fees,D_price_volatility,dummy,development|ETH/USDT|2023-11-28T23:00:00+00:00,0.29651162790697677
3,profitable_after_fees,D_price_volatility,dummy,development|ETH/USDT|2023-12-01T03:00:00+00:00,0.29651162790697677
3,profitable_after_fees,D_price_volatility,dummy,development|BTC/USDT|2023-12-01T10:00:00+00:00,0.29651162790697677
3,profitable_after_fees,D_price_volatility,dummy,development|ETH/USDT|2023-12-07T20:00:00+00:00,0.29651162790697677
3,profitable_after_fees,D_price_volatility,dummy,development|BTC/USDT|2023-12-08T21:00:00+00:00,0.29651162790697677
3,profitable_after_fees,D_price_volatility,dummy,development|BTC/USDT|2023-12-13T21:00:00+00:00,0.29651162790697677
3,profitable_after_fees,D_price_volatility,dummy,development|ETH/USDT|2023-12-14T01:00:00+00:00,0.29651162790697677
3,profitable_after_fees,D_price_volatility,dummy,development|BTC/USDT|2023-12-19T03:00:00+00:00,0.29651162790697677
3,profitable_after_fees,D_price_volatility,dummy,development|ETH/USDT|2023-12-19T08:00:00+00:00,0.29651162790697677
3,profitable_after_fees,D_price_volatility,dummy,development|ETH/USDT|2023-12-20T17:00:00+00:00,0.29651162790697677
3,profitable_after_fees,D_price_volatility,dummy,development|BTC/USDT|2023-12-24T05:00:00+00:00,0.29651162790697677
3,profitable_after_fees,D_price_volatility,dummy,development|ETH/USDT|2023-12-24T18:00:00+00:00,0.29651162790697677
3,profitable_after_fees,D_price_volatility,dummy,development|BTC/USDT|2023-12-26T05:00:00+00:00,0.29651162790697677
3,profitable_after_fees,D_price_volatility,dummy,development|ETH/USDT|2023-12-27T17:00:00+00:00,0.29651162790697677
3,profitable_after_fees,D_price_volatility,dummy,development|BTC/USDT|2023-12-27T22:00:00+00:00,0.29651162790697677
3,profitable_after_fees,D_price_volatility,dummy,development|BTC/USDT|2023-12-31T07:00:00+00:00,0.29651162790697677
3,profitable_after_fees,D_price_volatility,logistic,development|BTC/USDT|2023-10-04T22:00:00+00:00,0.40757511170192473
3,profitable_after_fees,D_price_volatility,logistic,development|BTC/USDT|2023-10-06T20:00:00+00:00,0.26731064630108364
3,profitable_after_fees,D_price_volatility,logistic,development|ETH/USDT|2023-10-06T22:00:00+00:00,0.48279571753879924
3,profitable_after_fees,D_price_volatility,logistic,development|BTC/USDT|2023-10-13T15:00:00+00:00,0.2542493582964661
3,profitable_after_fees,D_price_volatility,logistic,development|ETH/USDT|2023-10-14T01:00:00+00:00,0.41156303651550497
3,profitable_after_fees,D_price_volatility,logistic,development|BTC/USDT|2023-10-15T16:00:00+00:00,0.13007401237269225
3,profitable_after_fees,D_price_volatility,logistic,development|BTC/USDT|2023-10-19T19:00:00+00:00,0.19810169428112165
3,profitable_after_fees,D_price_volatility,logistic,development|ETH/USDT|2023-10-20T06:00:00+00:00,0.5890039101355649
3,profitable_after_fees,D_price_volatility,logistic,development|ETH/USDT|2023-10-26T08:00:00+00:00,0.07011055177812414
3,profitable_after_fees,D_price_volatility,logistic,development|BTC/USDT|2023-10-28T16:00:00+00:00,0.3674880787429832
3,profitable_after_fees,D_price_volatility,logistic,development|ETH/USDT|2023-10-28T16:00:00+00:00,0.20160720373939364
3,profitable_after_fees,D_price_volatility,logistic,development|ETH/USDT|2023-10-29T16:00:00+00:00,0.17541166788410173
3,profitable_after_fees,D_price_volatility,logistic,development|ETH/USDT|2023-11-01T01:00:00+00:00,0.2045210441088336
3,profitable_after_fees,D_price_volatility,logistic,development|BTC/USDT|2023-11-01T03:00:00+00:00,0.14033424502016736
3,profitable_after_fees,D_price_volatility,logistic,development|ETH/USDT|2023-11-04T05:00:00+00:00,0.22754380691028867
3,profitable_after_fees,D_price_volatility,logistic,development|BTC/USDT|2023-11-04T14:00:00+00:00,0.28534307590603064
3,profitable_after_fees,D_price_volatility,logistic,development|BTC/USDT|2023-11-06T10:00:00+00:00,0.07012647201051217
3,profitable_after_fees,D_price_volatility,logistic,development|BTC/USDT|2023-11-08T01:00:00+00:00,0.1864048439032643
3,profitable_after_fees,D_price_volatility,logistic,development|ETH/USDT|2023-11-08T20:00:00+00:00,0.21653670641562786
3,profitable_after_fees,D_price_volatility,logistic,development|BTC/USDT|2023-11-12T23:00:00+00:00,0.34769774417024607
3,profitable_after_fees,D_price_volatility,logistic,development|ETH/USDT|2023-11-13T16:00:00+00:00,0.10508405194138332
3,profitable_after_fees,D_price_volatility,logistic,development|BTC/USDT|2023-11-15T22:00:00+00:00,0.47826251630708116
3,profitable_after_fees,D_price_volatility,logistic,development|ETH/USDT|2023-11-16T02:00:00+00:00,0.4280582835457054
3,profitable_after_fees,D_price_volatility,logistic,development|BTC/USDT|2023-11-18T13:00:00+00:00,0.223622119459643
3,profitable_after_fees,D_price_volatility,logistic,development|ETH/USDT|2023-11-19T05:00:00+00:00,0.5369862256198302
3,profitable_after_fees,D_price_volatility,logistic,development|ETH/USDT|2023-11-22T20:00:00+00:00,0.29818048607309705
3,profitable_after_fees,D_price_volatility,logistic,development|BTC/USDT|2023-11-23T03:00:00+00:00,0.24621541795860866
3,profitable_after_fees,D_price_volatility,logistic,development|BTC/USDT|2023-11-28T18:00:00+00:00,0.18707320680778672
3,profitable_after_fees,D_price_volatility,logistic,development|ETH/USDT|2023-11-28T23:00:00+00:00,0.2714423120852589
3,profitable_after_fees,D_price_volatility,logistic,development|ETH/USDT|2023-12-01T03:00:00+00:00,0.31647458277788987
3,profitable_after_fees,D_price_volatility,logistic,development|BTC/USDT|2023-12-01T10:00:00+00:00,0.11207003347390196
3,profitable_after_fees,D_price_volatility,logistic,development|ETH/USDT|2023-12-07T20:00:00+00:00,0.2965927338315136
3,profitable_after_fees,D_price_volatility,logistic,development|BTC/USDT|2023-12-08T21:00:00+00:00,0.08334128058240002
3,profitable_after_fees,D_price_volatility,logistic,development|BTC/USDT|2023-12-13T21:00:00+00:00,0.29595447598767954
3,profitable_after_fees,D_price_volatility,logistic,development|ETH/USDT|2023-12-14T01:00:00+00:00,0.4613010519390249
3,profitable_after_fees,D_price_volatility,logistic,development|BTC/USDT|2023-12-19T03:00:00+00:00,0.28803109173451324
3,profitable_after_fees,D_price_volatility,logistic,development|ETH/USDT|2023-12-19T08:00:00+00:00,0.2663359148768661
3,profitable_after_fees,D_price_volatility,logistic,development|ETH/USDT|2023-12-20T17:00:00+00:00,0.39405278081784195
3,profitable_after_fees,D_price_volatility,logistic,development|BTC/USDT|2023-12-24T05:00:00+00:00,0.2620012965762472
3,profitable_after_fees,D_price_volatility,logistic,development|ETH/USDT|2023-12-24T18:00:00+00:00,0.14510581128057895
3,profitable_after_fees,D_price_volatility,logistic,development|BTC/USDT|2023-12-26T05:00:00+00:00,0.3577352128780396
3,profitable_after_fees,D_price_volatility,logistic,development|ETH/USDT|2023-12-27T17:00:00+00:00,0.18328223737836769
3,profitable_after_fees,D_price_volatility,logistic,development|BTC/USDT|2023-12-27T22:00:00+00:00,0.37813519896173414
3,profitable_after_fees,D_price_volatility,logistic,development|BTC/USDT|2023-12-31T07:00:00+00:00,0.2935147931104173
3,profitable_after_fees,D_price_volatility,forest,development|BTC/USDT|2023-10-04T22:00:00+00:00,0.3735102442187187
3,profitable_after_fees,D_price_volatility,forest,development|BTC/USDT|2023-10-06T20:00:00+00:00,0.18417882741281633
3,profitable_after_fees,D_price_volatility,forest,development|ETH/USDT|2023-10-06T22:00:00+00:00,0.42265523393083926
3,profitable_after_fees,D_price_volatility,forest,development|BTC/USDT|2023-10-13T15:00:00+00:00,0.26541611314188696
3,profitable_after_fees,D_price_volatility,forest,development|ETH/USDT|2023-10-14T01:00:00+00:00,0.37220947627492157
3,profitable_after_fees,D_price_volatility,forest,development|BTC/USDT|2023-10-15T16:00:00+00:00,0.16805510721551906
3,profitable_after_fees,D_price_volatility,forest,development|BTC/USDT|2023-10-19T19:00:00+00:00,0.3752070884923169
3,profitable_after_fees,D_price_volatility,forest,development|ETH/USDT|2023-10-20T06:00:00+00:00,0.37436880299964626
3,profitable_after_fees,D_price_volatility,forest,development|ETH/USDT|2023-10-26T08:00:00+00:00,0.08020465676183366
3,profitable_after_fees,D_price_volatility,forest,development|BTC/USDT|2023-10-28T16:00:00+00:00,0.3216948034260053
3,profitable_after_fees,D_price_volatility,forest,development|ETH/USDT|2023-10-28T16:00:00+00:00,0.4207390715355773
3,profitable_after_fees,D_price_volatility,forest,development|ETH/USDT|2023-10-29T16:00:00+00:00,0.3197038202799039
3,profitable_after_fees,D_price_volatility,forest,development|ETH/USDT|2023-11-01T01:00:00+00:00,0.3671387202005423
3,profitable_after_fees,D_price_volatility,forest,development|BTC/USDT|2023-11-01T03:00:00+00:00,0.20885702645027895
3,profitable_after_fees,D_price_volatility,forest,development|ETH/USDT|2023-11-04T05:00:00+00:00,0.2623053138795445
3,profitable_after_fees,D_price_volatility,forest,development|BTC/USDT|2023-11-04T14:00:00+00:00,0.31239519123889126
3,profitable_after_fees,D_price_volatility,forest,development|BTC/USDT|2023-11-06T10:00:00+00:00,0.17816576490848213
3,profitable_after_fees,D_price_volatility,forest,development|BTC/USDT|2023-11-08T01:00:00+00:00,0.3735725491587472
3,profitable_after_fees,D_price_volatility,forest,development|ETH/USDT|2023-11-08T20:00:00+00:00,0.3387682883401834
3,profitable_after_fees,D_price_volatility,forest,development|BTC/USDT|2023-11-12T23:00:00+00:00,0.33747920235739043
3,profitable_after_fees,D_price_volatility,forest,development|ETH/USDT|2023-11-13T16:00:00+00:00,0.20195448379877218
3,profitable_after_fees,D_price_volatility,forest,development|BTC/USDT|2023-11-15T22:00:00+00:00,0.21280735204405166
3,profitable_after_fees,D_price_volatility,forest,development|ETH/USDT|2023-11-16T02:00:00+00:00,0.24996403875715278
3,profitable_after_fees,D_price_volatility,forest,development|BTC/USDT|2023-11-18T13:00:00+00:00,0.3186366900392894
3,profitable_after_fees,D_price_volatility,forest,development|ETH/USDT|2023-11-19T05:00:00+00:00,0.4253521863231346
3,profitable_after_fees,D_price_volatility,forest,development|ETH/USDT|2023-11-22T20:00:00+00:00,0.09121951861566611
3,profitable_after_fees,D_price_volatility,forest,development|BTC/USDT|2023-11-23T03:00:00+00:00,0.28507203225290423
3,profitable_after_fees,D_price_volatility,forest,development|BTC/USDT|2023-11-28T18:00:00+00:00,0.20788379736722856
3,profitable_after_fees,D_price_volatility,forest,development|ETH/USDT|2023-11-28T23:00:00+00:00,0.43216432403785765
3,profitable_after_fees,D_price_volatility,forest,development|ETH/USDT|2023-12-01T03:00:00+00:00,0.32316959163405806
3,profitable_after_fees,D_price_volatility,forest,development|BTC/USDT|2023-12-01T10:00:00+00:00,0.1247459723107898
3,profitable_after_fees,D_price_volatility,forest,development|ETH/USDT|2023-12-07T20:00:00+00:00,0.27986455663580684
3,profitable_after_fees,D_price_volatility,forest,development|BTC/USDT|2023-12-08T21:00:00+00:00,0.16820638198843751
3,profitable_after_fees,D_price_volatility,forest,development|BTC/USDT|2023-12-13T21:00:00+00:00,0.42303105932199514
3,profitable_after_fees,D_price_volatility,forest,development|ETH/USDT|2023-12-14T01:00:00+00:00,0.5386577150707413
3,profitable_after_fees,D_price_volatility,forest,development|BTC/USDT|2023-12-19T03:00:00+00:00,0.21401389943935245
3,profitable_after_fees,D_price_volatility,forest,development|ETH/USDT|2023-12-19T08:00:00+00:00,0.2398325640854645
3,profitable_after_fees,D_price_volatility,forest,development|ETH/USDT|2023-12-20T17:00:00+00:00,0.46462963711542626
3,profitable_after_fees,D_price_volatility,forest,development|BTC/USDT|2023-12-24T05:00:00+00:00,0.33825568925665045
3,profitable_after_fees,D_price_volatility,forest,development|ETH/USDT|2023-12-24T18:00:00+00:00,0.15651981490099076
3,profitable_after_fees,D_price_volatility,forest,development|BTC/USDT|2023-12-26T05:00:00+00:00,0.36700268985510065
3,profitable_after_fees,D_price_volatility,forest,development|ETH/USDT|2023-12-27T17:00:00+00:00,0.10301529350005993
3,profitable_after_fees,D_price_volatility,forest,development|BTC/USDT|2023-12-27T22:00:00+00:00,0.30632177414680356
3,profitable_after_fees,D_price_volatility,forest,development|BTC/USDT|2023-12-31T07:00:00+00:00,0.3370211892936264
3,profitable_after_fees,D_price_volatility,hist_gradient,development|BTC/USDT|2023-10-04T22:00:00+00:00,0.2039758228496456
3,profitable_after_fees,D_price_volatility,hist_gradient,development|BTC/USDT|2023-10-06T20:00:00+00:00,0.17368361279901404
3,profitable_after_fees,D_price_volatility,hist_gradient,development|ETH/USDT|2023-10-06T22:00:00+00:00,0.3626293695795806
3,profitable_after_fees,D_price_volatility,hist_gradient,development|BTC/USDT|2023-10-13T15:00:00+00:00,0.2632049664217269
3,profitable_after_fees,D_price_volatility,hist_gradient,development|ETH/USDT|2023-10-14T01:00:00+00:00,0.35765452684167987
3,profitable_after_fees,D_price_volatility,hist_gradient,development|BTC/USDT|2023-10-15T16:00:00+00:00,0.19024984222169186
3,profitable_after_fees,D_price_volatility,hist_gradient,development|BTC/USDT|2023-10-19T19:00:00+00:00,0.2967904755563004
3,profitable_after_fees,D_price_volatility,hist_gradient,development|ETH/USDT|2023-10-20T06:00:00+00:00,0.40499071560442446
3,profitable_after_fees,D_price_volatility,hist_gradient,development|ETH/USDT|2023-10-26T08:00:00+00:00,0.15093295035423257
3,profitable_after_fees,D_price_volatility,hist_gradient,development|BTC/USDT|2023-10-28T16:00:00+00:00,0.3295946732549233
3,profitable_after_fees,D_price_volatility,hist_gradient,development|ETH/USDT|2023-10-28T16:00:00+00:00,0.3850058852280533
3,profitable_after_fees,D_price_volatility,hist_gradient,development|ETH/USDT|2023-10-29T16:00:00+00:00,0.23202892177487375
3,profitable_after_fees,D_price_volatility,hist_gradient,development|ETH/USDT|2023-11-01T01:00:00+00:00,0.35368912018119075
3,profitable_after_fees,D_price_volatility,hist_gradient,development|BTC/USDT|2023-11-01T03:00:00+00:00,0.15887138412992918
3,profitable_after_fees,D_price_volatility,hist_gradient,development|ETH/USDT|2023-11-04T05:00:00+00:00,0.24745135909955698
3,profitable_after_fees,D_price_volatility,hist_gradient,development|BTC/USDT|2023-11-04T14:00:00+00:00,0.24110914456805946
3,profitable_after_fees,D_price_volatility,hist_gradient,development|BTC/USDT|2023-11-06T10:00:00+00:00,0.1725781678007952
3,profitable_after_fees,D_price_volatility,hist_gradient,development|BTC/USDT|2023-11-08T01:00:00+00:00,0.241653930997877
3,profitable_after_fees,D_price_volatility,hist_gradient,development|ETH/USDT|2023-11-08T20:00:00+00:00,0.2928008126737686
3,profitable_after_fees,D_price_volatility,hist_gradient,development|BTC/USDT|2023-11-12T23:00:00+00:00,0.32151928519189704
3,profitable_after_fees,D_price_volatility,hist_gradient,development|ETH/USDT|2023-11-13T16:00:00+00:00,0.20529329083380238
3,profitable_after_fees,D_price_volatility,hist_gradient,development|BTC/USDT|2023-11-15T22:00:00+00:00,0.21817201539207853
3,profitable_after_fees,D_price_volatility,hist_gradient,development|ETH/USDT|2023-11-16T02:00:00+00:00,0.26310810137118645
3,profitable_after_fees,D_price_volatility,hist_gradient,development|BTC/USDT|2023-11-18T13:00:00+00:00,0.23257747204807183
3,profitable_after_fees,D_price_volatility,hist_gradient,development|ETH/USDT|2023-11-19T05:00:00+00:00,0.5617446771720326
3,profitable_after_fees,D_price_volatility,hist_gradient,development|ETH/USDT|2023-11-22T20:00:00+00:00,0.136602456823999
3,profitable_after_fees,D_price_volatility,hist_gradient,development|BTC/USDT|2023-11-23T03:00:00+00:00,0.3053278782858103
3,profitable_after_fees,D_price_volatility,hist_gradient,development|BTC/USDT|2023-11-28T18:00:00+00:00,0.1957147051010025
3,profitable_after_fees,D_price_volatility,hist_gradient,development|ETH/USDT|2023-11-28T23:00:00+00:00,0.3649634778441284
3,profitable_after_fees,D_price_volatility,hist_gradient,development|ETH/USDT|2023-12-01T03:00:00+00:00,0.4049233674535487
3,profitable_after_fees,D_price_volatility,hist_gradient,development|BTC/USDT|2023-12-01T10:00:00+00:00,0.16795589702930735
3,profitable_after_fees,D_price_volatility,hist_gradient,development|ETH/USDT|2023-12-07T20:00:00+00:00,0.25335481811724253
3,profitable_after_fees,D_price_volatility,hist_gradient,development|BTC/USDT|2023-12-08T21:00:00+00:00,0.18622262188302258
3,profitable_after_fees,D_price_volatility,hist_gradient,development|BTC/USDT|2023-12-13T21:00:00+00:00,0.36375373733337457
3,profitable_after_fees,D_price_volatility,hist_gradient,development|ETH/USDT|2023-12-14T01:00:00+00:00,0.4606513936448974
3,profitable_after_fees,D_price_volatility,hist_gradient,development|BTC/USDT|2023-12-19T03:00:00+00:00,0.20593691128295502
3,profitable_after_fees,D_price_volatility,hist_gradient,development|ETH/USDT|2023-12-19T08:00:00+00:00,0.26416113994978724
3,profitable_after_fees,D_price_volatility,hist_gradient,development|ETH/USDT|2023-12-20T17:00:00+00:00,0.43657709676774287
3,profitable_after_fees,D_price_volatility,hist_gradient,development|BTC/USDT|2023-12-24T05:00:00+00:00,0.3944774731391459
3,profitable_after_fees,D_price_volatility,hist_gradient,development|ETH/USDT|2023-12-24T18:00:00+00:00,0.11656009871826524
3,profitable_after_fees,D_price_volatility,hist_gradient,development|BTC/USDT|2023-12-26T05:00:00+00:00,0.4093311568177358
3,profitable_after_fees,D_price_volatility,hist_gradient,development|ETH/USDT|2023-12-27T17:00:00+00:00,0.1528806740035636
3,profitable_after_fees,D_price_volatility,hist_gradient,development|BTC/USDT|2023-12-27T22:00:00+00:00,0.37685104512646095
3,profitable_after_fees,D_price_volatility,hist_gradient,development|BTC/USDT|2023-12-31T07:00:00+00:00,0.3339970821060395
3,profitable_after_fees,E_no_regime,dummy,development|BTC/USDT|2023-10-04T22:00:00+00:00,0.29651162790697677
3,profitable_after_fees,E_no_regime,dummy,development|BTC/USDT|2023-10-06T20:00:00+00:00,0.29651162790697677
3,profitable_after_fees,E_no_regime,dummy,development|ETH/USDT|2023-10-06T22:00:00+00:00,0.29651162790697677
3,profitable_after_fees,E_no_regime,dummy,development|BTC/USDT|2023-10-13T15:00:00+00:00,0.29651162790697677
3,profitable_after_fees,E_no_regime,dummy,development|ETH/USDT|2023-10-14T01:00:00+00:00,0.29651162790697677
3,profitable_after_fees,E_no_regime,dummy,development|BTC/USDT|2023-10-15T16:00:00+00:00,0.29651162790697677
3,profitable_after_fees,E_no_regime,dummy,development|BTC/USDT|2023-10-19T19:00:00+00:00,0.29651162790697677
3,profitable_after_fees,E_no_regime,dummy,development|ETH/USDT|2023-10-20T06:00:00+00:00,0.29651162790697677
3,profitable_after_fees,E_no_regime,dummy,development|ETH/USDT|2023-10-26T08:00:00+00:00,0.29651162790697677
3,profitable_after_fees,E_no_regime,dummy,development|BTC/USDT|2023-10-28T16:00:00+00:00,0.29651162790697677
3,profitable_after_fees,E_no_regime,dummy,development|ETH/USDT|2023-10-28T16:00:00+00:00,0.29651162790697677
3,profitable_after_fees,E_no_regime,dummy,development|ETH/USDT|2023-10-29T16:00:00+00:00,0.29651162790697677
3,profitable_after_fees,E_no_regime,dummy,development|ETH/USDT|2023-11-01T01:00:00+00:00,0.29651162790697677
3,profitable_after_fees,E_no_regime,dummy,development|BTC/USDT|2023-11-01T03:00:00+00:00,0.29651162790697677
3,profitable_after_fees,E_no_regime,dummy,development|ETH/USDT|2023-11-04T05:00:00+00:00,0.29651162790697677
3,profitable_after_fees,E_no_regime,dummy,development|BTC/USDT|2023-11-04T14:00:00+00:00,0.29651162790697677
3,profitable_after_fees,E_no_regime,dummy,development|BTC/USDT|2023-11-06T10:00:00+00:00,0.29651162790697677
3,profitable_after_fees,E_no_regime,dummy,development|BTC/USDT|2023-11-08T01:00:00+00:00,0.29651162790697677
3,profitable_after_fees,E_no_regime,dummy,development|ETH/USDT|2023-11-08T20:00:00+00:00,0.29651162790697677
3,profitable_after_fees,E_no_regime,dummy,development|BTC/USDT|2023-11-12T23:00:00+00:00,0.29651162790697677
3,profitable_after_fees,E_no_regime,dummy,development|ETH/USDT|2023-11-13T16:00:00+00:00,0.29651162790697677
3,profitable_after_fees,E_no_regime,dummy,development|BTC/USDT|2023-11-15T22:00:00+00:00,0.29651162790697677
3,profitable_after_fees,E_no_regime,dummy,development|ETH/USDT|2023-11-16T02:00:00+00:00,0.29651162790697677
3,profitable_after_fees,E_no_regime,dummy,development|BTC/USDT|2023-11-18T13:00:00+00:00,0.29651162790697677
3,profitable_after_fees,E_no_regime,dummy,development|ETH/USDT|2023-11-19T05:00:00+00:00,0.29651162790697677
3,profitable_after_fees,E_no_regime,dummy,development|ETH/USDT|2023-11-22T20:00:00+00:00,0.29651162790697677
3,profitable_after_fees,E_no_regime,dummy,development|BTC/USDT|2023-11-23T03:00:00+00:00,0.29651162790697677
3,profitable_after_fees,E_no_regime,dummy,development|BTC/USDT|2023-11-28T18:00:00+00:00,0.29651162790697677
3,profitable_after_fees,E_no_regime,dummy,development|ETH/USDT|2023-11-28T23:00:00+00:00,0.29651162790697677
3,profitable_after_fees,E_no_regime,dummy,development|ETH/USDT|2023-12-01T03:00:00+00:00,0.29651162790697677
3,profitable_after_fees,E_no_regime,dummy,development|BTC/USDT|2023-12-01T10:00:00+00:00,0.29651162790697677
3,profitable_after_fees,E_no_regime,dummy,development|ETH/USDT|2023-12-07T20:00:00+00:00,0.29651162790697677
3,profitable_after_fees,E_no_regime,dummy,development|BTC/USDT|2023-12-08T21:00:00+00:00,0.29651162790697677
3,profitable_after_fees,E_no_regime,dummy,development|BTC/USDT|2023-12-13T21:00:00+00:00,0.29651162790697677
3,profitable_after_fees,E_no_regime,dummy,development|ETH/USDT|2023-12-14T01:00:00+00:00,0.29651162790697677
3,profitable_after_fees,E_no_regime,dummy,development|BTC/USDT|2023-12-19T03:00:00+00:00,0.29651162790697677
3,profitable_after_fees,E_no_regime,dummy,development|ETH/USDT|2023-12-19T08:00:00+00:00,0.29651162790697677
3,profitable_after_fees,E_no_regime,dummy,development|ETH/USDT|2023-12-20T17:00:00+00:00,0.29651162790697677
3,profitable_after_fees,E_no_regime,dummy,development|BTC/USDT|2023-12-24T05:00:00+00:00,0.29651162790697677
3,profitable_after_fees,E_no_regime,dummy,development|ETH/USDT|2023-12-24T18:00:00+00:00,0.29651162790697677
3,profitable_after_fees,E_no_regime,dummy,development|BTC/USDT|2023-12-26T05:00:00+00:00,0.29651162790697677
3,profitable_after_fees,E_no_regime,dummy,development|ETH/USDT|2023-12-27T17:00:00+00:00,0.29651162790697677
3,profitable_after_fees,E_no_regime,dummy,development|BTC/USDT|2023-12-27T22:00:00+00:00,0.29651162790697677
3,profitable_after_fees,E_no_regime,dummy,development|BTC/USDT|2023-12-31T07:00:00+00:00,0.29651162790697677
3,profitable_after_fees,E_no_regime,logistic,development|BTC/USDT|2023-10-04T22:00:00+00:00,0.42297550815989043
3,profitable_after_fees,E_no_regime,logistic,development|BTC/USDT|2023-10-06T20:00:00+00:00,0.20617259336991292
3,profitable_after_fees,E_no_regime,logistic,development|ETH/USDT|2023-10-06T22:00:00+00:00,0.4035335607832187
3,profitable_after_fees,E_no_regime,logistic,development|BTC/USDT|2023-10-13T15:00:00+00:00,0.22362499608650105
3,profitable_after_fees,E_no_regime,logistic,development|ETH/USDT|2023-10-14T01:00:00+00:00,0.3766838699936553
3,profitable_after_fees,E_no_regime,logistic,development|BTC/USDT|2023-10-15T16:00:00+00:00,0.0879905018433753
3,profitable_after_fees,E_no_regime,logistic,development|BTC/USDT|2023-10-19T19:00:00+00:00,0.18657974424160223
3,profitable_after_fees,E_no_regime,logistic,development|ETH/USDT|2023-10-20T06:00:00+00:00,0.5837814707069524
3,profitable_after_fees,E_no_regime,logistic,development|ETH/USDT|2023-10-26T08:00:00+00:00,0.066096938268555
3,profitable_after_fees,E_no_regime,logistic,development|BTC/USDT|2023-10-28T16:00:00+00:00,0.3370241815343286
3,profitable_after_fees,E_no_regime,logistic,development|ETH/USDT|2023-10-28T16:00:00+00:00,0.1696839959183036
3,profitable_after_fees,E_no_regime,logistic,development|ETH/USDT|2023-10-29T16:00:00+00:00,0.12244556969696256
3,profitable_after_fees,E_no_regime,logistic,development|ETH/USDT|2023-11-01T01:00:00+00:00,0.24422163310913744
3,profitable_after_fees,E_no_regime,logistic,development|BTC/USDT|2023-11-01T03:00:00+00:00,0.17393329227624085
3,profitable_after_fees,E_no_regime,logistic,development|ETH/USDT|2023-11-04T05:00:00+00:00,0.18954583574216263
3,profitable_after_fees,E_no_regime,logistic,development|BTC/USDT|2023-11-04T14:00:00+00:00,0.23492512782187044
3,profitable_after_fees,E_no_regime,logistic,development|BTC/USDT|2023-11-06T10:00:00+00:00,0.09211746611325365
3,profitable_after_fees,E_no_regime,logistic,development|BTC/USDT|2023-11-08T01:00:00+00:00,0.22704169198208424
3,profitable_after_fees,E_no_regime,logistic,development|ETH/USDT|2023-11-08T20:00:00+00:00,0.21688748510920633
3,profitable_after_fees,E_no_regime,logistic,development|BTC/USDT|2023-11-12T23:00:00+00:00,0.2655884647212579
3,profitable_after_fees,E_no_regime,logistic,development|ETH/USDT|2023-11-13T16:00:00+00:00,0.1267955088646607
3,profitable_after_fees,E_no_regime,logistic,development|BTC/USDT|2023-11-15T22:00:00+00:00,0.40673209518910475
3,profitable_after_fees,E_no_regime,logistic,development|ETH/USDT|2023-11-16T02:00:00+00:00,0.3837321966157216
3,profitable_after_fees,E_no_regime,logistic,development|BTC/USDT|2023-11-18T13:00:00+00:00,0.21023999208662283
3,profitable_after_fees,E_no_regime,logistic,development|ETH/USDT|2023-11-19T05:00:00+00:00,0.5076672273112733
3,profitable_after_fees,E_no_regime,logistic,development|ETH/USDT|2023-11-22T20:00:00+00:00,0.23266461598020355
3,profitable_after_fees,E_no_regime,logistic,development|BTC/USDT|2023-11-23T03:00:00+00:00,0.24388297974036324
3,profitable_after_fees,E_no_regime,logistic,development|BTC/USDT|2023-11-28T18:00:00+00:00,0.188656888720684
3,profitable_after_fees,E_no_regime,logistic,development|ETH/USDT|2023-11-28T23:00:00+00:00,0.2568354372127446
3,profitable_after_fees,E_no_regime,logistic,development|ETH/USDT|2023-12-01T03:00:00+00:00,0.35562746366420067
3,profitable_after_fees,E_no_regime,logistic,development|BTC/USDT|2023-12-01T10:00:00+00:00,0.10552411731214922
3,profitable_after_fees,E_no_regime,logistic,development|ETH/USDT|2023-12-07T20:00:00+00:00,0.24756201676925144
3,profitable_after_fees,E_no_regime,logistic,development|BTC/USDT|2023-12-08T21:00:00+00:00,0.06917018136509787
3,profitable_after_fees,E_no_regime,logistic,development|BTC/USDT|2023-12-13T21:00:00+00:00,0.256208993739138
3,profitable_after_fees,E_no_regime,logistic,development|ETH/USDT|2023-12-14T01:00:00+00:00,0.4625102469709453
3,profitable_after_fees,E_no_regime,logistic,development|BTC/USDT|2023-12-19T03:00:00+00:00,0.30683895030451447
3,profitable_after_fees,E_no_regime,logistic,development|ETH/USDT|2023-12-19T08:00:00+00:00,0.2853858033119195
3,profitable_after_fees,E_no_regime,logistic,development|ETH/USDT|2023-12-20T17:00:00+00:00,0.35357645827889966
3,profitable_after_fees,E_no_regime,logistic,development|BTC/USDT|2023-12-24T05:00:00+00:00,0.2325087135823387
3,profitable_after_fees,E_no_regime,logistic,development|ETH/USDT|2023-12-24T18:00:00+00:00,0.11458858990435482
3,profitable_after_fees,E_no_regime,logistic,development|BTC/USDT|2023-12-26T05:00:00+00:00,0.46964092890349435
3,profitable_after_fees,E_no_regime,logistic,development|ETH/USDT|2023-12-27T17:00:00+00:00,0.14058612763708966
3,profitable_after_fees,E_no_regime,logistic,development|BTC/USDT|2023-12-27T22:00:00+00:00,0.3672971602569924
3,profitable_after_fees,E_no_regime,logistic,development|BTC/USDT|2023-12-31T07:00:00+00:00,0.24174228518459903
3,profitable_after_fees,E_no_regime,forest,development|BTC/USDT|2023-10-04T22:00:00+00:00,0.3801997020719688
3,profitable_after_fees,E_no_regime,forest,development|BTC/USDT|2023-10-06T20:00:00+00:00,0.21208302764498752
3,profitable_after_fees,E_no_regime,forest,development|ETH/USDT|2023-10-06T22:00:00+00:00,0.411834290664001
3,profitable_after_fees,E_no_regime,forest,development|BTC/USDT|2023-10-13T15:00:00+00:00,0.26557520146887853
3,profitable_after_fees,E_no_regime,forest,development|ETH/USDT|2023-10-14T01:00:00+00:00,0.3726349845814336
3,profitable_after_fees,E_no_regime,forest,development|BTC/USDT|2023-10-15T16:00:00+00:00,0.1585929851876389
3,profitable_after_fees,E_no_regime,forest,development|BTC/USDT|2023-10-19T19:00:00+00:00,0.38991019282567835
3,profitable_after_fees,E_no_regime,forest,development|ETH/USDT|2023-10-20T06:00:00+00:00,0.38282156645940035
3,profitable_after_fees,E_no_regime,forest,development|ETH/USDT|2023-10-26T08:00:00+00:00,0.10078483419947366
3,profitable_after_fees,E_no_regime,forest,development|BTC/USDT|2023-10-28T16:00:00+00:00,0.33975680720393553
3,profitable_after_fees,E_no_regime,forest,development|ETH/USDT|2023-10-28T16:00:00+00:00,0.3645453192356086
3,profitable_after_fees,E_no_regime,forest,development|ETH/USDT|2023-10-29T16:00:00+00:00,0.2849715276096189
3,profitable_after_fees,E_no_regime,forest,development|ETH/USDT|2023-11-01T01:00:00+00:00,0.3125647153181336
3,profitable_after_fees,E_no_regime,forest,development|BTC/USDT|2023-11-01T03:00:00+00:00,0.25917282828812027
3,profitable_after_fees,E_no_regime,forest,development|ETH/USDT|2023-11-04T05:00:00+00:00,0.29368167599702827
3,profitable_after_fees,E_no_regime,forest,development|BTC/USDT|2023-11-04T14:00:00+00:00,0.3457503688189341
3,profitable_after_fees,E_no_regime,forest,development|BTC/USDT|2023-11-06T10:00:00+00:00,0.18794085331390675
3,profitable_after_fees,E_no_regime,forest,development|BTC/USDT|2023-11-08T01:00:00+00:00,0.3446377762618419
3,profitable_after_fees,E_no_regime,forest,development|ETH/USDT|2023-11-08T20:00:00+00:00,0.314977944354337
3,profitable_after_fees,E_no_regime,forest,development|BTC/USDT|2023-11-12T23:00:00+00:00,0.3066270860410517
3,profitable_after_fees,E_no_regime,forest,development|ETH/USDT|2023-11-13T16:00:00+00:00,0.2106714391359081
3,profitable_after_fees,E_no_regime,forest,development|BTC/USDT|2023-11-15T22:00:00+00:00,0.23774071179895231
3,profitable_after_fees,E_no_regime,forest,development|ETH/USDT|2023-11-16T02:00:00+00:00,0.29049272411275134
3,profitable_after_fees,E_no_regime,forest,development|BTC/USDT|2023-11-18T13:00:00+00:00,0.31497197829009455
3,profitable_after_fees,E_no_regime,forest,development|ETH/USDT|2023-11-19T05:00:00+00:00,0.42438218827651497
3,profitable_after_fees,E_no_regime,forest,development|ETH/USDT|2023-11-22T20:00:00+00:00,0.10471614733078675
3,profitable_after_fees,E_no_regime,forest,development|BTC/USDT|2023-11-23T03:00:00+00:00,0.31303803272036357
3,profitable_after_fees,E_no_regime,forest,development|BTC/USDT|2023-11-28T18:00:00+00:00,0.22099820694359806
3,profitable_after_fees,E_no_regime,forest,development|ETH/USDT|2023-11-28T23:00:00+00:00,0.39133686706716175
3,profitable_after_fees,E_no_regime,forest,development|ETH/USDT|2023-12-01T03:00:00+00:00,0.2965056396565344
3,profitable_after_fees,E_no_regime,forest,development|BTC/USDT|2023-12-01T10:00:00+00:00,0.14517358322962826
3,profitable_after_fees,E_no_regime,forest,development|ETH/USDT|2023-12-07T20:00:00+00:00,0.2620995922464978
3,profitable_after_fees,E_no_regime,forest,development|BTC/USDT|2023-12-08T21:00:00+00:00,0.1901316960486042
3,profitable_after_fees,E_no_regime,forest,development|BTC/USDT|2023-12-13T21:00:00+00:00,0.3859958973408603
3,profitable_after_fees,E_no_regime,forest,development|ETH/USDT|2023-12-14T01:00:00+00:00,0.5222714061691915
3,profitable_after_fees,E_no_regime,forest,development|BTC/USDT|2023-12-19T03:00:00+00:00,0.23729769655531327
3,profitable_after_fees,E_no_regime,forest,development|ETH/USDT|2023-12-19T08:00:00+00:00,0.2865976046476986
3,profitable_after_fees,E_no_regime,forest,development|ETH/USDT|2023-12-20T17:00:00+00:00,0.44104765718422073
3,profitable_after_fees,E_no_regime,forest,development|BTC/USDT|2023-12-24T05:00:00+00:00,0.29687899921358135
3,profitable_after_fees,E_no_regime,forest,development|ETH/USDT|2023-12-24T18:00:00+00:00,0.18372793822878172
3,profitable_after_fees,E_no_regime,forest,development|BTC/USDT|2023-12-26T05:00:00+00:00,0.34712581965821043
3,profitable_after_fees,E_no_regime,forest,development|ETH/USDT|2023-12-27T17:00:00+00:00,0.10471614733078675
3,profitable_after_fees,E_no_regime,forest,development|BTC/USDT|2023-12-27T22:00:00+00:00,0.33092384686391335
3,profitable_after_fees,E_no_regime,forest,development|BTC/USDT|2023-12-31T07:00:00+00:00,0.38352202630743387
3,profitable_after_fees,E_no_regime,hist_gradient,development|BTC/USDT|2023-10-04T22:00:00+00:00,0.24355889744186254
3,profitable_after_fees,E_no_regime,hist_gradient,development|BTC/USDT|2023-10-06T20:00:00+00:00,0.19580882053647924
3,profitable_after_fees,E_no_regime,hist_gradient,development|ETH/USDT|2023-10-06T22:00:00+00:00,0.39917956958759454
3,profitable_after_fees,E_no_regime,hist_gradient,development|BTC/USDT|2023-10-13T15:00:00+00:00,0.24180890252458506
3,profitable_after_fees,E_no_regime,hist_gradient,development|ETH/USDT|2023-10-14T01:00:00+00:00,0.38776131321428003
3,profitable_after_fees,E_no_regime,hist_gradient,development|BTC/USDT|2023-10-15T16:00:00+00:00,0.16461502986562424
3,profitable_after_fees,E_no_regime,hist_gradient,development|BTC/USDT|2023-10-19T19:00:00+00:00,0.2760786801961122
3,profitable_after_fees,E_no_regime,hist_gradient,development|ETH/USDT|2023-10-20T06:00:00+00:00,0.3686685975413226
3,profitable_after_fees,E_no_regime,hist_gradient,development|ETH/USDT|2023-10-26T08:00:00+00:00,0.13640238009037575
3,profitable_after_fees,E_no_regime,hist_gradient,development|BTC/USDT|2023-10-28T16:00:00+00:00,0.36764091321019904
3,profitable_after_fees,E_no_regime,hist_gradient,development|ETH/USDT|2023-10-28T16:00:00+00:00,0.36731912126537386
3,profitable_after_fees,E_no_regime,hist_gradient,development|ETH/USDT|2023-10-29T16:00:00+00:00,0.19885569017484497
3,profitable_after_fees,E_no_regime,hist_gradient,development|ETH/USDT|2023-11-01T01:00:00+00:00,0.359652592517705
3,profitable_after_fees,E_no_regime,hist_gradient,development|BTC/USDT|2023-11-01T03:00:00+00:00,0.15542897361038313
3,profitable_after_fees,E_no_regime,hist_gradient,development|ETH/USDT|2023-11-04T05:00:00+00:00,0.24054118492187979
3,profitable_after_fees,E_no_regime,hist_gradient,development|BTC/USDT|2023-11-04T14:00:00+00:00,0.25673251234943517
3,profitable_after_fees,E_no_regime,hist_gradient,development|BTC/USDT|2023-11-06T10:00:00+00:00,0.18721453204901953
3,profitable_after_fees,E_no_regime,hist_gradient,development|BTC/USDT|2023-11-08T01:00:00+00:00,0.2691551637609797
3,profitable_after_fees,E_no_regime,hist_gradient,development|ETH/USDT|2023-11-08T20:00:00+00:00,0.3101081533709323
3,profitable_after_fees,E_no_regime,hist_gradient,development|BTC/USDT|2023-11-12T23:00:00+00:00,0.3368476292008062
3,profitable_after_fees,E_no_regime,hist_gradient,development|ETH/USDT|2023-11-13T16:00:00+00:00,0.16226290840092542
3,profitable_after_fees,E_no_regime,hist_gradient,development|BTC/USDT|2023-11-15T22:00:00+00:00,0.24446375138097037
3,profitable_after_fees,E_no_regime,hist_gradient,development|ETH/USDT|2023-11-16T02:00:00+00:00,0.3349385702840086
3,profitable_after_fees,E_no_regime,hist_gradient,development|BTC/USDT|2023-11-18T13:00:00+00:00,0.2523678753948194
3,profitable_after_fees,E_no_regime,hist_gradient,development|ETH/USDT|2023-11-19T05:00:00+00:00,0.5728273508690606
3,profitable_after_fees,E_no_regime,hist_gradient,development|ETH/USDT|2023-11-22T20:00:00+00:00,0.13946722758312327
3,profitable_after_fees,E_no_regime,hist_gradient,development|BTC/USDT|2023-11-23T03:00:00+00:00,0.2790688040816297
3,profitable_after_fees,E_no_regime,hist_gradient,development|BTC/USDT|2023-11-28T18:00:00+00:00,0.15909564867742648
3,profitable_after_fees,E_no_regime,hist_gradient,development|ETH/USDT|2023-11-28T23:00:00+00:00,0.3518936444899645
3,profitable_after_fees,E_no_regime,hist_gradient,development|ETH/USDT|2023-12-01T03:00:00+00:00,0.4237803405992819
3,profitable_after_fees,E_no_regime,hist_gradient,development|BTC/USDT|2023-12-01T10:00:00+00:00,0.1476726761138638
3,profitable_after_fees,E_no_regime,hist_gradient,development|ETH/USDT|2023-12-07T20:00:00+00:00,0.28218966855846284
3,profitable_after_fees,E_no_regime,hist_gradient,development|BTC/USDT|2023-12-08T21:00:00+00:00,0.1462681107208196
3,profitable_after_fees,E_no_regime,hist_gradient,development|BTC/USDT|2023-12-13T21:00:00+00:00,0.36563809689635346
3,profitable_after_fees,E_no_regime,hist_gradient,development|ETH/USDT|2023-12-14T01:00:00+00:00,0.4514154469243372
3,profitable_after_fees,E_no_regime,hist_gradient,development|BTC/USDT|2023-12-19T03:00:00+00:00,0.24054274540513806
3,profitable_after_fees,E_no_regime,hist_gradient,development|ETH/USDT|2023-12-19T08:00:00+00:00,0.3160255980282511
3,profitable_after_fees,E_no_regime,hist_gradient,development|ETH/USDT|2023-12-20T17:00:00+00:00,0.3760601270339536
3,profitable_after_fees,E_no_regime,hist_gradient,development|BTC/USDT|2023-12-24T05:00:00+00:00,0.3213275771197589
3,profitable_after_fees,E_no_regime,hist_gradient,development|ETH/USDT|2023-12-24T18:00:00+00:00,0.11271385247855262
3,profitable_after_fees,E_no_regime,hist_gradient,development|BTC/USDT|2023-12-26T05:00:00+00:00,0.35971344470698674
3,profitable_after_fees,E_no_regime,hist_gradient,development|ETH/USDT|2023-12-27T17:00:00+00:00,0.1576663332381505
3,profitable_after_fees,E_no_regime,hist_gradient,development|BTC/USDT|2023-12-27T22:00:00+00:00,0.3648011514510483
3,profitable_after_fees,E_no_regime,hist_gradient,development|BTC/USDT|2023-12-31T07:00:00+00:00,0.38714312447661164
3,return_above_0_5_percent,A_all,dummy,development|BTC/USDT|2023-10-04T22:00:00+00:00,0.23255813953488372
3,return_above_0_5_percent,A_all,dummy,development|BTC/USDT|2023-10-06T20:00:00+00:00,0.23255813953488372
3,return_above_0_5_percent,A_all,dummy,development|ETH/USDT|2023-10-06T22:00:00+00:00,0.23255813953488372
3,return_above_0_5_percent,A_all,dummy,development|BTC/USDT|2023-10-13T15:00:00+00:00,0.23255813953488372
3,return_above_0_5_percent,A_all,dummy,development|ETH/USDT|2023-10-14T01:00:00+00:00,0.23255813953488372
3,return_above_0_5_percent,A_all,dummy,development|BTC/USDT|2023-10-15T16:00:00+00:00,0.23255813953488372
3,return_above_0_5_percent,A_all,dummy,development|BTC/USDT|2023-10-19T19:00:00+00:00,0.23255813953488372
3,return_above_0_5_percent,A_all,dummy,development|ETH/USDT|2023-10-20T06:00:00+00:00,0.23255813953488372
3,return_above_0_5_percent,A_all,dummy,development|ETH/USDT|2023-10-26T08:00:00+00:00,0.23255813953488372
3,return_above_0_5_percent,A_all,dummy,development|BTC/USDT|2023-10-28T16:00:00+00:00,0.23255813953488372
3,return_above_0_5_percent,A_all,dummy,development|ETH/USDT|2023-10-28T16:00:00+00:00,0.23255813953488372
3,return_above_0_5_percent,A_all,dummy,development|ETH/USDT|2023-10-29T16:00:00+00:00,0.23255813953488372
3,return_above_0_5_percent,A_all,dummy,development|ETH/USDT|2023-11-01T01:00:00+00:00,0.23255813953488372
3,return_above_0_5_percent,A_all,dummy,development|BTC/USDT|2023-11-01T03:00:00+00:00,0.23255813953488372
3,return_above_0_5_percent,A_all,dummy,development|ETH/USDT|2023-11-04T05:00:00+00:00,0.23255813953488372
3,return_above_0_5_percent,A_all,dummy,development|BTC/USDT|2023-11-04T14:00:00+00:00,0.23255813953488372
3,return_above_0_5_percent,A_all,dummy,development|BTC/USDT|2023-11-06T10:00:00+00:00,0.23255813953488372
3,return_above_0_5_percent,A_all,dummy,development|BTC/USDT|2023-11-08T01:00:00+00:00,0.23255813953488372
3,return_above_0_5_percent,A_all,dummy,development|ETH/USDT|2023-11-08T20:00:00+00:00,0.23255813953488372
3,return_above_0_5_percent,A_all,dummy,development|BTC/USDT|2023-11-12T23:00:00+00:00,0.23255813953488372
3,return_above_0_5_percent,A_all,dummy,development|ETH/USDT|2023-11-13T16:00:00+00:00,0.23255813953488372
3,return_above_0_5_percent,A_all,dummy,development|BTC/USDT|2023-11-15T22:00:00+00:00,0.23255813953488372
3,return_above_0_5_percent,A_all,dummy,development|ETH/USDT|2023-11-16T02:00:00+00:00,0.23255813953488372
3,return_above_0_5_percent,A_all,dummy,development|BTC/USDT|2023-11-18T13:00:00+00:00,0.23255813953488372
3,return_above_0_5_percent,A_all,dummy,development|ETH/USDT|2023-11-19T05:00:00+00:00,0.23255813953488372
3,return_above_0_5_percent,A_all,dummy,development|ETH/USDT|2023-11-22T20:00:00+00:00,0.23255813953488372
3,return_above_0_5_percent,A_all,dummy,development|BTC/USDT|2023-11-23T03:00:00+00:00,0.23255813953488372
3,return_above_0_5_percent,A_all,dummy,development|BTC/USDT|2023-11-28T18:00:00+00:00,0.23255813953488372
3,return_above_0_5_percent,A_all,dummy,development|ETH/USDT|2023-11-28T23:00:00+00:00,0.23255813953488372
3,return_above_0_5_percent,A_all,dummy,development|ETH/USDT|2023-12-01T03:00:00+00:00,0.23255813953488372
3,return_above_0_5_percent,A_all,dummy,development|BTC/USDT|2023-12-01T10:00:00+00:00,0.23255813953488372
3,return_above_0_5_percent,A_all,dummy,development|ETH/USDT|2023-12-07T20:00:00+00:00,0.23255813953488372
3,return_above_0_5_percent,A_all,dummy,development|BTC/USDT|2023-12-08T21:00:00+00:00,0.23255813953488372
3,return_above_0_5_percent,A_all,dummy,development|BTC/USDT|2023-12-13T21:00:00+00:00,0.23255813953488372
3,return_above_0_5_percent,A_all,dummy,development|ETH/USDT|2023-12-14T01:00:00+00:00,0.23255813953488372
3,return_above_0_5_percent,A_all,dummy,development|BTC/USDT|2023-12-19T03:00:00+00:00,0.23255813953488372
3,return_above_0_5_percent,A_all,dummy,development|ETH/USDT|2023-12-19T08:00:00+00:00,0.23255813953488372
3,return_above_0_5_percent,A_all,dummy,development|ETH/USDT|2023-12-20T17:00:00+00:00,0.23255813953488372
3,return_above_0_5_percent,A_all,dummy,development|BTC/USDT|2023-12-24T05:00:00+00:00,0.23255813953488372
3,return_above_0_5_percent,A_all,dummy,development|ETH/USDT|2023-12-24T18:00:00+00:00,0.23255813953488372
3,return_above_0_5_percent,A_all,dummy,development|BTC/USDT|2023-12-26T05:00:00+00:00,0.23255813953488372
3,return_above_0_5_percent,A_all,dummy,development|ETH/USDT|2023-12-27T17:00:00+00:00,0.23255813953488372
3,return_above_0_5_percent,A_all,dummy,development|BTC/USDT|2023-12-27T22:00:00+00:00,0.23255813953488372
3,return_above_0_5_percent,A_all,dummy,development|BTC/USDT|2023-12-31T07:00:00+00:00,0.23255813953488372
3,return_above_0_5_percent,A_all,logistic,development|BTC/USDT|2023-10-04T22:00:00+00:00,0.19156104311183567
3,return_above_0_5_percent,A_all,logistic,development|BTC/USDT|2023-10-06T20:00:00+00:00,0.19017914594537444
3,return_above_0_5_percent,A_all,logistic,development|ETH/USDT|2023-10-06T22:00:00+00:00,0.4359379005137278
3,return_above_0_5_percent,A_all,logistic,development|BTC/USDT|2023-10-13T15:00:00+00:00,0.24971255937483564
3,return_above_0_5_percent,A_all,logistic,development|ETH/USDT|2023-10-14T01:00:00+00:00,0.3444539625890045
3,return_above_0_5_percent,A_all,logistic,development|BTC/USDT|2023-10-15T16:00:00+00:00,0.046288649626812325
3,return_above_0_5_percent,A_all,logistic,development|BTC/USDT|2023-10-19T19:00:00+00:00,0.25776753269190306
3,return_above_0_5_percent,A_all,logistic,development|ETH/USDT|2023-10-20T06:00:00+00:00,0.4956998848455475
3,return_above_0_5_percent,A_all,logistic,development|ETH/USDT|2023-10-26T08:00:00+00:00,0.08699166491285344
3,return_above_0_5_percent,A_all,logistic,development|BTC/USDT|2023-10-28T16:00:00+00:00,0.12864356460363402
3,return_above_0_5_percent,A_all,logistic,development|ETH/USDT|2023-10-28T16:00:00+00:00,0.0881056627067138
3,return_above_0_5_percent,A_all,logistic,development|ETH/USDT|2023-10-29T16:00:00+00:00,0.048564166566641934
3,return_above_0_5_percent,A_all,logistic,development|ETH/USDT|2023-11-01T01:00:00+00:00,0.03434720639841413
3,return_above_0_5_percent,A_all,logistic,development|BTC/USDT|2023-11-01T03:00:00+00:00,0.07682735079458196
3,return_above_0_5_percent,A_all,logistic,development|ETH/USDT|2023-11-04T05:00:00+00:00,0.1692908405230131
3,return_above_0_5_percent,A_all,logistic,development|BTC/USDT|2023-11-04T14:00:00+00:00,0.14100146392695517
3,return_above_0_5_percent,A_all,logistic,development|BTC/USDT|2023-11-06T10:00:00+00:00,0.07541799735729605
3,return_above_0_5_percent,A_all,logistic,development|BTC/USDT|2023-11-08T01:00:00+00:00,0.08211098319060862
3,return_above_0_5_percent,A_all,logistic,development|ETH/USDT|2023-11-08T20:00:00+00:00,0.18791718179097772
3,return_above_0_5_percent,A_all,logistic,development|BTC/USDT|2023-11-12T23:00:00+00:00,0.1610445580793853
3,return_above_0_5_percent,A_all,logistic,development|ETH/USDT|2023-11-13T16:00:00+00:00,0.15782297014124738
3,return_above_0_5_percent,A_all,logistic,development|BTC/USDT|2023-11-15T22:00:00+00:00,0.41225363114994507
3,return_above_0_5_percent,A_all,logistic,development|ETH/USDT|2023-11-16T02:00:00+00:00,0.2966732036089488
3,return_above_0_5_percent,A_all,logistic,development|BTC/USDT|2023-11-18T13:00:00+00:00,0.12064290370647746
3,return_above_0_5_percent,A_all,logistic,development|ETH/USDT|2023-11-19T05:00:00+00:00,0.23647099959947468
3,return_above_0_5_percent,A_all,logistic,development|ETH/USDT|2023-11-22T20:00:00+00:00,0.24393175851948973
3,return_above_0_5_percent,A_all,logistic,development|BTC/USDT|2023-11-23T03:00:00+00:00,0.2440875651129567
3,return_above_0_5_percent,A_all,logistic,development|BTC/USDT|2023-11-28T18:00:00+00:00,0.22820992070310545
3,return_above_0_5_percent,A_all,logistic,development|ETH/USDT|2023-11-28T23:00:00+00:00,0.23863204068673477
3,return_above_0_5_percent,A_all,logistic,development|ETH/USDT|2023-12-01T03:00:00+00:00,0.27617443316601836
3,return_above_0_5_percent,A_all,logistic,development|BTC/USDT|2023-12-01T10:00:00+00:00,0.1330309725748374
3,return_above_0_5_percent,A_all,logistic,development|ETH/USDT|2023-12-07T20:00:00+00:00,0.2695609942847079
3,return_above_0_5_percent,A_all,logistic,development|BTC/USDT|2023-12-08T21:00:00+00:00,0.08612787493125516
3,return_above_0_5_percent,A_all,logistic,development|BTC/USDT|2023-12-13T21:00:00+00:00,0.16896445721075676
3,return_above_0_5_percent,A_all,logistic,development|ETH/USDT|2023-12-14T01:00:00+00:00,0.35392692809158294
3,return_above_0_5_percent,A_all,logistic,development|BTC/USDT|2023-12-19T03:00:00+00:00,0.3095277724293443
3,return_above_0_5_percent,A_all,logistic,development|ETH/USDT|2023-12-19T08:00:00+00:00,0.2402526234474061
3,return_above_0_5_percent,A_all,logistic,development|ETH/USDT|2023-12-20T17:00:00+00:00,0.40711607529646543
3,return_above_0_5_percent,A_all,logistic,development|BTC/USDT|2023-12-24T05:00:00+00:00,0.05479610062445331
3,return_above_0_5_percent,A_all,logistic,development|ETH/USDT|2023-12-24T18:00:00+00:00,0.1262764577089376
3,return_above_0_5_percent,A_all,logistic,development|BTC/USDT|2023-12-26T05:00:00+00:00,0.32776299391193847
3,return_above_0_5_percent,A_all,logistic,development|ETH/USDT|2023-12-27T17:00:00+00:00,0.18088195773617022
3,return_above_0_5_percent,A_all,logistic,development|BTC/USDT|2023-12-27T22:00:00+00:00,0.32904509094675877
3,return_above_0_5_percent,A_all,logistic,development|BTC/USDT|2023-12-31T07:00:00+00:00,0.16262491778715432
3,return_above_0_5_percent,A_all,forest,development|BTC/USDT|2023-10-04T22:00:00+00:00,0.2612392047834224
3,return_above_0_5_percent,A_all,forest,development|BTC/USDT|2023-10-06T20:00:00+00:00,0.18987941735717712
3,return_above_0_5_percent,A_all,forest,development|ETH/USDT|2023-10-06T22:00:00+00:00,0.3523824547364724
3,return_above_0_5_percent,A_all,forest,development|BTC/USDT|2023-10-13T15:00:00+00:00,0.19941747440367494
3,return_above_0_5_percent,A_all,forest,development|ETH/USDT|2023-10-14T01:00:00+00:00,0.280455568662118
3,return_above_0_5_percent,A_all,forest,development|BTC/USDT|2023-10-15T16:00:00+00:00,0.08645941244060017
3,return_above_0_5_percent,A_all,forest,development|BTC/USDT|2023-10-19T19:00:00+00:00,0.2859142810097778
3,return_above_0_5_percent,A_all,forest,development|ETH/USDT|2023-10-20T06:00:00+00:00,0.3247250043641305
3,return_above_0_5_percent,A_all,forest,development|ETH/USDT|2023-10-26T08:00:00+00:00,0.14585421895476874
3,return_above_0_5_percent,A_all,forest,development|BTC/USDT|2023-10-28T16:00:00+00:00,0.2485374368053976
3,return_above_0_5_percent,A_all,forest,development|ETH/USDT|2023-10-28T16:00:00+00:00,0.2087792888333866
3,return_above_0_5_percent,A_all,forest,development|ETH/USDT|2023-10-29T16:00:00+00:00,0.16622305238053678
3,return_above_0_5_percent,A_all,forest,development|ETH/USDT|2023-11-01T01:00:00+00:00,0.22189673484940534
3,return_above_0_5_percent,A_all,forest,development|BTC/USDT|2023-11-01T03:00:00+00:00,0.1566466016922
3,return_above_0_5_percent,A_all,forest,development|ETH/USDT|2023-11-04T05:00:00+00:00,0.2936991183581363
3,return_above_0_5_percent,A_all,forest,development|BTC/USDT|2023-11-04T14:00:00+00:00,0.17465717152911708
3,return_above_0_5_percent,A_all,forest,development|BTC/USDT|2023-11-06T10:00:00+00:00,0.15749227047095155
3,return_above_0_5_percent,A_all,forest,development|BTC/USDT|2023-11-08T01:00:00+00:00,0.2336860604510958
3,return_above_0_5_percent,A_all,forest,development|ETH/USDT|2023-11-08T20:00:00+00:00,0.18966410374104048
3,return_above_0_5_percent,A_all,forest,development|BTC/USDT|2023-11-12T23:00:00+00:00,0.1822451038841978
3,return_above_0_5_percent,A_all,forest,development|ETH/USDT|2023-11-13T16:00:00+00:00,0.1987817311535457
3,return_above_0_5_percent,A_all,forest,development|BTC/USDT|2023-11-15T22:00:00+00:00,0.23796049217023574
3,return_above_0_5_percent,A_all,forest,development|ETH/USDT|2023-11-16T02:00:00+00:00,0.24568877529946095
3,return_above_0_5_percent,A_all,forest,development|BTC/USDT|2023-11-18T13:00:00+00:00,0.1452756022316
3,return_above_0_5_percent,A_all,forest,development|ETH/USDT|2023-11-19T05:00:00+00:00,0.2710554858191649
3,return_above_0_5_percent,A_all,forest,development|ETH/USDT|2023-11-22T20:00:00+00:00,0.14455164887098157
3,return_above_0_5_percent,A_all,forest,development|BTC/USDT|2023-11-23T03:00:00+00:00,0.31176706420372724
3,return_above_0_5_percent,A_all,forest,development|BTC/USDT|2023-11-28T18:00:00+00:00,0.20399329612070052
3,return_above_0_5_percent,A_all,forest,development|ETH/USDT|2023-11-28T23:00:00+00:00,0.29185365305189026
3,return_above_0_5_percent,A_all,forest,development|ETH/USDT|2023-12-01T03:00:00+00:00,0.2605640386092012
3,return_above_0_5_percent,A_all,forest,development|BTC/USDT|2023-12-01T10:00:00+00:00,0.16646305164404132
3,return_above_0_5_percent,A_all,forest,development|ETH/USDT|2023-12-07T20:00:00+00:00,0.21634161333369048
3,return_above_0_5_percent,A_all,forest,development|BTC/USDT|2023-12-08T21:00:00+00:00,0.18294171897581044
3,return_above_0_5_percent,A_all,forest,development|BTC/USDT|2023-12-13T21:00:00+00:00,0.22053298482013123
3,return_above_0_5_percent,A_all,forest,development|ETH/USDT|2023-12-14T01:00:00+00:00,0.4089643746954814
3,return_above_0_5_percent,A_all,forest,development|BTC/USDT|2023-12-19T03:00:00+00:00,0.23116445481968317
3,return_above_0_5_percent,A_all,forest,development|ETH/USDT|2023-12-19T08:00:00+00:00,0.2580022640850405
3,return_above_0_5_percent,A_all,forest,development|ETH/USDT|2023-12-20T17:00:00+00:00,0.40887868816029027
3,return_above_0_5_percent,A_all,forest,development|BTC/USDT|2023-12-24T05:00:00+00:00,0.21245528112386305
3,return_above_0_5_percent,A_all,forest,development|ETH/USDT|2023-12-24T18:00:00+00:00,0.16126030678927133
3,return_above_0_5_percent,A_all,forest,development|BTC/USDT|2023-12-26T05:00:00+00:00,0.3077016374630988
3,return_above_0_5_percent,A_all,forest,development|ETH/USDT|2023-12-27T17:00:00+00:00,0.1418229631073154
3,return_above_0_5_percent,A_all,forest,development|BTC/USDT|2023-12-27T22:00:00+00:00,0.30279166890589576
3,return_above_0_5_percent,A_all,forest,development|BTC/USDT|2023-12-31T07:00:00+00:00,0.23593208671549523
3,return_above_0_5_percent,A_all,hist_gradient,development|BTC/USDT|2023-10-04T22:00:00+00:00,0.19021385141245398
3,return_above_0_5_percent,A_all,hist_gradient,development|BTC/USDT|2023-10-06T20:00:00+00:00,0.15445780524739827
3,return_above_0_5_percent,A_all,hist_gradient,development|ETH/USDT|2023-10-06T22:00:00+00:00,0.45536528028046563
3,return_above_0_5_percent,A_all,hist_gradient,development|BTC/USDT|2023-10-13T15:00:00+00:00,0.21169306182936728
3,return_above_0_5_percent,A_all,hist_gradient,development|ETH/USDT|2023-10-14T01:00:00+00:00,0.26191888590647827
3,return_above_0_5_percent,A_all,hist_gradient,development|BTC/USDT|2023-10-15T16:00:00+00:00,0.14332156610004543
3,return_above_0_5_percent,A_all,hist_gradient,development|BTC/USDT|2023-10-19T19:00:00+00:00,0.37287583264912366
3,return_above_0_5_percent,A_all,hist_gradient,development|ETH/USDT|2023-10-20T06:00:00+00:00,0.4679248717429128
3,return_above_0_5_percent,A_all,hist_gradient,development|ETH/USDT|2023-10-26T08:00:00+00:00,0.13734319320004565
3,return_above_0_5_percent,A_all,hist_gradient,development|BTC/USDT|2023-10-28T16:00:00+00:00,0.21768261117365975
3,return_above_0_5_percent,A_all,hist_gradient,development|ETH/USDT|2023-10-28T16:00:00+00:00,0.15408171839176865
3,return_above_0_5_percent,A_all,hist_gradient,development|ETH/USDT|2023-10-29T16:00:00+00:00,0.09899989477791211
3,return_above_0_5_percent,A_all,hist_gradient,development|ETH/USDT|2023-11-01T01:00:00+00:00,0.2669943719213543
3,return_above_0_5_percent,A_all,hist_gradient,development|BTC/USDT|2023-11-01T03:00:00+00:00,0.13839189908196994
3,return_above_0_5_percent,A_all,hist_gradient,development|ETH/USDT|2023-11-04T05:00:00+00:00,0.36378779261445837
3,return_above_0_5_percent,A_all,hist_gradient,development|BTC/USDT|2023-11-04T14:00:00+00:00,0.10937765380683723
3,return_above_0_5_percent,A_all,hist_gradient,development|BTC/USDT|2023-11-06T10:00:00+00:00,0.13426300827944154
3,return_above_0_5_percent,A_all,hist_gradient,development|BTC/USDT|2023-11-08T01:00:00+00:00,0.22205628371355862
3,return_above_0_5_percent,A_all,hist_gradient,development|ETH/USDT|2023-11-08T20:00:00+00:00,0.20170133922014852
3,return_above_0_5_percent,A_all,hist_gradient,development|BTC/USDT|2023-11-12T23:00:00+00:00,0.20998880859409724
3,return_above_0_5_percent,A_all,hist_gradient,development|ETH/USDT|2023-11-13T16:00:00+00:00,0.23358301262902958
3,return_above_0_5_percent,A_all,hist_gradient,development|BTC/USDT|2023-11-15T22:00:00+00:00,0.1735509484742372
3,return_above_0_5_percent,A_all,hist_gradient,development|ETH/USDT|2023-11-16T02:00:00+00:00,0.2782807846028727
3,return_above_0_5_percent,A_all,hist_gradient,development|BTC/USDT|2023-11-18T13:00:00+00:00,0.0899577270870267
3,return_above_0_5_percent,A_all,hist_gradient,development|ETH/USDT|2023-11-19T05:00:00+00:00,0.22579322786718573
3,return_above_0_5_percent,A_all,hist_gradient,development|ETH/USDT|2023-11-22T20:00:00+00:00,0.12424403249465674
3,return_above_0_5_percent,A_all,hist_gradient,development|BTC/USDT|2023-11-23T03:00:00+00:00,0.3461100110399261
3,return_above_0_5_percent,A_all,hist_gradient,development|BTC/USDT|2023-11-28T18:00:00+00:00,0.22400600103687807
3,return_above_0_5_percent,A_all,hist_gradient,development|ETH/USDT|2023-11-28T23:00:00+00:00,0.18979593728367025
3,return_above_0_5_percent,A_all,hist_gradient,development|ETH/USDT|2023-12-01T03:00:00+00:00,0.349217105585637
3,return_above_0_5_percent,A_all,hist_gradient,development|BTC/USDT|2023-12-01T10:00:00+00:00,0.19949229781858246
3,return_above_0_5_percent,A_all,hist_gradient,development|ETH/USDT|2023-12-07T20:00:00+00:00,0.1985244424827861
3,return_above_0_5_percent,A_all,hist_gradient,development|BTC/USDT|2023-12-08T21:00:00+00:00,0.21378428416161352
3,return_above_0_5_percent,A_all,hist_gradient,development|BTC/USDT|2023-12-13T21:00:00+00:00,0.2304007551226286
3,return_above_0_5_percent,A_all,hist_gradient,development|ETH/USDT|2023-12-14T01:00:00+00:00,0.504127249664903
3,return_above_0_5_percent,A_all,hist_gradient,development|BTC/USDT|2023-12-19T03:00:00+00:00,0.1440254809369889
3,return_above_0_5_percent,A_all,hist_gradient,development|ETH/USDT|2023-12-19T08:00:00+00:00,0.2434683896639721
3,return_above_0_5_percent,A_all,hist_gradient,development|ETH/USDT|2023-12-20T17:00:00+00:00,0.4839532002762149
3,return_above_0_5_percent,A_all,hist_gradient,development|BTC/USDT|2023-12-24T05:00:00+00:00,0.19488042287409543
3,return_above_0_5_percent,A_all,hist_gradient,development|ETH/USDT|2023-12-24T18:00:00+00:00,0.13744747299622068
3,return_above_0_5_percent,A_all,hist_gradient,development|BTC/USDT|2023-12-26T05:00:00+00:00,0.3087973799021634
3,return_above_0_5_percent,A_all,hist_gradient,development|ETH/USDT|2023-12-27T17:00:00+00:00,0.12424403249465674
3,return_above_0_5_percent,A_all,hist_gradient,development|BTC/USDT|2023-12-27T22:00:00+00:00,0.3624129795437596
3,return_above_0_5_percent,A_all,hist_gradient,development|BTC/USDT|2023-12-31T07:00:00+00:00,0.17725312892216183
3,return_above_0_5_percent,B_reduced,dummy,development|BTC/USDT|2023-10-04T22:00:00+00:00,0.23255813953488372
3,return_above_0_5_percent,B_reduced,dummy,development|BTC/USDT|2023-10-06T20:00:00+00:00,0.23255813953488372
3,return_above_0_5_percent,B_reduced,dummy,development|ETH/USDT|2023-10-06T22:00:00+00:00,0.23255813953488372
3,return_above_0_5_percent,B_reduced,dummy,development|BTC/USDT|2023-10-13T15:00:00+00:00,0.23255813953488372
3,return_above_0_5_percent,B_reduced,dummy,development|ETH/USDT|2023-10-14T01:00:00+00:00,0.23255813953488372
3,return_above_0_5_percent,B_reduced,dummy,development|BTC/USDT|2023-10-15T16:00:00+00:00,0.23255813953488372
3,return_above_0_5_percent,B_reduced,dummy,development|BTC/USDT|2023-10-19T19:00:00+00:00,0.23255813953488372
3,return_above_0_5_percent,B_reduced,dummy,development|ETH/USDT|2023-10-20T06:00:00+00:00,0.23255813953488372
3,return_above_0_5_percent,B_reduced,dummy,development|ETH/USDT|2023-10-26T08:00:00+00:00,0.23255813953488372
3,return_above_0_5_percent,B_reduced,dummy,development|BTC/USDT|2023-10-28T16:00:00+00:00,0.23255813953488372
3,return_above_0_5_percent,B_reduced,dummy,development|ETH/USDT|2023-10-28T16:00:00+00:00,0.23255813953488372
3,return_above_0_5_percent,B_reduced,dummy,development|ETH/USDT|2023-10-29T16:00:00+00:00,0.23255813953488372
3,return_above_0_5_percent,B_reduced,dummy,development|ETH/USDT|2023-11-01T01:00:00+00:00,0.23255813953488372
3,return_above_0_5_percent,B_reduced,dummy,development|BTC/USDT|2023-11-01T03:00:00+00:00,0.23255813953488372
3,return_above_0_5_percent,B_reduced,dummy,development|ETH/USDT|2023-11-04T05:00:00+00:00,0.23255813953488372
3,return_above_0_5_percent,B_reduced,dummy,development|BTC/USDT|2023-11-04T14:00:00+00:00,0.23255813953488372
3,return_above_0_5_percent,B_reduced,dummy,development|BTC/USDT|2023-11-06T10:00:00+00:00,0.23255813953488372
3,return_above_0_5_percent,B_reduced,dummy,development|BTC/USDT|2023-11-08T01:00:00+00:00,0.23255813953488372
3,return_above_0_5_percent,B_reduced,dummy,development|ETH/USDT|2023-11-08T20:00:00+00:00,0.23255813953488372
3,return_above_0_5_percent,B_reduced,dummy,development|BTC/USDT|2023-11-12T23:00:00+00:00,0.23255813953488372
3,return_above_0_5_percent,B_reduced,dummy,development|ETH/USDT|2023-11-13T16:00:00+00:00,0.23255813953488372
3,return_above_0_5_percent,B_reduced,dummy,development|BTC/USDT|2023-11-15T22:00:00+00:00,0.23255813953488372
3,return_above_0_5_percent,B_reduced,dummy,development|ETH/USDT|2023-11-16T02:00:00+00:00,0.23255813953488372
3,return_above_0_5_percent,B_reduced,dummy,development|BTC/USDT|2023-11-18T13:00:00+00:00,0.23255813953488372
3,return_above_0_5_percent,B_reduced,dummy,development|ETH/USDT|2023-11-19T05:00:00+00:00,0.23255813953488372
3,return_above_0_5_percent,B_reduced,dummy,development|ETH/USDT|2023-11-22T20:00:00+00:00,0.23255813953488372
3,return_above_0_5_percent,B_reduced,dummy,development|BTC/USDT|2023-11-23T03:00:00+00:00,0.23255813953488372
3,return_above_0_5_percent,B_reduced,dummy,development|BTC/USDT|2023-11-28T18:00:00+00:00,0.23255813953488372
3,return_above_0_5_percent,B_reduced,dummy,development|ETH/USDT|2023-11-28T23:00:00+00:00,0.23255813953488372
3,return_above_0_5_percent,B_reduced,dummy,development|ETH/USDT|2023-12-01T03:00:00+00:00,0.23255813953488372
3,return_above_0_5_percent,B_reduced,dummy,development|BTC/USDT|2023-12-01T10:00:00+00:00,0.23255813953488372
3,return_above_0_5_percent,B_reduced,dummy,development|ETH/USDT|2023-12-07T20:00:00+00:00,0.23255813953488372
3,return_above_0_5_percent,B_reduced,dummy,development|BTC/USDT|2023-12-08T21:00:00+00:00,0.23255813953488372
3,return_above_0_5_percent,B_reduced,dummy,development|BTC/USDT|2023-12-13T21:00:00+00:00,0.23255813953488372
3,return_above_0_5_percent,B_reduced,dummy,development|ETH/USDT|2023-12-14T01:00:00+00:00,0.23255813953488372
3,return_above_0_5_percent,B_reduced,dummy,development|BTC/USDT|2023-12-19T03:00:00+00:00,0.23255813953488372
3,return_above_0_5_percent,B_reduced,dummy,development|ETH/USDT|2023-12-19T08:00:00+00:00,0.23255813953488372
3,return_above_0_5_percent,B_reduced,dummy,development|ETH/USDT|2023-12-20T17:00:00+00:00,0.23255813953488372
3,return_above_0_5_percent,B_reduced,dummy,development|BTC/USDT|2023-12-24T05:00:00+00:00,0.23255813953488372
3,return_above_0_5_percent,B_reduced,dummy,development|ETH/USDT|2023-12-24T18:00:00+00:00,0.23255813953488372
3,return_above_0_5_percent,B_reduced,dummy,development|BTC/USDT|2023-12-26T05:00:00+00:00,0.23255813953488372
3,return_above_0_5_percent,B_reduced,dummy,development|ETH/USDT|2023-12-27T17:00:00+00:00,0.23255813953488372
3,return_above_0_5_percent,B_reduced,dummy,development|BTC/USDT|2023-12-27T22:00:00+00:00,0.23255813953488372
3,return_above_0_5_percent,B_reduced,dummy,development|BTC/USDT|2023-12-31T07:00:00+00:00,0.23255813953488372
3,return_above_0_5_percent,B_reduced,logistic,development|BTC/USDT|2023-10-04T22:00:00+00:00,0.19732498441724958
3,return_above_0_5_percent,B_reduced,logistic,development|BTC/USDT|2023-10-06T20:00:00+00:00,0.19641386624221296
3,return_above_0_5_percent,B_reduced,logistic,development|ETH/USDT|2023-10-06T22:00:00+00:00,0.44211183426061523
3,return_above_0_5_percent,B_reduced,logistic,development|BTC/USDT|2023-10-13T15:00:00+00:00,0.24546260293752645
3,return_above_0_5_percent,B_reduced,logistic,development|ETH/USDT|2023-10-14T01:00:00+00:00,0.34555936663386727
3,return_above_0_5_percent,B_reduced,logistic,development|BTC/USDT|2023-10-15T16:00:00+00:00,0.04543331987398136
3,return_above_0_5_percent,B_reduced,logistic,development|BTC/USDT|2023-10-19T19:00:00+00:00,0.27146824993776525
3,return_above_0_5_percent,B_reduced,logistic,development|ETH/USDT|2023-10-20T06:00:00+00:00,0.4827651601999344
3,return_above_0_5_percent,B_reduced,logistic,development|ETH/USDT|2023-10-26T08:00:00+00:00,0.0953038073997518
3,return_above_0_5_percent,B_reduced,logistic,development|BTC/USDT|2023-10-28T16:00:00+00:00,0.13182220192845612
3,return_above_0_5_percent,B_reduced,logistic,development|ETH/USDT|2023-10-28T16:00:00+00:00,0.08649626328222836
3,return_above_0_5_percent,B_reduced,logistic,development|ETH/USDT|2023-10-29T16:00:00+00:00,0.04772634749322127
3,return_above_0_5_percent,B_reduced,logistic,development|ETH/USDT|2023-11-01T01:00:00+00:00,0.03372221335843122
3,return_above_0_5_percent,B_reduced,logistic,development|BTC/USDT|2023-11-01T03:00:00+00:00,0.07887020931411452
3,return_above_0_5_percent,B_reduced,logistic,development|ETH/USDT|2023-11-04T05:00:00+00:00,0.16630006198283223
3,return_above_0_5_percent,B_reduced,logistic,development|BTC/USDT|2023-11-04T14:00:00+00:00,0.14304395190173735
3,return_above_0_5_percent,B_reduced,logistic,development|BTC/USDT|2023-11-06T10:00:00+00:00,0.0776109139152803
3,return_above_0_5_percent,B_reduced,logistic,development|BTC/USDT|2023-11-08T01:00:00+00:00,0.08379399824596973
3,return_above_0_5_percent,B_reduced,logistic,development|ETH/USDT|2023-11-08T20:00:00+00:00,0.1846288314644403
3,return_above_0_5_percent,B_reduced,logistic,development|BTC/USDT|2023-11-12T23:00:00+00:00,0.1661006147068801
3,return_above_0_5_percent,B_reduced,logistic,development|ETH/USDT|2023-11-13T16:00:00+00:00,0.1594308243147969
3,return_above_0_5_percent,B_reduced,logistic,development|BTC/USDT|2023-11-15T22:00:00+00:00,0.4214655488104181
3,return_above_0_5_percent,B_reduced,logistic,development|ETH/USDT|2023-11-16T02:00:00+00:00,0.27046491330516736
3,return_above_0_5_percent,B_reduced,logistic,development|BTC/USDT|2023-11-18T13:00:00+00:00,0.12417116551065988
3,return_above_0_5_percent,B_reduced,logistic,development|ETH/USDT|2023-11-19T05:00:00+00:00,0.23241101245020293
3,return_above_0_5_percent,B_reduced,logistic,development|ETH/USDT|2023-11-22T20:00:00+00:00,0.23590163098963574
3,return_above_0_5_percent,B_reduced,logistic,development|BTC/USDT|2023-11-23T03:00:00+00:00,0.25812381455250655
3,return_above_0_5_percent,B_reduced,logistic,development|BTC/USDT|2023-11-28T18:00:00+00:00,0.23064898765233835
3,return_above_0_5_percent,B_reduced,logistic,development|ETH/USDT|2023-11-28T23:00:00+00:00,0.23655019132069577
3,return_above_0_5_percent,B_reduced,logistic,development|ETH/USDT|2023-12-01T03:00:00+00:00,0.2575644138816932
3,return_above_0_5_percent,B_reduced,logistic,development|BTC/USDT|2023-12-01T10:00:00+00:00,0.13917580022260118
3,return_above_0_5_percent,B_reduced,logistic,development|ETH/USDT|2023-12-07T20:00:00+00:00,0.25958366464602434
3,return_above_0_5_percent,B_reduced,logistic,development|BTC/USDT|2023-12-08T21:00:00+00:00,0.09420491334143404
3,return_above_0_5_percent,B_reduced,logistic,development|BTC/USDT|2023-12-13T21:00:00+00:00,0.17200773173000405
3,return_above_0_5_percent,B_reduced,logistic,development|ETH/USDT|2023-12-14T01:00:00+00:00,0.3452426378406505
3,return_above_0_5_percent,B_reduced,logistic,development|BTC/USDT|2023-12-19T03:00:00+00:00,0.30928144238612454
3,return_above_0_5_percent,B_reduced,logistic,development|ETH/USDT|2023-12-19T08:00:00+00:00,0.23702518628408836
3,return_above_0_5_percent,B_reduced,logistic,development|ETH/USDT|2023-12-20T17:00:00+00:00,0.3704296516669587
3,return_above_0_5_percent,B_reduced,logistic,development|BTC/USDT|2023-12-24T05:00:00+00:00,0.056104030511266334
3,return_above_0_5_percent,B_reduced,logistic,development|ETH/USDT|2023-12-24T18:00:00+00:00,0.12721164276934674
3,return_above_0_5_percent,B_reduced,logistic,development|BTC/USDT|2023-12-26T05:00:00+00:00,0.33375115592111926
3,return_above_0_5_percent,B_reduced,logistic,development|ETH/USDT|2023-12-27T17:00:00+00:00,0.174281746711512
3,return_above_0_5_percent,B_reduced,logistic,development|BTC/USDT|2023-12-27T22:00:00+00:00,0.33633086182943267
3,return_above_0_5_percent,B_reduced,logistic,development|BTC/USDT|2023-12-31T07:00:00+00:00,0.1688684232031545
3,return_above_0_5_percent,B_reduced,forest,development|BTC/USDT|2023-10-04T22:00:00+00:00,0.2666043250890077
3,return_above_0_5_percent,B_reduced,forest,development|BTC/USDT|2023-10-06T20:00:00+00:00,0.19048798308596143
3,return_above_0_5_percent,B_reduced,forest,development|ETH/USDT|2023-10-06T22:00:00+00:00,0.34907044726068137
3,return_above_0_5_percent,B_reduced,forest,development|BTC/USDT|2023-10-13T15:00:00+00:00,0.19003329543244937
3,return_above_0_5_percent,B_reduced,forest,development|ETH/USDT|2023-10-14T01:00:00+00:00,0.28992625944591127
3,return_above_0_5_percent,B_reduced,forest,development|BTC/USDT|2023-10-15T16:00:00+00:00,0.08886071554204072
3,return_above_0_5_percent,B_reduced,forest,development|BTC/USDT|2023-10-19T19:00:00+00:00,0.285509629296498
3,return_above_0_5_percent,B_reduced,forest,development|ETH/USDT|2023-10-20T06:00:00+00:00,0.3356345612948234
3,return_above_0_5_percent,B_reduced,forest,development|ETH/USDT|2023-10-26T08:00:00+00:00,0.13723905683577403
3,return_above_0_5_percent,B_reduced,forest,development|BTC/USDT|2023-10-28T16:00:00+00:00,0.2530559440146324
3,return_above_0_5_percent,B_reduced,forest,development|ETH/USDT|2023-10-28T16:00:00+00:00,0.20951654369791284
3,return_above_0_5_percent,B_reduced,forest,development|ETH/USDT|2023-10-29T16:00:00+00:00,0.16243002435273643
3,return_above_0_5_percent,B_reduced,forest,development|ETH/USDT|2023-11-01T01:00:00+00:00,0.23790392502146507
3,return_above_0_5_percent,B_reduced,forest,development|BTC/USDT|2023-11-01T03:00:00+00:00,0.1425436729523385
3,return_above_0_5_percent,B_reduced,forest,development|ETH/USDT|2023-11-04T05:00:00+00:00,0.3082308899321992
3,return_above_0_5_percent,B_reduced,forest,development|BTC/USDT|2023-11-04T14:00:00+00:00,0.15759566114201837
3,return_above_0_5_percent,B_reduced,forest,development|BTC/USDT|2023-11-06T10:00:00+00:00,0.12578812982106244
3,return_above_0_5_percent,B_reduced,forest,development|BTC/USDT|2023-11-08T01:00:00+00:00,0.2693128547307801
3,return_above_0_5_percent,B_reduced,forest,development|ETH/USDT|2023-11-08T20:00:00+00:00,0.20665353905669065
3,return_above_0_5_percent,B_reduced,forest,development|BTC/USDT|2023-11-12T23:00:00+00:00,0.17492355931162284
3,return_above_0_5_percent,B_reduced,forest,development|ETH/USDT|2023-11-13T16:00:00+00:00,0.21131814411212005
3,return_above_0_5_percent,B_reduced,forest,development|BTC/USDT|2023-11-15T22:00:00+00:00,0.22179314894391486
3,return_above_0_5_percent,B_reduced,forest,development|ETH/USDT|2023-11-16T02:00:00+00:00,0.24915025232154303
3,return_above_0_5_percent,B_reduced,forest,development|BTC/USDT|2023-11-18T13:00:00+00:00,0.1445857285882717
3,return_above_0_5_percent,B_reduced,forest,development|ETH/USDT|2023-11-19T05:00:00+00:00,0.29505375004561407
3,return_above_0_5_percent,B_reduced,forest,development|ETH/USDT|2023-11-22T20:00:00+00:00,0.1291245292065405
3,return_above_0_5_percent,B_reduced,forest,development|BTC/USDT|2023-11-23T03:00:00+00:00,0.35202189772802006
3,return_above_0_5_percent,B_reduced,forest,development|BTC/USDT|2023-11-28T18:00:00+00:00,0.21508294571610798
3,return_above_0_5_percent,B_reduced,forest,development|ETH/USDT|2023-11-28T23:00:00+00:00,0.33458158519910647
3,return_above_0_5_percent,B_reduced,forest,development|ETH/USDT|2023-12-01T03:00:00+00:00,0.24211025782381332
3,return_above_0_5_percent,B_reduced,forest,development|BTC/USDT|2023-12-01T10:00:00+00:00,0.16521844826591064
3,return_above_0_5_percent,B_reduced,forest,development|ETH/USDT|2023-12-07T20:00:00+00:00,0.1994363185150691
3,return_above_0_5_percent,B_reduced,forest,development|BTC/USDT|2023-12-08T21:00:00+00:00,0.2071497231628211
3,return_above_0_5_percent,B_reduced,forest,development|BTC/USDT|2023-12-13T21:00:00+00:00,0.2443749194570907
3,return_above_0_5_percent,B_reduced,forest,development|ETH/USDT|2023-12-14T01:00:00+00:00,0.3826867423031844
3,return_above_0_5_percent,B_reduced,forest,development|BTC/USDT|2023-12-19T03:00:00+00:00,0.24248522784761659
3,return_above_0_5_percent,B_reduced,forest,development|ETH/USDT|2023-12-19T08:00:00+00:00,0.260147591888078
3,return_above_0_5_percent,B_reduced,forest,development|ETH/USDT|2023-12-20T17:00:00+00:00,0.4434952482277555
3,return_above_0_5_percent,B_reduced,forest,development|BTC/USDT|2023-12-24T05:00:00+00:00,0.2146478660904701
3,return_above_0_5_percent,B_reduced,forest,development|ETH/USDT|2023-12-24T18:00:00+00:00,0.15328986054626986
3,return_above_0_5_percent,B_reduced,forest,development|BTC/USDT|2023-12-26T05:00:00+00:00,0.3310206276305556
3,return_above_0_5_percent,B_reduced,forest,development|ETH/USDT|2023-12-27T17:00:00+00:00,0.1273910822045513
3,return_above_0_5_percent,B_reduced,forest,development|BTC/USDT|2023-12-27T22:00:00+00:00,0.3211677317298698
3,return_above_0_5_percent,B_reduced,forest,development|BTC/USDT|2023-12-31T07:00:00+00:00,0.23082430664818243
3,return_above_0_5_percent,B_reduced,hist_gradient,development|BTC/USDT|2023-10-04T22:00:00+00:00,0.1823964479925333
3,return_above_0_5_percent,B_reduced,hist_gradient,development|BTC/USDT|2023-10-06T20:00:00+00:00,0.15529265612470036
3,return_above_0_5_percent,B_reduced,hist_gradient,development|ETH/USDT|2023-10-06T22:00:00+00:00,0.4560318697343181
3,return_above_0_5_percent,B_reduced,hist_gradient,development|BTC/USDT|2023-10-13T15:00:00+00:00,0.2107726498504312
3,return_above_0_5_percent,B_reduced,hist_gradient,development|ETH/USDT|2023-10-14T01:00:00+00:00,0.2589321148615469
3,return_above_0_5_percent,B_reduced,hist_gradient,development|BTC/USDT|2023-10-15T16:00:00+00:00,0.14522984380361534
3,return_above_0_5_percent,B_reduced,hist_gradient,development|BTC/USDT|2023-10-19T19:00:00+00:00,0.3738160192837418
3,return_above_0_5_percent,B_reduced,hist_gradient,development|ETH/USDT|2023-10-20T06:00:00+00:00,0.4590699079247801
3,return_above_0_5_percent,B_reduced,hist_gradient,development|ETH/USDT|2023-10-26T08:00:00+00:00,0.13976415839451276
3,return_above_0_5_percent,B_reduced,hist_gradient,development|BTC/USDT|2023-10-28T16:00:00+00:00,0.2060019229657983
3,return_above_0_5_percent,B_reduced,hist_gradient,development|ETH/USDT|2023-10-28T16:00:00+00:00,0.15088605272793104
3,return_above_0_5_percent,B_reduced,hist_gradient,development|ETH/USDT|2023-10-29T16:00:00+00:00,0.09863418281329252
3,return_above_0_5_percent,B_reduced,hist_gradient,development|ETH/USDT|2023-11-01T01:00:00+00:00,0.2725418085133887
3,return_above_0_5_percent,B_reduced,hist_gradient,development|BTC/USDT|2023-11-01T03:00:00+00:00,0.13122972113694867
3,return_above_0_5_percent,B_reduced,hist_gradient,development|ETH/USDT|2023-11-04T05:00:00+00:00,0.35916769859644276
3,return_above_0_5_percent,B_reduced,hist_gradient,development|BTC/USDT|2023-11-04T14:00:00+00:00,0.10513998068968847
3,return_above_0_5_percent,B_reduced,hist_gradient,development|BTC/USDT|2023-11-06T10:00:00+00:00,0.12721290111408126
3,return_above_0_5_percent,B_reduced,hist_gradient,development|BTC/USDT|2023-11-08T01:00:00+00:00,0.22269718862394425
3,return_above_0_5_percent,B_reduced,hist_gradient,development|ETH/USDT|2023-11-08T20:00:00+00:00,0.20424540679754632
3,return_above_0_5_percent,B_reduced,hist_gradient,development|BTC/USDT|2023-11-12T23:00:00+00:00,0.21403120277423307
3,return_above_0_5_percent,B_reduced,hist_gradient,development|ETH/USDT|2023-11-13T16:00:00+00:00,0.23726530939101284
3,return_above_0_5_percent,B_reduced,hist_gradient,development|BTC/USDT|2023-11-15T22:00:00+00:00,0.17442407509532193
3,return_above_0_5_percent,B_reduced,hist_gradient,development|ETH/USDT|2023-11-16T02:00:00+00:00,0.28245555220914725
3,return_above_0_5_percent,B_reduced,hist_gradient,development|BTC/USDT|2023-11-18T13:00:00+00:00,0.08327569067829117
3,return_above_0_5_percent,B_reduced,hist_gradient,development|ETH/USDT|2023-11-19T05:00:00+00:00,0.22622003337634625
3,return_above_0_5_percent,B_reduced,hist_gradient,development|ETH/USDT|2023-11-22T20:00:00+00:00,0.12488760896580735
3,return_above_0_5_percent,B_reduced,hist_gradient,development|BTC/USDT|2023-11-23T03:00:00+00:00,0.34140107686542276
3,return_above_0_5_percent,B_reduced,hist_gradient,development|BTC/USDT|2023-11-28T18:00:00+00:00,0.22227260466960272
3,return_above_0_5_percent,B_reduced,hist_gradient,development|ETH/USDT|2023-11-28T23:00:00+00:00,0.19182128196779197
3,return_above_0_5_percent,B_reduced,hist_gradient,development|ETH/USDT|2023-12-01T03:00:00+00:00,0.35283026912955884
3,return_above_0_5_percent,B_reduced,hist_gradient,development|BTC/USDT|2023-12-01T10:00:00+00:00,0.19623345399382577
3,return_above_0_5_percent,B_reduced,hist_gradient,development|ETH/USDT|2023-12-07T20:00:00+00:00,0.20198643574678377
3,return_above_0_5_percent,B_reduced,hist_gradient,development|BTC/USDT|2023-12-08T21:00:00+00:00,0.21273625343594754
3,return_above_0_5_percent,B_reduced,hist_gradient,development|BTC/USDT|2023-12-13T21:00:00+00:00,0.22989730516881424
3,return_above_0_5_percent,B_reduced,hist_gradient,development|ETH/USDT|2023-12-14T01:00:00+00:00,0.5089995510511994
3,return_above_0_5_percent,B_reduced,hist_gradient,development|BTC/USDT|2023-12-19T03:00:00+00:00,0.14478136903142663
3,return_above_0_5_percent,B_reduced,hist_gradient,development|ETH/USDT|2023-12-19T08:00:00+00:00,0.24458916615005571
3,return_above_0_5_percent,B_reduced,hist_gradient,development|ETH/USDT|2023-12-20T17:00:00+00:00,0.4970956203885716
3,return_above_0_5_percent,B_reduced,hist_gradient,development|BTC/USDT|2023-12-24T05:00:00+00:00,0.2032679313047156
3,return_above_0_5_percent,B_reduced,hist_gradient,development|ETH/USDT|2023-12-24T18:00:00+00:00,0.13540264259821694
3,return_above_0_5_percent,B_reduced,hist_gradient,development|BTC/USDT|2023-12-26T05:00:00+00:00,0.3112528539944296
3,return_above_0_5_percent,B_reduced,hist_gradient,development|ETH/USDT|2023-12-27T17:00:00+00:00,0.12488760896580735
3,return_above_0_5_percent,B_reduced,hist_gradient,development|BTC/USDT|2023-12-27T22:00:00+00:00,0.3559368310837016
3,return_above_0_5_percent,B_reduced,hist_gradient,development|BTC/USDT|2023-12-31T07:00:00+00:00,0.16968272355089273
3,return_above_0_5_percent,C_price,dummy,development|BTC/USDT|2023-10-04T22:00:00+00:00,0.23255813953488372
3,return_above_0_5_percent,C_price,dummy,development|BTC/USDT|2023-10-06T20:00:00+00:00,0.23255813953488372
3,return_above_0_5_percent,C_price,dummy,development|ETH/USDT|2023-10-06T22:00:00+00:00,0.23255813953488372
3,return_above_0_5_percent,C_price,dummy,development|BTC/USDT|2023-10-13T15:00:00+00:00,0.23255813953488372
3,return_above_0_5_percent,C_price,dummy,development|ETH/USDT|2023-10-14T01:00:00+00:00,0.23255813953488372
3,return_above_0_5_percent,C_price,dummy,development|BTC/USDT|2023-10-15T16:00:00+00:00,0.23255813953488372
3,return_above_0_5_percent,C_price,dummy,development|BTC/USDT|2023-10-19T19:00:00+00:00,0.23255813953488372
3,return_above_0_5_percent,C_price,dummy,development|ETH/USDT|2023-10-20T06:00:00+00:00,0.23255813953488372
3,return_above_0_5_percent,C_price,dummy,development|ETH/USDT|2023-10-26T08:00:00+00:00,0.23255813953488372
3,return_above_0_5_percent,C_price,dummy,development|BTC/USDT|2023-10-28T16:00:00+00:00,0.23255813953488372
3,return_above_0_5_percent,C_price,dummy,development|ETH/USDT|2023-10-28T16:00:00+00:00,0.23255813953488372
3,return_above_0_5_percent,C_price,dummy,development|ETH/USDT|2023-10-29T16:00:00+00:00,0.23255813953488372
3,return_above_0_5_percent,C_price,dummy,development|ETH/USDT|2023-11-01T01:00:00+00:00,0.23255813953488372
3,return_above_0_5_percent,C_price,dummy,development|BTC/USDT|2023-11-01T03:00:00+00:00,0.23255813953488372
3,return_above_0_5_percent,C_price,dummy,development|ETH/USDT|2023-11-04T05:00:00+00:00,0.23255813953488372
3,return_above_0_5_percent,C_price,dummy,development|BTC/USDT|2023-11-04T14:00:00+00:00,0.23255813953488372
3,return_above_0_5_percent,C_price,dummy,development|BTC/USDT|2023-11-06T10:00:00+00:00,0.23255813953488372
3,return_above_0_5_percent,C_price,dummy,development|BTC/USDT|2023-11-08T01:00:00+00:00,0.23255813953488372
3,return_above_0_5_percent,C_price,dummy,development|ETH/USDT|2023-11-08T20:00:00+00:00,0.23255813953488372
3,return_above_0_5_percent,C_price,dummy,development|BTC/USDT|2023-11-12T23:00:00+00:00,0.23255813953488372
3,return_above_0_5_percent,C_price,dummy,development|ETH/USDT|2023-11-13T16:00:00+00:00,0.23255813953488372
3,return_above_0_5_percent,C_price,dummy,development|BTC/USDT|2023-11-15T22:00:00+00:00,0.23255813953488372
3,return_above_0_5_percent,C_price,dummy,development|ETH/USDT|2023-11-16T02:00:00+00:00,0.23255813953488372
3,return_above_0_5_percent,C_price,dummy,development|BTC/USDT|2023-11-18T13:00:00+00:00,0.23255813953488372
3,return_above_0_5_percent,C_price,dummy,development|ETH/USDT|2023-11-19T05:00:00+00:00,0.23255813953488372
3,return_above_0_5_percent,C_price,dummy,development|ETH/USDT|2023-11-22T20:00:00+00:00,0.23255813953488372
3,return_above_0_5_percent,C_price,dummy,development|BTC/USDT|2023-11-23T03:00:00+00:00,0.23255813953488372
3,return_above_0_5_percent,C_price,dummy,development|BTC/USDT|2023-11-28T18:00:00+00:00,0.23255813953488372
3,return_above_0_5_percent,C_price,dummy,development|ETH/USDT|2023-11-28T23:00:00+00:00,0.23255813953488372
3,return_above_0_5_percent,C_price,dummy,development|ETH/USDT|2023-12-01T03:00:00+00:00,0.23255813953488372
3,return_above_0_5_percent,C_price,dummy,development|BTC/USDT|2023-12-01T10:00:00+00:00,0.23255813953488372
3,return_above_0_5_percent,C_price,dummy,development|ETH/USDT|2023-12-07T20:00:00+00:00,0.23255813953488372
3,return_above_0_5_percent,C_price,dummy,development|BTC/USDT|2023-12-08T21:00:00+00:00,0.23255813953488372
3,return_above_0_5_percent,C_price,dummy,development|BTC/USDT|2023-12-13T21:00:00+00:00,0.23255813953488372
3,return_above_0_5_percent,C_price,dummy,development|ETH/USDT|2023-12-14T01:00:00+00:00,0.23255813953488372
3,return_above_0_5_percent,C_price,dummy,development|BTC/USDT|2023-12-19T03:00:00+00:00,0.23255813953488372
3,return_above_0_5_percent,C_price,dummy,development|ETH/USDT|2023-12-19T08:00:00+00:00,0.23255813953488372
3,return_above_0_5_percent,C_price,dummy,development|ETH/USDT|2023-12-20T17:00:00+00:00,0.23255813953488372
3,return_above_0_5_percent,C_price,dummy,development|BTC/USDT|2023-12-24T05:00:00+00:00,0.23255813953488372
3,return_above_0_5_percent,C_price,dummy,development|ETH/USDT|2023-12-24T18:00:00+00:00,0.23255813953488372
3,return_above_0_5_percent,C_price,dummy,development|BTC/USDT|2023-12-26T05:00:00+00:00,0.23255813953488372
3,return_above_0_5_percent,C_price,dummy,development|ETH/USDT|2023-12-27T17:00:00+00:00,0.23255813953488372
3,return_above_0_5_percent,C_price,dummy,development|BTC/USDT|2023-12-27T22:00:00+00:00,0.23255813953488372
3,return_above_0_5_percent,C_price,dummy,development|BTC/USDT|2023-12-31T07:00:00+00:00,0.23255813953488372
3,return_above_0_5_percent,C_price,logistic,development|BTC/USDT|2023-10-04T22:00:00+00:00,0.24975226164051872
3,return_above_0_5_percent,C_price,logistic,development|BTC/USDT|2023-10-06T20:00:00+00:00,0.1544223357556938
3,return_above_0_5_percent,C_price,logistic,development|ETH/USDT|2023-10-06T22:00:00+00:00,0.3732453371388498
3,return_above_0_5_percent,C_price,logistic,development|BTC/USDT|2023-10-13T15:00:00+00:00,0.18567548325192515
3,return_above_0_5_percent,C_price,logistic,development|ETH/USDT|2023-10-14T01:00:00+00:00,0.286224934514176
3,return_above_0_5_percent,C_price,logistic,development|BTC/USDT|2023-10-15T16:00:00+00:00,0.10088889736925037
3,return_above_0_5_percent,C_price,logistic,development|BTC/USDT|2023-10-19T19:00:00+00:00,0.14420812145746453
3,return_above_0_5_percent,C_price,logistic,development|ETH/USDT|2023-10-20T06:00:00+00:00,0.4595496102724618
3,return_above_0_5_percent,C_price,logistic,development|ETH/USDT|2023-10-26T08:00:00+00:00,0.08835753441714803
3,return_above_0_5_percent,C_price,logistic,development|BTC/USDT|2023-10-28T16:00:00+00:00,0.3161926941174018
3,return_above_0_5_percent,C_price,logistic,development|ETH/USDT|2023-10-28T16:00:00+00:00,0.1464878764635129
3,return_above_0_5_percent,C_price,logistic,development|ETH/USDT|2023-10-29T16:00:00+00:00,0.13410828256273455
3,return_above_0_5_percent,C_price,logistic,development|ETH/USDT|2023-11-01T01:00:00+00:00,0.1356565448780319
3,return_above_0_5_percent,C_price,logistic,development|BTC/USDT|2023-11-01T03:00:00+00:00,0.10073964542593916
3,return_above_0_5_percent,C_price,logistic,development|ETH/USDT|2023-11-04T05:00:00+00:00,0.16467798353476468
3,return_above_0_5_percent,C_price,logistic,development|BTC/USDT|2023-11-04T14:00:00+00:00,0.19314469269677612
3,return_above_0_5_percent,C_price,logistic,development|BTC/USDT|2023-11-06T10:00:00+00:00,0.055608397348382944
3,return_above_0_5_percent,C_price,logistic,development|BTC/USDT|2023-11-08T01:00:00+00:00,0.17295193668444483
3,return_above_0_5_percent,C_price,logistic,development|ETH/USDT|2023-11-08T20:00:00+00:00,0.1783358744694382
3,return_above_0_5_percent,C_price,logistic,development|BTC/USDT|2023-11-12T23:00:00+00:00,0.25772835167437746
3,return_above_0_5_percent,C_price,logistic,development|ETH/USDT|2023-11-13T16:00:00+00:00,0.10150000451374501
3,return_above_0_5_percent,C_price,logistic,development|BTC/USDT|2023-11-15T22:00:00+00:00,0.4618158968392861
3,return_above_0_5_percent,C_price,logistic,development|ETH/USDT|2023-11-16T02:00:00+00:00,0.38374770046957435
3,return_above_0_5_percent,C_price,logistic,development|BTC/USDT|2023-11-18T13:00:00+00:00,0.15171295730860407
3,return_above_0_5_percent,C_price,logistic,development|ETH/USDT|2023-11-19T05:00:00+00:00,0.38412235598033845
3,return_above_0_5_percent,C_price,logistic,development|ETH/USDT|2023-11-22T20:00:00+00:00,0.26103687237168677
3,return_above_0_5_percent,C_price,logistic,development|BTC/USDT|2023-11-23T03:00:00+00:00,0.24400154117074546
3,return_above_0_5_percent,C_price,logistic,development|BTC/USDT|2023-11-28T18:00:00+00:00,0.20904317514502105
3,return_above_0_5_percent,C_price,logistic,development|ETH/USDT|2023-11-28T23:00:00+00:00,0.2546319977206243
3,return_above_0_5_percent,C_price,logistic,development|ETH/USDT|2023-12-01T03:00:00+00:00,0.273367028180197
3,return_above_0_5_percent,C_price,logistic,development|BTC/USDT|2023-12-01T10:00:00+00:00,0.1060712788053484
3,return_above_0_5_percent,C_price,logistic,development|ETH/USDT|2023-12-07T20:00:00+00:00,0.27441398205379713
3,return_above_0_5_percent,C_price,logistic,development|BTC/USDT|2023-12-08T21:00:00+00:00,0.10534250910426182
3,return_above_0_5_percent,C_price,logistic,development|BTC/USDT|2023-12-13T21:00:00+00:00,0.2760423504523357
3,return_above_0_5_percent,C_price,logistic,development|ETH/USDT|2023-12-14T01:00:00+00:00,0.4034435396863148
3,return_above_0_5_percent,C_price,logistic,development|BTC/USDT|2023-12-19T03:00:00+00:00,0.34764492484980386
3,return_above_0_5_percent,C_price,logistic,development|ETH/USDT|2023-12-19T08:00:00+00:00,0.2458171494364867
3,return_above_0_5_percent,C_price,logistic,development|ETH/USDT|2023-12-20T17:00:00+00:00,0.3246060369611986
3,return_above_0_5_percent,C_price,logistic,development|BTC/USDT|2023-12-24T05:00:00+00:00,0.22454101410620192
3,return_above_0_5_percent,C_price,logistic,development|ETH/USDT|2023-12-24T18:00:00+00:00,0.12794977991426387
3,return_above_0_5_percent,C_price,logistic,development|BTC/USDT|2023-12-26T05:00:00+00:00,0.28436618457630586
3,return_above_0_5_percent,C_price,logistic,development|ETH/USDT|2023-12-27T17:00:00+00:00,0.2754547603824185
3,return_above_0_5_percent,C_price,logistic,development|BTC/USDT|2023-12-27T22:00:00+00:00,0.2885321000779236
3,return_above_0_5_percent,C_price,logistic,development|BTC/USDT|2023-12-31T07:00:00+00:00,0.20363591754489846
3,return_above_0_5_percent,C_price,forest,development|BTC/USDT|2023-10-04T22:00:00+00:00,0.2787976188449772
3,return_above_0_5_percent,C_price,forest,development|BTC/USDT|2023-10-06T20:00:00+00:00,0.20051148565927096
3,return_above_0_5_percent,C_price,forest,development|ETH/USDT|2023-10-06T22:00:00+00:00,0.3825046974231381
3,return_above_0_5_percent,C_price,forest,development|BTC/USDT|2023-10-13T15:00:00+00:00,0.13261149819079146
3,return_above_0_5_percent,C_price,forest,development|ETH/USDT|2023-10-14T01:00:00+00:00,0.22735090125680654
3,return_above_0_5_percent,C_price,forest,development|BTC/USDT|2023-10-15T16:00:00+00:00,0.0825648552335802
3,return_above_0_5_percent,C_price,forest,development|BTC/USDT|2023-10-19T19:00:00+00:00,0.28529134841409415
3,return_above_0_5_percent,C_price,forest,development|ETH/USDT|2023-10-20T06:00:00+00:00,0.29905960149954347
3,return_above_0_5_percent,C_price,forest,development|ETH/USDT|2023-10-26T08:00:00+00:00,0.09377101228126067
3,return_above_0_5_percent,C_price,forest,development|BTC/USDT|2023-10-28T16:00:00+00:00,0.30783449167016363
3,return_above_0_5_percent,C_price,forest,development|ETH/USDT|2023-10-28T16:00:00+00:00,0.2575674547543889
3,return_above_0_5_percent,C_price,forest,development|ETH/USDT|2023-10-29T16:00:00+00:00,0.18961157061406467
3,return_above_0_5_percent,C_price,forest,development|ETH/USDT|2023-11-01T01:00:00+00:00,0.2572499914465685
3,return_above_0_5_percent,C_price,forest,development|BTC/USDT|2023-11-01T03:00:00+00:00,0.09966229467512733
3,return_above_0_5_percent,C_price,forest,development|ETH/USDT|2023-11-04T05:00:00+00:00,0.24828684278096852
3,return_above_0_5_percent,C_price,forest,development|BTC/USDT|2023-11-04T14:00:00+00:00,0.20099543615688023
3,return_above_0_5_percent,C_price,forest,development|BTC/USDT|2023-11-06T10:00:00+00:00,0.16035795730227917
3,return_above_0_5_percent,C_price,forest,development|BTC/USDT|2023-11-08T01:00:00+00:00,0.25854196430872795
3,return_above_0_5_percent,C_price,forest,development|ETH/USDT|2023-11-08T20:00:00+00:00,0.22982862266825385
3,return_above_0_5_percent,C_price,forest,development|BTC/USDT|2023-11-12T23:00:00+00:00,0.16907130291712594
3,return_above_0_5_percent,C_price,forest,development|ETH/USDT|2023-11-13T16:00:00+00:00,0.20197310026214896
3,return_above_0_5_percent,C_price,forest,development|BTC/USDT|2023-11-15T22:00:00+00:00,0.21472415985904938
3,return_above_0_5_percent,C_price,forest,development|ETH/USDT|2023-11-16T02:00:00+00:00,0.22348356904362965
3,return_above_0_5_percent,C_price,forest,development|BTC/USDT|2023-11-18T13:00:00+00:00,0.18544814999802012
3,return_above_0_5_percent,C_price,forest,development|ETH/USDT|2023-11-19T05:00:00+00:00,0.4041894751048394
3,return_above_0_5_percent,C_price,forest,development|ETH/USDT|2023-11-22T20:00:00+00:00,0.09295605794336113
3,return_above_0_5_percent,C_price,forest,development|BTC/USDT|2023-11-23T03:00:00+00:00,0.2988902769037589
3,return_above_0_5_percent,C_price,forest,development|BTC/USDT|2023-11-28T18:00:00+00:00,0.18334387525259038
3,return_above_0_5_percent,C_price,forest,development|ETH/USDT|2023-11-28T23:00:00+00:00,0.3147410636748813
3,return_above_0_5_percent,C_price,forest,development|ETH/USDT|2023-12-01T03:00:00+00:00,0.25489448793367747
3,return_above_0_5_percent,C_price,forest,development|BTC/USDT|2023-12-01T10:00:00+00:00,0.11908565608840974
3,return_above_0_5_percent,C_price,forest,development|ETH/USDT|2023-12-07T20:00:00+00:00,0.18107523139958143
3,return_above_0_5_percent,C_price,forest,development|BTC/USDT|2023-12-08T21:00:00+00:00,0.17197880401220134
3,return_above_0_5_percent,C_price,forest,development|BTC/USDT|2023-12-13T21:00:00+00:00,0.2389699247257196
3,return_above_0_5_percent,C_price,forest,development|ETH/USDT|2023-12-14T01:00:00+00:00,0.3957916490524546
3,return_above_0_5_percent,C_price,forest,development|BTC/USDT|2023-12-19T03:00:00+00:00,0.17897575917987532
3,return_above_0_5_percent,C_price,forest,development|ETH/USDT|2023-12-19T08:00:00+00:00,0.22339292437002553
3,return_above_0_5_percent,C_price,forest,development|ETH/USDT|2023-12-20T17:00:00+00:00,0.4145590870749492
3,return_above_0_5_percent,C_price,forest,development|BTC/USDT|2023-12-24T05:00:00+00:00,0.27774516149854667
3,return_above_0_5_percent,C_price,forest,development|ETH/USDT|2023-12-24T18:00:00+00:00,0.17138733114669527
3,return_above_0_5_percent,C_price,forest,development|BTC/USDT|2023-12-26T05:00:00+00:00,0.28542393320729786
3,return_above_0_5_percent,C_price,forest,development|ETH/USDT|2023-12-27T17:00:00+00:00,0.09202348218578538
3,return_above_0_5_percent,C_price,forest,development|BTC/USDT|2023-12-27T22:00:00+00:00,0.28835343353313553
3,return_above_0_5_percent,C_price,forest,development|BTC/USDT|2023-12-31T07:00:00+00:00,0.24134574739972003
3,return_above_0_5_percent,C_price,hist_gradient,development|BTC/USDT|2023-10-04T22:00:00+00:00,0.2601932076358978
3,return_above_0_5_percent,C_price,hist_gradient,development|BTC/USDT|2023-10-06T20:00:00+00:00,0.2778193793830662
3,return_above_0_5_percent,C_price,hist_gradient,development|ETH/USDT|2023-10-06T22:00:00+00:00,0.3757766001783756
3,return_above_0_5_percent,C_price,hist_gradient,development|BTC/USDT|2023-10-13T15:00:00+00:00,0.12204886481370325
3,return_above_0_5_percent,C_price,hist_gradient,development|ETH/USDT|2023-10-14T01:00:00+00:00,0.23299949336261605
3,return_above_0_5_percent,C_price,hist_gradient,development|BTC/USDT|2023-10-15T16:00:00+00:00,0.11312660110706209
3,return_above_0_5_percent,C_price,hist_gradient,development|BTC/USDT|2023-10-19T19:00:00+00:00,0.1997196462055738
3,return_above_0_5_percent,C_price,hist_gradient,development|ETH/USDT|2023-10-20T06:00:00+00:00,0.3506767758460766
3,return_above_0_5_percent,C_price,hist_gradient,development|ETH/USDT|2023-10-26T08:00:00+00:00,0.11729278266309606
3,return_above_0_5_percent,C_price,hist_gradient,development|BTC/USDT|2023-10-28T16:00:00+00:00,0.22340056833324654
3,return_above_0_5_percent,C_price,hist_gradient,development|ETH/USDT|2023-10-28T16:00:00+00:00,0.15052348729556353
3,return_above_0_5_percent,C_price,hist_gradient,development|ETH/USDT|2023-10-29T16:00:00+00:00,0.18020947223414296
3,return_above_0_5_percent,C_price,hist_gradient,development|ETH/USDT|2023-11-01T01:00:00+00:00,0.1925502222882942
3,return_above_0_5_percent,C_price,hist_gradient,development|BTC/USDT|2023-11-01T03:00:00+00:00,0.14067940404867577
3,return_above_0_5_percent,C_price,hist_gradient,development|ETH/USDT|2023-11-04T05:00:00+00:00,0.34735307336725363
3,return_above_0_5_percent,C_price,hist_gradient,development|BTC/USDT|2023-11-04T14:00:00+00:00,0.1520128632834857
3,return_above_0_5_percent,C_price,hist_gradient,development|BTC/USDT|2023-11-06T10:00:00+00:00,0.14645610910429638
3,return_above_0_5_percent,C_price,hist_gradient,development|BTC/USDT|2023-11-08T01:00:00+00:00,0.2449988260657131
3,return_above_0_5_percent,C_price,hist_gradient,development|ETH/USDT|2023-11-08T20:00:00+00:00,0.2155633395609027
3,return_above_0_5_percent,C_price,hist_gradient,development|BTC/USDT|2023-11-12T23:00:00+00:00,0.23114287739698697
3,return_above_0_5_percent,C_price,hist_gradient,development|ETH/USDT|2023-11-13T16:00:00+00:00,0.17223365575470517
3,return_above_0_5_percent,C_price,hist_gradient,development|BTC/USDT|2023-11-15T22:00:00+00:00,0.19352034102925442
3,return_above_0_5_percent,C_price,hist_gradient,development|ETH/USDT|2023-11-16T02:00:00+00:00,0.23903410761860175
3,return_above_0_5_percent,C_price,hist_gradient,development|BTC/USDT|2023-11-18T13:00:00+00:00,0.09624390068734259
3,return_above_0_5_percent,C_price,hist_gradient,development|ETH/USDT|2023-11-19T05:00:00+00:00,0.352559630724925
3,return_above_0_5_percent,C_price,hist_gradient,development|ETH/USDT|2023-11-22T20:00:00+00:00,0.117665799715516
3,return_above_0_5_percent,C_price,hist_gradient,development|BTC/USDT|2023-11-23T03:00:00+00:00,0.3306718303459613
3,return_above_0_5_percent,C_price,hist_gradient,development|BTC/USDT|2023-11-28T18:00:00+00:00,0.17274720316909678
3,return_above_0_5_percent,C_price,hist_gradient,development|ETH/USDT|2023-11-28T23:00:00+00:00,0.227480824970003
3,return_above_0_5_percent,C_price,hist_gradient,development|ETH/USDT|2023-12-01T03:00:00+00:00,0.28932338988280937
3,return_above_0_5_percent,C_price,hist_gradient,development|BTC/USDT|2023-12-01T10:00:00+00:00,0.15730876987103432
3,return_above_0_5_percent,C_price,hist_gradient,development|ETH/USDT|2023-12-07T20:00:00+00:00,0.17455698766017827
3,return_above_0_5_percent,C_price,hist_gradient,development|BTC/USDT|2023-12-08T21:00:00+00:00,0.17223365575470517
3,return_above_0_5_percent,C_price,hist_gradient,development|BTC/USDT|2023-12-13T21:00:00+00:00,0.24456263844450796
3,return_above_0_5_percent,C_price,hist_gradient,development|ETH/USDT|2023-12-14T01:00:00+00:00,0.41926868347670415
3,return_above_0_5_percent,C_price,hist_gradient,development|BTC/USDT|2023-12-19T03:00:00+00:00,0.16497682608772463
3,return_above_0_5_percent,C_price,hist_gradient,development|ETH/USDT|2023-12-19T08:00:00+00:00,0.2577579137699196
3,return_above_0_5_percent,C_price,hist_gradient,development|ETH/USDT|2023-12-20T17:00:00+00:00,0.5160875575933869
3,return_above_0_5_percent,C_price,hist_gradient,development|BTC/USDT|2023-12-24T05:00:00+00:00,0.3162625970719651
3,return_above_0_5_percent,C_price,hist_gradient,development|ETH/USDT|2023-12-24T18:00:00+00:00,0.1451277869945407
3,return_above_0_5_percent,C_price,hist_gradient,development|BTC/USDT|2023-12-26T05:00:00+00:00,0.3509617708082528
3,return_above_0_5_percent,C_price,hist_gradient,development|ETH/USDT|2023-12-27T17:00:00+00:00,0.13027358481719337
3,return_above_0_5_percent,C_price,hist_gradient,development|BTC/USDT|2023-12-27T22:00:00+00:00,0.3755185995758978
3,return_above_0_5_percent,C_price,hist_gradient,development|BTC/USDT|2023-12-31T07:00:00+00:00,0.15914518551699597
3,return_above_0_5_percent,D_price_volatility,dummy,development|BTC/USDT|2023-10-04T22:00:00+00:00,0.23255813953488372
3,return_above_0_5_percent,D_price_volatility,dummy,development|BTC/USDT|2023-10-06T20:00:00+00:00,0.23255813953488372
3,return_above_0_5_percent,D_price_volatility,dummy,development|ETH/USDT|2023-10-06T22:00:00+00:00,0.23255813953488372
3,return_above_0_5_percent,D_price_volatility,dummy,development|BTC/USDT|2023-10-13T15:00:00+00:00,0.23255813953488372
3,return_above_0_5_percent,D_price_volatility,dummy,development|ETH/USDT|2023-10-14T01:00:00+00:00,0.23255813953488372
3,return_above_0_5_percent,D_price_volatility,dummy,development|BTC/USDT|2023-10-15T16:00:00+00:00,0.23255813953488372
3,return_above_0_5_percent,D_price_volatility,dummy,development|BTC/USDT|2023-10-19T19:00:00+00:00,0.23255813953488372
3,return_above_0_5_percent,D_price_volatility,dummy,development|ETH/USDT|2023-10-20T06:00:00+00:00,0.23255813953488372
3,return_above_0_5_percent,D_price_volatility,dummy,development|ETH/USDT|2023-10-26T08:00:00+00:00,0.23255813953488372
3,return_above_0_5_percent,D_price_volatility,dummy,development|BTC/USDT|2023-10-28T16:00:00+00:00,0.23255813953488372
3,return_above_0_5_percent,D_price_volatility,dummy,development|ETH/USDT|2023-10-28T16:00:00+00:00,0.23255813953488372
3,return_above_0_5_percent,D_price_volatility,dummy,development|ETH/USDT|2023-10-29T16:00:00+00:00,0.23255813953488372
3,return_above_0_5_percent,D_price_volatility,dummy,development|ETH/USDT|2023-11-01T01:00:00+00:00,0.23255813953488372
3,return_above_0_5_percent,D_price_volatility,dummy,development|BTC/USDT|2023-11-01T03:00:00+00:00,0.23255813953488372
3,return_above_0_5_percent,D_price_volatility,dummy,development|ETH/USDT|2023-11-04T05:00:00+00:00,0.23255813953488372
3,return_above_0_5_percent,D_price_volatility,dummy,development|BTC/USDT|2023-11-04T14:00:00+00:00,0.23255813953488372
3,return_above_0_5_percent,D_price_volatility,dummy,development|BTC/USDT|2023-11-06T10:00:00+00:00,0.23255813953488372
3,return_above_0_5_percent,D_price_volatility,dummy,development|BTC/USDT|2023-11-08T01:00:00+00:00,0.23255813953488372
3,return_above_0_5_percent,D_price_volatility,dummy,development|ETH/USDT|2023-11-08T20:00:00+00:00,0.23255813953488372
3,return_above_0_5_percent,D_price_volatility,dummy,development|BTC/USDT|2023-11-12T23:00:00+00:00,0.23255813953488372
3,return_above_0_5_percent,D_price_volatility,dummy,development|ETH/USDT|2023-11-13T16:00:00+00:00,0.23255813953488372
3,return_above_0_5_percent,D_price_volatility,dummy,development|BTC/USDT|2023-11-15T22:00:00+00:00,0.23255813953488372
3,return_above_0_5_percent,D_price_volatility,dummy,development|ETH/USDT|2023-11-16T02:00:00+00:00,0.23255813953488372
3,return_above_0_5_percent,D_price_volatility,dummy,development|BTC/USDT|2023-11-18T13:00:00+00:00,0.23255813953488372
3,return_above_0_5_percent,D_price_volatility,dummy,development|ETH/USDT|2023-11-19T05:00:00+00:00,0.23255813953488372
3,return_above_0_5_percent,D_price_volatility,dummy,development|ETH/USDT|2023-11-22T20:00:00+00:00,0.23255813953488372
3,return_above_0_5_percent,D_price_volatility,dummy,development|BTC/USDT|2023-11-23T03:00:00+00:00,0.23255813953488372
3,return_above_0_5_percent,D_price_volatility,dummy,development|BTC/USDT|2023-11-28T18:00:00+00:00,0.23255813953488372
3,return_above_0_5_percent,D_price_volatility,dummy,development|ETH/USDT|2023-11-28T23:00:00+00:00,0.23255813953488372
3,return_above_0_5_percent,D_price_volatility,dummy,development|ETH/USDT|2023-12-01T03:00:00+00:00,0.23255813953488372
3,return_above_0_5_percent,D_price_volatility,dummy,development|BTC/USDT|2023-12-01T10:00:00+00:00,0.23255813953488372
3,return_above_0_5_percent,D_price_volatility,dummy,development|ETH/USDT|2023-12-07T20:00:00+00:00,0.23255813953488372
3,return_above_0_5_percent,D_price_volatility,dummy,development|BTC/USDT|2023-12-08T21:00:00+00:00,0.23255813953488372
3,return_above_0_5_percent,D_price_volatility,dummy,development|BTC/USDT|2023-12-13T21:00:00+00:00,0.23255813953488372
3,return_above_0_5_percent,D_price_volatility,dummy,development|ETH/USDT|2023-12-14T01:00:00+00:00,0.23255813953488372
3,return_above_0_5_percent,D_price_volatility,dummy,development|BTC/USDT|2023-12-19T03:00:00+00:00,0.23255813953488372
3,return_above_0_5_percent,D_price_volatility,dummy,development|ETH/USDT|2023-12-19T08:00:00+00:00,0.23255813953488372
3,return_above_0_5_percent,D_price_volatility,dummy,development|ETH/USDT|2023-12-20T17:00:00+00:00,0.23255813953488372
3,return_above_0_5_percent,D_price_volatility,dummy,development|BTC/USDT|2023-12-24T05:00:00+00:00,0.23255813953488372
3,return_above_0_5_percent,D_price_volatility,dummy,development|ETH/USDT|2023-12-24T18:00:00+00:00,0.23255813953488372
3,return_above_0_5_percent,D_price_volatility,dummy,development|BTC/USDT|2023-12-26T05:00:00+00:00,0.23255813953488372
3,return_above_0_5_percent,D_price_volatility,dummy,development|ETH/USDT|2023-12-27T17:00:00+00:00,0.23255813953488372
3,return_above_0_5_percent,D_price_volatility,dummy,development|BTC/USDT|2023-12-27T22:00:00+00:00,0.23255813953488372
3,return_above_0_5_percent,D_price_volatility,dummy,development|BTC/USDT|2023-12-31T07:00:00+00:00,0.23255813953488372
3,return_above_0_5_percent,D_price_volatility,logistic,development|BTC/USDT|2023-10-04T22:00:00+00:00,0.2976612144618833
3,return_above_0_5_percent,D_price_volatility,logistic,development|BTC/USDT|2023-10-06T20:00:00+00:00,0.23882341640187008
3,return_above_0_5_percent,D_price_volatility,logistic,development|ETH/USDT|2023-10-06T22:00:00+00:00,0.41508683503734045
3,return_above_0_5_percent,D_price_volatility,logistic,development|BTC/USDT|2023-10-13T15:00:00+00:00,0.18991957384465974
3,return_above_0_5_percent,D_price_volatility,logistic,development|ETH/USDT|2023-10-14T01:00:00+00:00,0.3348451194477217
3,return_above_0_5_percent,D_price_volatility,logistic,development|BTC/USDT|2023-10-15T16:00:00+00:00,0.09155591312304771
3,return_above_0_5_percent,D_price_volatility,logistic,development|BTC/USDT|2023-10-19T19:00:00+00:00,0.1712110908898913
3,return_above_0_5_percent,D_price_volatility,logistic,development|ETH/USDT|2023-10-20T06:00:00+00:00,0.4820726537291716
3,return_above_0_5_percent,D_price_volatility,logistic,development|ETH/USDT|2023-10-26T08:00:00+00:00,0.10211849915748963
3,return_above_0_5_percent,D_price_volatility,logistic,development|BTC/USDT|2023-10-28T16:00:00+00:00,0.24826676588681684
3,return_above_0_5_percent,D_price_volatility,logistic,development|ETH/USDT|2023-10-28T16:00:00+00:00,0.13836263264725218
3,return_above_0_5_percent,D_price_volatility,logistic,development|ETH/USDT|2023-10-29T16:00:00+00:00,0.12363523827604905
3,return_above_0_5_percent,D_price_volatility,logistic,development|ETH/USDT|2023-11-01T01:00:00+00:00,0.20394157286741255
3,return_above_0_5_percent,D_price_volatility,logistic,development|BTC/USDT|2023-11-01T03:00:00+00:00,0.1214119321085343
3,return_above_0_5_percent,D_price_volatility,logistic,development|ETH/USDT|2023-11-04T05:00:00+00:00,0.18878460507559577
3,return_above_0_5_percent,D_price_volatility,logistic,development|BTC/USDT|2023-11-04T14:00:00+00:00,0.19444612368897476
3,return_above_0_5_percent,D_price_volatility,logistic,development|BTC/USDT|2023-11-06T10:00:00+00:00,0.0678044835898108
3,return_above_0_5_percent,D_price_volatility,logistic,development|BTC/USDT|2023-11-08T01:00:00+00:00,0.18359737545709845
3,return_above_0_5_percent,D_price_volatility,logistic,development|ETH/USDT|2023-11-08T20:00:00+00:00,0.21219395499366914
3,return_above_0_5_percent,D_price_volatility,logistic,development|BTC/USDT|2023-11-12T23:00:00+00:00,0.22085748351428514
3,return_above_0_5_percent,D_price_volatility,logistic,development|ETH/USDT|2023-11-13T16:00:00+00:00,0.14205970465388876
3,return_above_0_5_percent,D_price_volatility,logistic,development|BTC/USDT|2023-11-15T22:00:00+00:00,0.4530800573727705
3,return_above_0_5_percent,D_price_volatility,logistic,development|ETH/USDT|2023-11-16T02:00:00+00:00,0.4035471361003551
3,return_above_0_5_percent,D_price_volatility,logistic,development|BTC/USDT|2023-11-18T13:00:00+00:00,0.14392731153468502
3,return_above_0_5_percent,D_price_volatility,logistic,development|ETH/USDT|2023-11-19T05:00:00+00:00,0.36205543745273466
3,return_above_0_5_percent,D_price_volatility,logistic,development|ETH/USDT|2023-11-22T20:00:00+00:00,0.2929472807125174
3,return_above_0_5_percent,D_price_volatility,logistic,development|BTC/USDT|2023-11-23T03:00:00+00:00,0.24827844042291236
3,return_above_0_5_percent,D_price_volatility,logistic,development|BTC/USDT|2023-11-28T18:00:00+00:00,0.1983693416470282
3,return_above_0_5_percent,D_price_volatility,logistic,development|ETH/USDT|2023-11-28T23:00:00+00:00,0.2743195917382604
3,return_above_0_5_percent,D_price_volatility,logistic,development|ETH/USDT|2023-12-01T03:00:00+00:00,0.2632019606272477
3,return_above_0_5_percent,D_price_volatility,logistic,development|BTC/USDT|2023-12-01T10:00:00+00:00,0.0967653801218143
3,return_above_0_5_percent,D_price_volatility,logistic,development|ETH/USDT|2023-12-07T20:00:00+00:00,0.301017915220078
3,return_above_0_5_percent,D_price_volatility,logistic,development|BTC/USDT|2023-12-08T21:00:00+00:00,0.09877813997526295
3,return_above_0_5_percent,D_price_volatility,logistic,development|BTC/USDT|2023-12-13T21:00:00+00:00,0.29440918684414524
3,return_above_0_5_percent,D_price_volatility,logistic,development|ETH/USDT|2023-12-14T01:00:00+00:00,0.396572042006749
3,return_above_0_5_percent,D_price_volatility,logistic,development|BTC/USDT|2023-12-19T03:00:00+00:00,0.30930193364715386
3,return_above_0_5_percent,D_price_volatility,logistic,development|ETH/USDT|2023-12-19T08:00:00+00:00,0.2318469521711728
3,return_above_0_5_percent,D_price_volatility,logistic,development|ETH/USDT|2023-12-20T17:00:00+00:00,0.37882402827969264
3,return_above_0_5_percent,D_price_volatility,logistic,development|BTC/USDT|2023-12-24T05:00:00+00:00,0.18290622725840464
3,return_above_0_5_percent,D_price_volatility,logistic,development|ETH/USDT|2023-12-24T18:00:00+00:00,0.12168889643791965
3,return_above_0_5_percent,D_price_volatility,logistic,development|BTC/USDT|2023-12-26T05:00:00+00:00,0.25594059122191204
3,return_above_0_5_percent,D_price_volatility,logistic,development|ETH/USDT|2023-12-27T17:00:00+00:00,0.2269070395240236
3,return_above_0_5_percent,D_price_volatility,logistic,development|BTC/USDT|2023-12-27T22:00:00+00:00,0.3148264859389068
3,return_above_0_5_percent,D_price_volatility,logistic,development|BTC/USDT|2023-12-31T07:00:00+00:00,0.19712851396492698
3,return_above_0_5_percent,D_price_volatility,forest,development|BTC/USDT|2023-10-04T22:00:00+00:00,0.3128910390923208
3,return_above_0_5_percent,D_price_volatility,forest,development|BTC/USDT|2023-10-06T20:00:00+00:00,0.20389730240278722
3,return_above_0_5_percent,D_price_volatility,forest,development|ETH/USDT|2023-10-06T22:00:00+00:00,0.37129908544056006
3,return_above_0_5_percent,D_price_volatility,forest,development|BTC/USDT|2023-10-13T15:00:00+00:00,0.1530093892526673
3,return_above_0_5_percent,D_price_volatility,forest,development|ETH/USDT|2023-10-14T01:00:00+00:00,0.2982167825987755
3,return_above_0_5_percent,D_price_volatility,forest,development|BTC/USDT|2023-10-15T16:00:00+00:00,0.07091962593579056
3,return_above_0_5_percent,D_price_volatility,forest,development|BTC/USDT|2023-10-19T19:00:00+00:00,0.28924546870950585
3,return_above_0_5_percent,D_price_volatility,forest,development|ETH/USDT|2023-10-20T06:00:00+00:00,0.3440882232221305
3,return_above_0_5_percent,D_price_volatility,forest,development|ETH/USDT|2023-10-26T08:00:00+00:00,0.1159379816970573
3,return_above_0_5_percent,D_price_volatility,forest,development|BTC/USDT|2023-10-28T16:00:00+00:00,0.28299341359376645
3,return_above_0_5_percent,D_price_volatility,forest,development|ETH/USDT|2023-10-28T16:00:00+00:00,0.22614276983413423
3,return_above_0_5_percent,D_price_volatility,forest,development|ETH/USDT|2023-10-29T16:00:00+00:00,0.17668418665407135
3,return_above_0_5_percent,D_price_volatility,forest,development|ETH/USDT|2023-11-01T01:00:00+00:00,0.28828225367901844
3,return_above_0_5_percent,D_price_volatility,forest,development|BTC/USDT|2023-11-01T03:00:00+00:00,0.16758736096142063
3,return_above_0_5_percent,D_price_volatility,forest,development|ETH/USDT|2023-11-04T05:00:00+00:00,0.2970796569293182
3,return_above_0_5_percent,D_price_volatility,forest,development|BTC/USDT|2023-11-04T14:00:00+00:00,0.18995464509281665
3,return_above_0_5_percent,D_price_volatility,forest,development|BTC/USDT|2023-11-06T10:00:00+00:00,0.15588447394293758
3,return_above_0_5_percent,D_price_volatility,forest,development|BTC/USDT|2023-11-08T01:00:00+00:00,0.2823232706987199
3,return_above_0_5_percent,D_price_volatility,forest,development|ETH/USDT|2023-11-08T20:00:00+00:00,0.2461081116119472
3,return_above_0_5_percent,D_price_volatility,forest,development|BTC/USDT|2023-11-12T23:00:00+00:00,0.20826343721368615
3,return_above_0_5_percent,D_price_volatility,forest,development|ETH/USDT|2023-11-13T16:00:00+00:00,0.1964001395463731
3,return_above_0_5_percent,D_price_volatility,forest,development|BTC/USDT|2023-11-15T22:00:00+00:00,0.20421671280728837
3,return_above_0_5_percent,D_price_volatility,forest,development|ETH/USDT|2023-11-16T02:00:00+00:00,0.2226504477196398
3,return_above_0_5_percent,D_price_volatility,forest,development|BTC/USDT|2023-11-18T13:00:00+00:00,0.15843301956440958
3,return_above_0_5_percent,D_price_volatility,forest,development|ETH/USDT|2023-11-19T05:00:00+00:00,0.3515251395904883
3,return_above_0_5_percent,D_price_volatility,forest,development|ETH/USDT|2023-11-22T20:00:00+00:00,0.105946608461899
3,return_above_0_5_percent,D_price_volatility,forest,development|BTC/USDT|2023-11-23T03:00:00+00:00,0.34322651825495293
3,return_above_0_5_percent,D_price_volatility,forest,development|BTC/USDT|2023-11-28T18:00:00+00:00,0.19401547348727147
3,return_above_0_5_percent,D_price_volatility,forest,development|ETH/USDT|2023-11-28T23:00:00+00:00,0.3382682232574094
3,return_above_0_5_percent,D_price_volatility,forest,development|ETH/USDT|2023-12-01T03:00:00+00:00,0.22886042617630312
3,return_above_0_5_percent,D_price_volatility,forest,development|BTC/USDT|2023-12-01T10:00:00+00:00,0.1355213897482399
3,return_above_0_5_percent,D_price_volatility,forest,development|ETH/USDT|2023-12-07T20:00:00+00:00,0.22045386730955532
3,return_above_0_5_percent,D_price_volatility,forest,development|BTC/USDT|2023-12-08T21:00:00+00:00,0.17663949788866648
3,return_above_0_5_percent,D_price_volatility,forest,development|BTC/USDT|2023-12-13T21:00:00+00:00,0.2460144396803357
3,return_above_0_5_percent,D_price_volatility,forest,development|ETH/USDT|2023-12-14T01:00:00+00:00,0.43845987063820446
3,return_above_0_5_percent,D_price_volatility,forest,development|BTC/USDT|2023-12-19T03:00:00+00:00,0.19438217235976304
3,return_above_0_5_percent,D_price_volatility,forest,development|ETH/USDT|2023-12-19T08:00:00+00:00,0.249018405851245
3,return_above_0_5_percent,D_price_volatility,forest,development|ETH/USDT|2023-12-20T17:00:00+00:00,0.44563216274785866
3,return_above_0_5_percent,D_price_volatility,forest,development|BTC/USDT|2023-12-24T05:00:00+00:00,0.2632411291295761
3,return_above_0_5_percent,D_price_volatility,forest,development|ETH/USDT|2023-12-24T18:00:00+00:00,0.12734042197295964
3,return_above_0_5_percent,D_price_volatility,forest,development|BTC/USDT|2023-12-26T05:00:00+00:00,0.29845960592164855
3,return_above_0_5_percent,D_price_volatility,forest,development|ETH/USDT|2023-12-27T17:00:00+00:00,0.09901516492438837
3,return_above_0_5_percent,D_price_volatility,forest,development|BTC/USDT|2023-12-27T22:00:00+00:00,0.3004572526833325
3,return_above_0_5_percent,D_price_volatility,forest,development|BTC/USDT|2023-12-31T07:00:00+00:00,0.23810543527692143
3,return_above_0_5_percent,D_price_volatility,hist_gradient,development|BTC/USDT|2023-10-04T22:00:00+00:00,0.307339919276149
3,return_above_0_5_percent,D_price_volatility,hist_gradient,development|BTC/USDT|2023-10-06T20:00:00+00:00,0.23053698720421484
3,return_above_0_5_percent,D_price_volatility,hist_gradient,development|ETH/USDT|2023-10-06T22:00:00+00:00,0.44838636928877934
3,return_above_0_5_percent,D_price_volatility,hist_gradient,development|BTC/USDT|2023-10-13T15:00:00+00:00,0.1639722659384323
3,return_above_0_5_percent,D_price_volatility,hist_gradient,development|ETH/USDT|2023-10-14T01:00:00+00:00,0.2610021246608789
3,return_above_0_5_percent,D_price_volatility,hist_gradient,development|BTC/USDT|2023-10-15T16:00:00+00:00,0.14549408516261705
3,return_above_0_5_percent,D_price_volatility,hist_gradient,development|BTC/USDT|2023-10-19T19:00:00+00:00,0.2648303840855978
3,return_above_0_5_percent,D_price_volatility,hist_gradient,development|ETH/USDT|2023-10-20T06:00:00+00:00,0.3880935661195771
3,return_above_0_5_percent,D_price_volatility,hist_gradient,development|ETH/USDT|2023-10-26T08:00:00+00:00,0.13021164240459512
3,return_above_0_5_percent,D_price_volatility,hist_gradient,development|BTC/USDT|2023-10-28T16:00:00+00:00,0.2525810345662611
3,return_above_0_5_percent,D_price_volatility,hist_gradient,development|ETH/USDT|2023-10-28T16:00:00+00:00,0.16940213301865967
3,return_above_0_5_percent,D_price_volatility,hist_gradient,development|ETH/USDT|2023-10-29T16:00:00+00:00,0.13329441394111985
3,return_above_0_5_percent,D_price_volatility,hist_gradient,development|ETH/USDT|2023-11-01T01:00:00+00:00,0.23773308022437184
3,return_above_0_5_percent,D_price_volatility,hist_gradient,development|BTC/USDT|2023-11-01T03:00:00+00:00,0.12296954668677969
3,return_above_0_5_percent,D_price_volatility,hist_gradient,development|ETH/USDT|2023-11-04T05:00:00+00:00,0.35649456174831445
3,return_above_0_5_percent,D_price_volatility,hist_gradient,development|BTC/USDT|2023-11-04T14:00:00+00:00,0.15947720204509577
3,return_above_0_5_percent,D_price_volatility,hist_gradient,development|BTC/USDT|2023-11-06T10:00:00+00:00,0.13170552129331586
3,return_above_0_5_percent,D_price_volatility,hist_gradient,development|BTC/USDT|2023-11-08T01:00:00+00:00,0.2537286874253333
3,return_above_0_5_percent,D_price_volatility,hist_gradient,development|ETH/USDT|2023-11-08T20:00:00+00:00,0.23735911083693118
3,return_above_0_5_percent,D_price_volatility,hist_gradient,development|BTC/USDT|2023-11-12T23:00:00+00:00,0.19543956089035558
3,return_above_0_5_percent,D_price_volatility,hist_gradient,development|ETH/USDT|2023-11-13T16:00:00+00:00,0.1816541926543808
3,return_above_0_5_percent,D_price_volatility,hist_gradient,development|BTC/USDT|2023-11-15T22:00:00+00:00,0.19045526997411613
3,return_above_0_5_percent,D_price_volatility,hist_gradient,development|ETH/USDT|2023-11-16T02:00:00+00:00,0.23337703625031558
3,return_above_0_5_percent,D_price_volatility,hist_gradient,development|BTC/USDT|2023-11-18T13:00:00+00:00,0.10900463624683955
3,return_above_0_5_percent,D_price_volatility,hist_gradient,development|ETH/USDT|2023-11-19T05:00:00+00:00,0.3661640028159437
3,return_above_0_5_percent,D_price_volatility,hist_gradient,development|ETH/USDT|2023-11-22T20:00:00+00:00,0.13021164240459512
3,return_above_0_5_percent,D_price_volatility,hist_gradient,development|BTC/USDT|2023-11-23T03:00:00+00:00,0.3664875113312213
3,return_above_0_5_percent,D_price_volatility,hist_gradient,development|BTC/USDT|2023-11-28T18:00:00+00:00,0.20244398921556672
3,return_above_0_5_percent,D_price_volatility,hist_gradient,development|ETH/USDT|2023-11-28T23:00:00+00:00,0.2104214480343244
3,return_above_0_5_percent,D_price_volatility,hist_gradient,development|ETH/USDT|2023-12-01T03:00:00+00:00,0.24349933703730314
3,return_above_0_5_percent,D_price_volatility,hist_gradient,development|BTC/USDT|2023-12-01T10:00:00+00:00,0.14648721091442146
3,return_above_0_5_percent,D_price_volatility,hist_gradient,development|ETH/USDT|2023-12-07T20:00:00+00:00,0.19051528095636816
3,return_above_0_5_percent,D_price_volatility,hist_gradient,development|BTC/USDT|2023-12-08T21:00:00+00:00,0.18983484748484034
3,return_above_0_5_percent,D_price_volatility,hist_gradient,development|BTC/USDT|2023-12-13T21:00:00+00:00,0.23963416340999713
3,return_above_0_5_percent,D_price_volatility,hist_gradient,development|ETH/USDT|2023-12-14T01:00:00+00:00,0.49536213300231074
3,return_above_0_5_percent,D_price_volatility,hist_gradient,development|BTC/USDT|2023-12-19T03:00:00+00:00,0.15988665972998967
3,return_above_0_5_percent,D_price_volatility,hist_gradient,development|ETH/USDT|2023-12-19T08:00:00+00:00,0.24333327667389137
3,return_above_0_5_percent,D_price_volatility,hist_gradient,development|ETH/USDT|2023-12-20T17:00:00+00:00,0.4146231599602657
3,return_above_0_5_percent,D_price_volatility,hist_gradient,development|BTC/USDT|2023-12-24T05:00:00+00:00,0.28389363134127615
3,return_above_0_5_percent,D_price_volatility,hist_gradient,development|ETH/USDT|2023-12-24T18:00:00+00:00,0.12624994105117332
3,return_above_0_5_percent,D_price_volatility,hist_gradient,development|BTC/USDT|2023-12-26T05:00:00+00:00,0.2634885878239098
3,return_above_0_5_percent,D_price_volatility,hist_gradient,development|ETH/USDT|2023-12-27T17:00:00+00:00,0.12736305734824954
3,return_above_0_5_percent,D_price_volatility,hist_gradient,development|BTC/USDT|2023-12-27T22:00:00+00:00,0.3745118227385293
3,return_above_0_5_percent,D_price_volatility,hist_gradient,development|BTC/USDT|2023-12-31T07:00:00+00:00,0.13060148040735994
3,return_above_0_5_percent,E_no_regime,dummy,development|BTC/USDT|2023-10-04T22:00:00+00:00,0.23255813953488372
3,return_above_0_5_percent,E_no_regime,dummy,development|BTC/USDT|2023-10-06T20:00:00+00:00,0.23255813953488372
3,return_above_0_5_percent,E_no_regime,dummy,development|ETH/USDT|2023-10-06T22:00:00+00:00,0.23255813953488372
3,return_above_0_5_percent,E_no_regime,dummy,development|BTC/USDT|2023-10-13T15:00:00+00:00,0.23255813953488372
3,return_above_0_5_percent,E_no_regime,dummy,development|ETH/USDT|2023-10-14T01:00:00+00:00,0.23255813953488372
3,return_above_0_5_percent,E_no_regime,dummy,development|BTC/USDT|2023-10-15T16:00:00+00:00,0.23255813953488372
3,return_above_0_5_percent,E_no_regime,dummy,development|BTC/USDT|2023-10-19T19:00:00+00:00,0.23255813953488372
3,return_above_0_5_percent,E_no_regime,dummy,development|ETH/USDT|2023-10-20T06:00:00+00:00,0.23255813953488372
3,return_above_0_5_percent,E_no_regime,dummy,development|ETH/USDT|2023-10-26T08:00:00+00:00,0.23255813953488372
3,return_above_0_5_percent,E_no_regime,dummy,development|BTC/USDT|2023-10-28T16:00:00+00:00,0.23255813953488372
3,return_above_0_5_percent,E_no_regime,dummy,development|ETH/USDT|2023-10-28T16:00:00+00:00,0.23255813953488372
3,return_above_0_5_percent,E_no_regime,dummy,development|ETH/USDT|2023-10-29T16:00:00+00:00,0.23255813953488372
3,return_above_0_5_percent,E_no_regime,dummy,development|ETH/USDT|2023-11-01T01:00:00+00:00,0.23255813953488372
3,return_above_0_5_percent,E_no_regime,dummy,development|BTC/USDT|2023-11-01T03:00:00+00:00,0.23255813953488372
3,return_above_0_5_percent,E_no_regime,dummy,development|ETH/USDT|2023-11-04T05:00:00+00:00,0.23255813953488372
3,return_above_0_5_percent,E_no_regime,dummy,development|BTC/USDT|2023-11-04T14:00:00+00:00,0.23255813953488372
3,return_above_0_5_percent,E_no_regime,dummy,development|BTC/USDT|2023-11-06T10:00:00+00:00,0.23255813953488372
3,return_above_0_5_percent,E_no_regime,dummy,development|BTC/USDT|2023-11-08T01:00:00+00:00,0.23255813953488372
3,return_above_0_5_percent,E_no_regime,dummy,development|ETH/USDT|2023-11-08T20:00:00+00:00,0.23255813953488372
3,return_above_0_5_percent,E_no_regime,dummy,development|BTC/USDT|2023-11-12T23:00:00+00:00,0.23255813953488372
3,return_above_0_5_percent,E_no_regime,dummy,development|ETH/USDT|2023-11-13T16:00:00+00:00,0.23255813953488372
3,return_above_0_5_percent,E_no_regime,dummy,development|BTC/USDT|2023-11-15T22:00:00+00:00,0.23255813953488372
3,return_above_0_5_percent,E_no_regime,dummy,development|ETH/USDT|2023-11-16T02:00:00+00:00,0.23255813953488372
3,return_above_0_5_percent,E_no_regime,dummy,development|BTC/USDT|2023-11-18T13:00:00+00:00,0.23255813953488372
3,return_above_0_5_percent,E_no_regime,dummy,development|ETH/USDT|2023-11-19T05:00:00+00:00,0.23255813953488372
3,return_above_0_5_percent,E_no_regime,dummy,development|ETH/USDT|2023-11-22T20:00:00+00:00,0.23255813953488372
3,return_above_0_5_percent,E_no_regime,dummy,development|BTC/USDT|2023-11-23T03:00:00+00:00,0.23255813953488372
3,return_above_0_5_percent,E_no_regime,dummy,development|BTC/USDT|2023-11-28T18:00:00+00:00,0.23255813953488372
3,return_above_0_5_percent,E_no_regime,dummy,development|ETH/USDT|2023-11-28T23:00:00+00:00,0.23255813953488372
3,return_above_0_5_percent,E_no_regime,dummy,development|ETH/USDT|2023-12-01T03:00:00+00:00,0.23255813953488372
3,return_above_0_5_percent,E_no_regime,dummy,development|BTC/USDT|2023-12-01T10:00:00+00:00,0.23255813953488372
3,return_above_0_5_percent,E_no_regime,dummy,development|ETH/USDT|2023-12-07T20:00:00+00:00,0.23255813953488372
3,return_above_0_5_percent,E_no_regime,dummy,development|BTC/USDT|2023-12-08T21:00:00+00:00,0.23255813953488372
3,return_above_0_5_percent,E_no_regime,dummy,development|BTC/USDT|2023-12-13T21:00:00+00:00,0.23255813953488372
3,return_above_0_5_percent,E_no_regime,dummy,development|ETH/USDT|2023-12-14T01:00:00+00:00,0.23255813953488372
3,return_above_0_5_percent,E_no_regime,dummy,development|BTC/USDT|2023-12-19T03:00:00+00:00,0.23255813953488372
3,return_above_0_5_percent,E_no_regime,dummy,development|ETH/USDT|2023-12-19T08:00:00+00:00,0.23255813953488372
3,return_above_0_5_percent,E_no_regime,dummy,development|ETH/USDT|2023-12-20T17:00:00+00:00,0.23255813953488372
3,return_above_0_5_percent,E_no_regime,dummy,development|BTC/USDT|2023-12-24T05:00:00+00:00,0.23255813953488372
3,return_above_0_5_percent,E_no_regime,dummy,development|ETH/USDT|2023-12-24T18:00:00+00:00,0.23255813953488372
3,return_above_0_5_percent,E_no_regime,dummy,development|BTC/USDT|2023-12-26T05:00:00+00:00,0.23255813953488372
3,return_above_0_5_percent,E_no_regime,dummy,development|ETH/USDT|2023-12-27T17:00:00+00:00,0.23255813953488372
3,return_above_0_5_percent,E_no_regime,dummy,development|BTC/USDT|2023-12-27T22:00:00+00:00,0.23255813953488372
3,return_above_0_5_percent,E_no_regime,dummy,development|BTC/USDT|2023-12-31T07:00:00+00:00,0.23255813953488372
3,return_above_0_5_percent,E_no_regime,logistic,development|BTC/USDT|2023-10-04T22:00:00+00:00,0.3194531198884422
3,return_above_0_5_percent,E_no_regime,logistic,development|BTC/USDT|2023-10-06T20:00:00+00:00,0.20528617509005978
3,return_above_0_5_percent,E_no_regime,logistic,development|ETH/USDT|2023-10-06T22:00:00+00:00,0.38278590995754125
3,return_above_0_5_percent,E_no_regime,logistic,development|BTC/USDT|2023-10-13T15:00:00+00:00,0.16798423071705523
3,return_above_0_5_percent,E_no_regime,logistic,development|ETH/USDT|2023-10-14T01:00:00+00:00,0.3049013755157054
3,return_above_0_5_percent,E_no_regime,logistic,development|BTC/USDT|2023-10-15T16:00:00+00:00,0.06698060893151679
3,return_above_0_5_percent,E_no_regime,logistic,development|BTC/USDT|2023-10-19T19:00:00+00:00,0.17753367392208458
3,return_above_0_5_percent,E_no_regime,logistic,development|ETH/USDT|2023-10-20T06:00:00+00:00,0.487709578112136
3,return_above_0_5_percent,E_no_regime,logistic,development|ETH/USDT|2023-10-26T08:00:00+00:00,0.08726568994349265
3,return_above_0_5_percent,E_no_regime,logistic,development|BTC/USDT|2023-10-28T16:00:00+00:00,0.22213141719943075
3,return_above_0_5_percent,E_no_regime,logistic,development|ETH/USDT|2023-10-28T16:00:00+00:00,0.11767504665901451
3,return_above_0_5_percent,E_no_regime,logistic,development|ETH/USDT|2023-10-29T16:00:00+00:00,0.10231327793417115
3,return_above_0_5_percent,E_no_regime,logistic,development|ETH/USDT|2023-11-01T01:00:00+00:00,0.24311464473379688
3,return_above_0_5_percent,E_no_regime,logistic,development|BTC/USDT|2023-11-01T03:00:00+00:00,0.13382791010262077
3,return_above_0_5_percent,E_no_regime,logistic,development|ETH/USDT|2023-11-04T05:00:00+00:00,0.1594411596956954
3,return_above_0_5_percent,E_no_regime,logistic,development|BTC/USDT|2023-11-04T14:00:00+00:00,0.15765941881276208
3,return_above_0_5_percent,E_no_regime,logistic,development|BTC/USDT|2023-11-06T10:00:00+00:00,0.07793704313104803
3,return_above_0_5_percent,E_no_regime,logistic,development|BTC/USDT|2023-11-08T01:00:00+00:00,0.21491646864396233
3,return_above_0_5_percent,E_no_regime,logistic,development|ETH/USDT|2023-11-08T20:00:00+00:00,0.22234647238296795
3,return_above_0_5_percent,E_no_regime,logistic,development|BTC/USDT|2023-11-12T23:00:00+00:00,0.1719778208253551
3,return_above_0_5_percent,E_no_regime,logistic,development|ETH/USDT|2023-11-13T16:00:00+00:00,0.16312583261691657
3,return_above_0_5_percent,E_no_regime,logistic,development|BTC/USDT|2023-11-15T22:00:00+00:00,0.39081111072046276
3,return_above_0_5_percent,E_no_regime,logistic,development|ETH/USDT|2023-11-16T02:00:00+00:00,0.3368863107581937
3,return_above_0_5_percent,E_no_regime,logistic,development|BTC/USDT|2023-11-18T13:00:00+00:00,0.1345729775652685
3,return_above_0_5_percent,E_no_regime,logistic,development|ETH/USDT|2023-11-19T05:00:00+00:00,0.331117097882368
3,return_above_0_5_percent,E_no_regime,logistic,development|ETH/USDT|2023-11-22T20:00:00+00:00,0.22702908443882847
3,return_above_0_5_percent,E_no_regime,logistic,development|BTC/USDT|2023-11-23T03:00:00+00:00,0.2407408121986577
3,return_above_0_5_percent,E_no_regime,logistic,development|BTC/USDT|2023-11-28T18:00:00+00:00,0.2069045713176348
3,return_above_0_5_percent,E_no_regime,logistic,development|ETH/USDT|2023-11-28T23:00:00+00:00,0.2658613129977906
3,return_above_0_5_percent,E_no_regime,logistic,development|ETH/USDT|2023-12-01T03:00:00+00:00,0.2980112357080887
3,return_above_0_5_percent,E_no_regime,logistic,development|BTC/USDT|2023-12-01T10:00:00+00:00,0.1057919507357891
3,return_above_0_5_percent,E_no_regime,logistic,development|ETH/USDT|2023-12-07T20:00:00+00:00,0.26032340897213607
3,return_above_0_5_percent,E_no_regime,logistic,development|BTC/USDT|2023-12-08T21:00:00+00:00,0.08805183343960588
3,return_above_0_5_percent,E_no_regime,logistic,development|BTC/USDT|2023-12-13T21:00:00+00:00,0.25479092798989805
3,return_above_0_5_percent,E_no_regime,logistic,development|ETH/USDT|2023-12-14T01:00:00+00:00,0.372984285990882
3,return_above_0_5_percent,E_no_regime,logistic,development|BTC/USDT|2023-12-19T03:00:00+00:00,0.2892964415602283
3,return_above_0_5_percent,E_no_regime,logistic,development|ETH/USDT|2023-12-19T08:00:00+00:00,0.23321855401817837
3,return_above_0_5_percent,E_no_regime,logistic,development|ETH/USDT|2023-12-20T17:00:00+00:00,0.36029573554270167
3,return_above_0_5_percent,E_no_regime,logistic,development|BTC/USDT|2023-12-24T05:00:00+00:00,0.1644693146857616
3,return_above_0_5_percent,E_no_regime,logistic,development|ETH/USDT|2023-12-24T18:00:00+00:00,0.104854370890306
3,return_above_0_5_percent,E_no_regime,logistic,development|BTC/USDT|2023-12-26T05:00:00+00:00,0.30621106597163356
3,return_above_0_5_percent,E_no_regime,logistic,development|ETH/USDT|2023-12-27T17:00:00+00:00,0.16795168742383765
3,return_above_0_5_percent,E_no_regime,logistic,development|BTC/USDT|2023-12-27T22:00:00+00:00,0.3226259332338739
3,return_above_0_5_percent,E_no_regime,logistic,development|BTC/USDT|2023-12-31T07:00:00+00:00,0.1555530755407593
3,return_above_0_5_percent,E_no_regime,forest,development|BTC/USDT|2023-10-04T22:00:00+00:00,0.2980129497639555
3,return_above_0_5_percent,E_no_regime,forest,development|BTC/USDT|2023-10-06T20:00:00+00:00,0.18725968726534806
3,return_above_0_5_percent,E_no_regime,forest,development|ETH/USDT|2023-10-06T22:00:00+00:00,0.37838446893453465
3,return_above_0_5_percent,E_no_regime,forest,development|BTC/USDT|2023-10-13T15:00:00+00:00,0.17530743378805722
3,return_above_0_5_percent,E_no_regime,forest,development|ETH/USDT|2023-10-14T01:00:00+00:00,0.23999271162229743
3,return_above_0_5_percent,E_no_regime,forest,development|BTC/USDT|2023-10-15T16:00:00+00:00,0.09295460915081956
3,return_above_0_5_percent,E_no_regime,forest,development|BTC/USDT|2023-10-19T19:00:00+00:00,0.2910141964831293
3,return_above_0_5_percent,E_no_regime,forest,development|ETH/USDT|2023-10-20T06:00:00+00:00,0.3198655924885358
3,return_above_0_5_percent,E_no_regime,forest,development|ETH/USDT|2023-10-26T08:00:00+00:00,0.09916393167368888
3,return_above_0_5_percent,E_no_regime,forest,development|BTC/USDT|2023-10-28T16:00:00+00:00,0.28296705983025905
3,return_above_0_5_percent,E_no_regime,forest,development|ETH/USDT|2023-10-28T16:00:00+00:00,0.2281396161594392
3,return_above_0_5_percent,E_no_regime,forest,development|ETH/USDT|2023-10-29T16:00:00+00:00,0.1950892731419789
3,return_above_0_5_percent,E_no_regime,forest,development|ETH/USDT|2023-11-01T01:00:00+00:00,0.27243911351045746
3,return_above_0_5_percent,E_no_regime,forest,development|BTC/USDT|2023-11-01T03:00:00+00:00,0.1593272625820564
3,return_above_0_5_percent,E_no_regime,forest,development|ETH/USDT|2023-11-04T05:00:00+00:00,0.26971498065174054
3,return_above_0_5_percent,E_no_regime,forest,development|BTC/USDT|2023-11-04T14:00:00+00:00,0.18869252101702583
3,return_above_0_5_percent,E_no_regime,forest,development|BTC/USDT|2023-11-06T10:00:00+00:00,0.15684697866687108
3,return_above_0_5_percent,E_no_regime,forest,development|BTC/USDT|2023-11-08T01:00:00+00:00,0.2723588168534337
3,return_above_0_5_percent,E_no_regime,forest,development|ETH/USDT|2023-11-08T20:00:00+00:00,0.23073411233664337
3,return_above_0_5_percent,E_no_regime,forest,development|BTC/USDT|2023-11-12T23:00:00+00:00,0.1661443938443604
3,return_above_0_5_percent,E_no_regime,forest,development|ETH/USDT|2023-11-13T16:00:00+00:00,0.19465103186907903
3,return_above_0_5_percent,E_no_regime,forest,development|BTC/USDT|2023-11-15T22:00:00+00:00,0.21929921659456592
3,return_above_0_5_percent,E_no_regime,forest,development|ETH/USDT|2023-11-16T02:00:00+00:00,0.24755158938940738
3,return_above_0_5_percent,E_no_regime,forest,development|BTC/USDT|2023-11-18T13:00:00+00:00,0.16817519839371495
3,return_above_0_5_percent,E_no_regime,forest,development|ETH/USDT|2023-11-19T05:00:00+00:00,0.3248060325227657
3,return_above_0_5_percent,E_no_regime,forest,development|ETH/USDT|2023-11-22T20:00:00+00:00,0.09486751149903594
3,return_above_0_5_percent,E_no_regime,forest,development|BTC/USDT|2023-11-23T03:00:00+00:00,0.3227503247607269
3,return_above_0_5_percent,E_no_regime,forest,development|BTC/USDT|2023-11-28T18:00:00+00:00,0.19948003829480668
3,return_above_0_5_percent,E_no_regime,forest,development|ETH/USDT|2023-11-28T23:00:00+00:00,0.3397267483156228
3,return_above_0_5_percent,E_no_regime,forest,development|ETH/USDT|2023-12-01T03:00:00+00:00,0.25770019719577336
3,return_above_0_5_percent,E_no_regime,forest,development|BTC/USDT|2023-12-01T10:00:00+00:00,0.13718395536081482
3,return_above_0_5_percent,E_no_regime,forest,development|ETH/USDT|2023-12-07T20:00:00+00:00,0.19678550831589425
3,return_above_0_5_percent,E_no_regime,forest,development|BTC/USDT|2023-12-08T21:00:00+00:00,0.17178921255150933
3,return_above_0_5_percent,E_no_regime,forest,development|BTC/USDT|2023-12-13T21:00:00+00:00,0.2633270260879426
3,return_above_0_5_percent,E_no_regime,forest,development|ETH/USDT|2023-12-14T01:00:00+00:00,0.448489371926116
3,return_above_0_5_percent,E_no_regime,forest,development|BTC/USDT|2023-12-19T03:00:00+00:00,0.20853353293740706
3,return_above_0_5_percent,E_no_regime,forest,development|ETH/USDT|2023-12-19T08:00:00+00:00,0.27591012860493774
3,return_above_0_5_percent,E_no_regime,forest,development|ETH/USDT|2023-12-20T17:00:00+00:00,0.46497139543561217
3,return_above_0_5_percent,E_no_regime,forest,development|BTC/USDT|2023-12-24T05:00:00+00:00,0.2404293283410221
3,return_above_0_5_percent,E_no_regime,forest,development|ETH/USDT|2023-12-24T18:00:00+00:00,0.12749230796142313
3,return_above_0_5_percent,E_no_regime,forest,development|BTC/USDT|2023-12-26T05:00:00+00:00,0.2616120291235053
3,return_above_0_5_percent,E_no_regime,forest,development|ETH/USDT|2023-12-27T17:00:00+00:00,0.0909958758882699
3,return_above_0_5_percent,E_no_regime,forest,development|BTC/USDT|2023-12-27T22:00:00+00:00,0.298515060135438
3,return_above_0_5_percent,E_no_regime,forest,development|BTC/USDT|2023-12-31T07:00:00+00:00,0.1954585669895674
3,return_above_0_5_percent,E_no_regime,hist_gradient,development|BTC/USDT|2023-10-04T22:00:00+00:00,0.2858968216176866
3,return_above_0_5_percent,E_no_regime,hist_gradient,development|BTC/USDT|2023-10-06T20:00:00+00:00,0.2658177415828239
3,return_above_0_5_percent,E_no_regime,hist_gradient,development|ETH/USDT|2023-10-06T22:00:00+00:00,0.452594430227112
3,return_above_0_5_percent,E_no_regime,hist_gradient,development|BTC/USDT|2023-10-13T15:00:00+00:00,0.1289940780366885
3,return_above_0_5_percent,E_no_regime,hist_gradient,development|ETH/USDT|2023-10-14T01:00:00+00:00,0.24518984359397147
3,return_above_0_5_percent,E_no_regime,hist_gradient,development|BTC/USDT|2023-10-15T16:00:00+00:00,0.13107954580568737
3,return_above_0_5_percent,E_no_regime,hist_gradient,development|BTC/USDT|2023-10-19T19:00:00+00:00,0.31226902284959146
3,return_above_0_5_percent,E_no_regime,hist_gradient,development|ETH/USDT|2023-10-20T06:00:00+00:00,0.41891139063412275
3,return_above_0_5_percent,E_no_regime,hist_gradient,development|ETH/USDT|2023-10-26T08:00:00+00:00,0.13170375383145727
3,return_above_0_5_percent,E_no_regime,hist_gradient,development|BTC/USDT|2023-10-28T16:00:00+00:00,0.24020735043638844
3,return_above_0_5_percent,E_no_regime,hist_gradient,development|ETH/USDT|2023-10-28T16:00:00+00:00,0.1406287536118284
3,return_above_0_5_percent,E_no_regime,hist_gradient,development|ETH/USDT|2023-10-29T16:00:00+00:00,0.12463000068768236
3,return_above_0_5_percent,E_no_regime,hist_gradient,development|ETH/USDT|2023-11-01T01:00:00+00:00,0.25703154538733175
3,return_above_0_5_percent,E_no_regime,hist_gradient,development|BTC/USDT|2023-11-01T03:00:00+00:00,0.13510542478542417
3,return_above_0_5_percent,E_no_regime,hist_gradient,development|ETH/USDT|2023-11-04T05:00:00+00:00,0.37252692570241724
3,return_above_0_5_percent,E_no_regime,hist_gradient,development|BTC/USDT|2023-11-04T14:00:00+00:00,0.1458125769769709
3,return_above_0_5_percent,E_no_regime,hist_gradient,development|BTC/USDT|2023-11-06T10:00:00+00:00,0.10698032437654734
3,return_above_0_5_percent,E_no_regime,hist_gradient,development|BTC/USDT|2023-11-08T01:00:00+00:00,0.3365180625962556
3,return_above_0_5_percent,E_no_regime,hist_gradient,development|ETH/USDT|2023-11-08T20:00:00+00:00,0.24502634945721363
3,return_above_0_5_percent,E_no_regime,hist_gradient,development|BTC/USDT|2023-11-12T23:00:00+00:00,0.2005042580000741
3,return_above_0_5_percent,E_no_regime,hist_gradient,development|ETH/USDT|2023-11-13T16:00:00+00:00,0.20568087238623814
3,return_above_0_5_percent,E_no_regime,hist_gradient,development|BTC/USDT|2023-11-15T22:00:00+00:00,0.16576425483331764
3,return_above_0_5_percent,E_no_regime,hist_gradient,development|ETH/USDT|2023-11-16T02:00:00+00:00,0.24795128111897455
3,return_above_0_5_percent,E_no_regime,hist_gradient,development|BTC/USDT|2023-11-18T13:00:00+00:00,0.0952533075928207
3,return_above_0_5_percent,E_no_regime,hist_gradient,development|ETH/USDT|2023-11-19T05:00:00+00:00,0.3529661497627495
3,return_above_0_5_percent,E_no_regime,hist_gradient,development|ETH/USDT|2023-11-22T20:00:00+00:00,0.11581492941237174
3,return_above_0_5_percent,E_no_regime,hist_gradient,development|BTC/USDT|2023-11-23T03:00:00+00:00,0.3779621373981148
3,return_above_0_5_percent,E_no_regime,hist_gradient,development|BTC/USDT|2023-11-28T18:00:00+00:00,0.19590734220321182
3,return_above_0_5_percent,E_no_regime,hist_gradient,development|ETH/USDT|2023-11-28T23:00:00+00:00,0.19468500509692213
3,return_above_0_5_percent,E_no_regime,hist_gradient,development|ETH/USDT|2023-12-01T03:00:00+00:00,0.291292921144297
3,return_above_0_5_percent,E_no_regime,hist_gradient,development|BTC/USDT|2023-12-01T10:00:00+00:00,0.14184526140107737
3,return_above_0_5_percent,E_no_regime,hist_gradient,development|ETH/USDT|2023-12-07T20:00:00+00:00,0.19898492936048512
3,return_above_0_5_percent,E_no_regime,hist_gradient,development|BTC/USDT|2023-12-08T21:00:00+00:00,0.1921599563425019
3,return_above_0_5_percent,E_no_regime,hist_gradient,development|BTC/USDT|2023-12-13T21:00:00+00:00,0.25195522117943553
3,return_above_0_5_percent,E_no_regime,hist_gradient,development|ETH/USDT|2023-12-14T01:00:00+00:00,0.4965707394647477
3,return_above_0_5_percent,E_no_regime,hist_gradient,development|BTC/USDT|2023-12-19T03:00:00+00:00,0.1562206784252411
3,return_above_0_5_percent,E_no_regime,hist_gradient,development|ETH/USDT|2023-12-19T08:00:00+00:00,0.22109267525203605
3,return_above_0_5_percent,E_no_regime,hist_gradient,development|ETH/USDT|2023-12-20T17:00:00+00:00,0.47863328504041647
3,return_above_0_5_percent,E_no_regime,hist_gradient,development|BTC/USDT|2023-12-24T05:00:00+00:00,0.3084277509096786
3,return_above_0_5_percent,E_no_regime,hist_gradient,development|ETH/USDT|2023-12-24T18:00:00+00:00,0.11388588728107213
3,return_above_0_5_percent,E_no_regime,hist_gradient,development|BTC/USDT|2023-12-26T05:00:00+00:00,0.27380664447887054
3,return_above_0_5_percent,E_no_regime,hist_gradient,development|ETH/USDT|2023-12-27T17:00:00+00:00,0.11581492941237174
3,return_above_0_5_percent,E_no_regime,hist_gradient,development|BTC/USDT|2023-12-27T22:00:00+00:00,0.38685184122361665
3,return_above_0_5_percent,E_no_regime,hist_gradient,development|BTC/USDT|2023-12-31T07:00:00+00:00,0.11643956538714724
3,return_above_1_percent,A_all,dummy,development|BTC/USDT|2023-10-04T22:00:00+00:00,0.18023255813953487
3,return_above_1_percent,A_all,dummy,development|BTC/USDT|2023-10-06T20:00:00+00:00,0.18023255813953487
3,return_above_1_percent,A_all,dummy,development|ETH/USDT|2023-10-06T22:00:00+00:00,0.18023255813953487
3,return_above_1_percent,A_all,dummy,development|BTC/USDT|2023-10-13T15:00:00+00:00,0.18023255813953487
3,return_above_1_percent,A_all,dummy,development|ETH/USDT|2023-10-14T01:00:00+00:00,0.18023255813953487
3,return_above_1_percent,A_all,dummy,development|BTC/USDT|2023-10-15T16:00:00+00:00,0.18023255813953487
3,return_above_1_percent,A_all,dummy,development|BTC/USDT|2023-10-19T19:00:00+00:00,0.18023255813953487
3,return_above_1_percent,A_all,dummy,development|ETH/USDT|2023-10-20T06:00:00+00:00,0.18023255813953487
3,return_above_1_percent,A_all,dummy,development|ETH/USDT|2023-10-26T08:00:00+00:00,0.18023255813953487
3,return_above_1_percent,A_all,dummy,development|BTC/USDT|2023-10-28T16:00:00+00:00,0.18023255813953487
3,return_above_1_percent,A_all,dummy,development|ETH/USDT|2023-10-28T16:00:00+00:00,0.18023255813953487
3,return_above_1_percent,A_all,dummy,development|ETH/USDT|2023-10-29T16:00:00+00:00,0.18023255813953487
3,return_above_1_percent,A_all,dummy,development|ETH/USDT|2023-11-01T01:00:00+00:00,0.18023255813953487
3,return_above_1_percent,A_all,dummy,development|BTC/USDT|2023-11-01T03:00:00+00:00,0.18023255813953487
3,return_above_1_percent,A_all,dummy,development|ETH/USDT|2023-11-04T05:00:00+00:00,0.18023255813953487
3,return_above_1_percent,A_all,dummy,development|BTC/USDT|2023-11-04T14:00:00+00:00,0.18023255813953487
3,return_above_1_percent,A_all,dummy,development|BTC/USDT|2023-11-06T10:00:00+00:00,0.18023255813953487
3,return_above_1_percent,A_all,dummy,development|BTC/USDT|2023-11-08T01:00:00+00:00,0.18023255813953487
3,return_above_1_percent,A_all,dummy,development|ETH/USDT|2023-11-08T20:00:00+00:00,0.18023255813953487
3,return_above_1_percent,A_all,dummy,development|BTC/USDT|2023-11-12T23:00:00+00:00,0.18023255813953487
3,return_above_1_percent,A_all,dummy,development|ETH/USDT|2023-11-13T16:00:00+00:00,0.18023255813953487
3,return_above_1_percent,A_all,dummy,development|BTC/USDT|2023-11-15T22:00:00+00:00,0.18023255813953487
3,return_above_1_percent,A_all,dummy,development|ETH/USDT|2023-11-16T02:00:00+00:00,0.18023255813953487
3,return_above_1_percent,A_all,dummy,development|BTC/USDT|2023-11-18T13:00:00+00:00,0.18023255813953487
3,return_above_1_percent,A_all,dummy,development|ETH/USDT|2023-11-19T05:00:00+00:00,0.18023255813953487
3,return_above_1_percent,A_all,dummy,development|ETH/USDT|2023-11-22T20:00:00+00:00,0.18023255813953487
3,return_above_1_percent,A_all,dummy,development|BTC/USDT|2023-11-23T03:00:00+00:00,0.18023255813953487
3,return_above_1_percent,A_all,dummy,development|BTC/USDT|2023-11-28T18:00:00+00:00,0.18023255813953487
3,return_above_1_percent,A_all,dummy,development|ETH/USDT|2023-11-28T23:00:00+00:00,0.18023255813953487
3,return_above_1_percent,A_all,dummy,development|ETH/USDT|2023-12-01T03:00:00+00:00,0.18023255813953487
3,return_above_1_percent,A_all,dummy,development|BTC/USDT|2023-12-01T10:00:00+00:00,0.18023255813953487
3,return_above_1_percent,A_all,dummy,development|ETH/USDT|2023-12-07T20:00:00+00:00,0.18023255813953487
3,return_above_1_percent,A_all,dummy,development|BTC/USDT|2023-12-08T21:00:00+00:00,0.18023255813953487
3,return_above_1_percent,A_all,dummy,development|BTC/USDT|2023-12-13T21:00:00+00:00,0.18023255813953487
3,return_above_1_percent,A_all,dummy,development|ETH/USDT|2023-12-14T01:00:00+00:00,0.18023255813953487
3,return_above_1_percent,A_all,dummy,development|BTC/USDT|2023-12-19T03:00:00+00:00,0.18023255813953487
3,return_above_1_percent,A_all,dummy,development|ETH/USDT|2023-12-19T08:00:00+00:00,0.18023255813953487
3,return_above_1_percent,A_all,dummy,development|ETH/USDT|2023-12-20T17:00:00+00:00,0.18023255813953487
3,return_above_1_percent,A_all,dummy,development|BTC/USDT|2023-12-24T05:00:00+00:00,0.18023255813953487
3,return_above_1_percent,A_all,dummy,development|ETH/USDT|2023-12-24T18:00:00+00:00,0.18023255813953487
3,return_above_1_percent,A_all,dummy,development|BTC/USDT|2023-12-26T05:00:00+00:00,0.18023255813953487
3,return_above_1_percent,A_all,dummy,development|ETH/USDT|2023-12-27T17:00:00+00:00,0.18023255813953487
3,return_above_1_percent,A_all,dummy,development|BTC/USDT|2023-12-27T22:00:00+00:00,0.18023255813953487
3,return_above_1_percent,A_all,dummy,development|BTC/USDT|2023-12-31T07:00:00+00:00,0.18023255813953487
3,return_above_1_percent,A_all,logistic,development|BTC/USDT|2023-10-04T22:00:00+00:00,0.1584874145089141
3,return_above_1_percent,A_all,logistic,development|BTC/USDT|2023-10-06T20:00:00+00:00,0.1432137002229015
3,return_above_1_percent,A_all,logistic,development|ETH/USDT|2023-10-06T22:00:00+00:00,0.40391737654124216
3,return_above_1_percent,A_all,logistic,development|BTC/USDT|2023-10-13T15:00:00+00:00,0.20029402827256979
3,return_above_1_percent,A_all,logistic,development|ETH/USDT|2023-10-14T01:00:00+00:00,0.30112145462087836
3,return_above_1_percent,A_all,logistic,development|BTC/USDT|2023-10-15T16:00:00+00:00,0.03725489194950814
3,return_above_1_percent,A_all,logistic,development|BTC/USDT|2023-10-19T19:00:00+00:00,0.21038640538003547
3,return_above_1_percent,A_all,logistic,development|ETH/USDT|2023-10-20T06:00:00+00:00,0.34008764383115764
3,return_above_1_percent,A_all,logistic,development|ETH/USDT|2023-10-26T08:00:00+00:00,0.08492806438664302
3,return_above_1_percent,A_all,logistic,development|BTC/USDT|2023-10-28T16:00:00+00:00,0.10240043228615948
3,return_above_1_percent,A_all,logistic,development|ETH/USDT|2023-10-28T16:00:00+00:00,0.06140461119985194
3,return_above_1_percent,A_all,logistic,development|ETH/USDT|2023-10-29T16:00:00+00:00,0.02943046148043682
3,return_above_1_percent,A_all,logistic,development|ETH/USDT|2023-11-01T01:00:00+00:00,0.03867786020933759
3,return_above_1_percent,A_all,logistic,development|BTC/USDT|2023-11-01T03:00:00+00:00,0.07154694141291014
3,return_above_1_percent,A_all,logistic,development|ETH/USDT|2023-11-04T05:00:00+00:00,0.13488558187420538
3,return_above_1_percent,A_all,logistic,development|BTC/USDT|2023-11-04T14:00:00+00:00,0.08710058852265928
3,return_above_1_percent,A_all,logistic,development|BTC/USDT|2023-11-06T10:00:00+00:00,0.0554646585731102
3,return_above_1_percent,A_all,logistic,development|BTC/USDT|2023-11-08T01:00:00+00:00,0.07163912092547932
3,return_above_1_percent,A_all,logistic,development|ETH/USDT|2023-11-08T20:00:00+00:00,0.17702456293909466
3,return_above_1_percent,A_all,logistic,development|BTC/USDT|2023-11-12T23:00:00+00:00,0.08830518214945907
3,return_above_1_percent,A_all,logistic,development|ETH/USDT|2023-11-13T16:00:00+00:00,0.13070367146054834
3,return_above_1_percent,A_all,logistic,development|BTC/USDT|2023-11-15T22:00:00+00:00,0.30113591540122386
3,return_above_1_percent,A_all,logistic,development|ETH/USDT|2023-11-16T02:00:00+00:00,0.20372031859137182
3,return_above_1_percent,A_all,logistic,development|BTC/USDT|2023-11-18T13:00:00+00:00,0.07134905640979965
3,return_above_1_percent,A_all,logistic,development|ETH/USDT|2023-11-19T05:00:00+00:00,0.16737979220893942
3,return_above_1_percent,A_all,logistic,development|ETH/USDT|2023-11-22T20:00:00+00:00,0.19296597999087825
3,return_above_1_percent,A_all,logistic,development|BTC/USDT|2023-11-23T03:00:00+00:00,0.21011287813555063
3,return_above_1_percent,A_all,logistic,development|BTC/USDT|2023-11-28T18:00:00+00:00,0.19058190095955058
3,return_above_1_percent,A_all,logistic,development|ETH/USDT|2023-11-28T23:00:00+00:00,0.2666899818654481
3,return_above_1_percent,A_all,logistic,development|ETH/USDT|2023-12-01T03:00:00+00:00,0.19230522313641135
3,return_above_1_percent,A_all,logistic,development|BTC/USDT|2023-12-01T10:00:00+00:00,0.05963838237169494
3,return_above_1_percent,A_all,logistic,development|ETH/USDT|2023-12-07T20:00:00+00:00,0.3058562973590486
3,return_above_1_percent,A_all,logistic,development|BTC/USDT|2023-12-08T21:00:00+00:00,0.07109284750550805
3,return_above_1_percent,A_all,logistic,development|BTC/USDT|2023-12-13T21:00:00+00:00,0.20829251017632291
3,return_above_1_percent,A_all,logistic,development|ETH/USDT|2023-12-14T01:00:00+00:00,0.32805945328531616
3,return_above_1_percent,A_all,logistic,development|BTC/USDT|2023-12-19T03:00:00+00:00,0.39584660567743263
3,return_above_1_percent,A_all,logistic,development|ETH/USDT|2023-12-19T08:00:00+00:00,0.22365150298767938
3,return_above_1_percent,A_all,logistic,development|ETH/USDT|2023-12-20T17:00:00+00:00,0.20188073010872454
3,return_above_1_percent,A_all,logistic,development|BTC/USDT|2023-12-24T05:00:00+00:00,0.04544050379024909
3,return_above_1_percent,A_all,logistic,development|ETH/USDT|2023-12-24T18:00:00+00:00,0.11318025371017808
3,return_above_1_percent,A_all,logistic,development|BTC/USDT|2023-12-26T05:00:00+00:00,0.23339535510133214
3,return_above_1_percent,A_all,logistic,development|ETH/USDT|2023-12-27T17:00:00+00:00,0.22267498036634456
3,return_above_1_percent,A_all,logistic,development|BTC/USDT|2023-12-27T22:00:00+00:00,0.24245905621120853
3,return_above_1_percent,A_all,logistic,development|BTC/USDT|2023-12-31T07:00:00+00:00,0.09544123450951646
3,return_above_1_percent,A_all,forest,development|BTC/USDT|2023-10-04T22:00:00+00:00,0.16517412841683396
3,return_above_1_percent,A_all,forest,development|BTC/USDT|2023-10-06T20:00:00+00:00,0.17798757978458002
3,return_above_1_percent,A_all,forest,development|ETH/USDT|2023-10-06T22:00:00+00:00,0.3102123775519474
3,return_above_1_percent,A_all,forest,development|BTC/USDT|2023-10-13T15:00:00+00:00,0.14388997715588098
3,return_above_1_percent,A_all,forest,development|ETH/USDT|2023-10-14T01:00:00+00:00,0.20822031937689936
3,return_above_1_percent,A_all,forest,development|BTC/USDT|2023-10-15T16:00:00+00:00,0.08510569400598811
3,return_above_1_percent,A_all,forest,development|BTC/USDT|2023-10-19T19:00:00+00:00,0.20676708471652297
3,return_above_1_percent,A_all,forest,development|ETH/USDT|2023-10-20T06:00:00+00:00,0.2946977440228542
3,return_above_1_percent,A_all,forest,development|ETH/USDT|2023-10-26T08:00:00+00:00,0.15061168089354346
3,return_above_1_percent,A_all,forest,development|BTC/USDT|2023-10-28T16:00:00+00:00,0.14880170509284235
3,return_above_1_percent,A_all,forest,development|ETH/USDT|2023-10-28T16:00:00+00:00,0.14921407596986627
3,return_above_1_percent,A_all,forest,development|ETH/USDT|2023-10-29T16:00:00+00:00,0.09662273798212827
3,return_above_1_percent,A_all,forest,development|ETH/USDT|2023-11-01T01:00:00+00:00,0.188615179625032
3,return_above_1_percent,A_all,forest,development|BTC/USDT|2023-11-01T03:00:00+00:00,0.16097235435092966
3,return_above_1_percent,A_all,forest,development|ETH/USDT|2023-11-04T05:00:00+00:00,0.24255534365789314
3,return_above_1_percent,A_all,forest,development|BTC/USDT|2023-11-04T14:00:00+00:00,0.0994839535527981
3,return_above_1_percent,A_all,forest,development|BTC/USDT|2023-11-06T10:00:00+00:00,0.14218141264148357
3,return_above_1_percent,A_all,forest,development|BTC/USDT|2023-11-08T01:00:00+00:00,0.14877817740513524
3,return_above_1_percent,A_all,forest,development|ETH/USDT|2023-11-08T20:00:00+00:00,0.12390739498352568
3,return_above_1_percent,A_all,forest,development|BTC/USDT|2023-11-12T23:00:00+00:00,0.10961595495976445
3,return_above_1_percent,A_all,forest,development|ETH/USDT|2023-11-13T16:00:00+00:00,0.15501583876315916
3,return_above_1_percent,A_all,forest,development|BTC/USDT|2023-11-15T22:00:00+00:00,0.22768107588213174
3,return_above_1_percent,A_all,forest,development|ETH/USDT|2023-11-16T02:00:00+00:00,0.2719431528024747
3,return_above_1_percent,A_all,forest,development|BTC/USDT|2023-11-18T13:00:00+00:00,0.08656449223528666
3,return_above_1_percent,A_all,forest,development|ETH/USDT|2023-11-19T05:00:00+00:00,0.15256143238768322
3,return_above_1_percent,A_all,forest,development|ETH/USDT|2023-11-22T20:00:00+00:00,0.13760334452187814
3,return_above_1_percent,A_all,forest,development|BTC/USDT|2023-11-23T03:00:00+00:00,0.27916081038943125
3,return_above_1_percent,A_all,forest,development|BTC/USDT|2023-11-28T18:00:00+00:00,0.19192194326497397
3,return_above_1_percent,A_all,forest,development|ETH/USDT|2023-11-28T23:00:00+00:00,0.37560832431503144
3,return_above_1_percent,A_all,forest,development|ETH/USDT|2023-12-01T03:00:00+00:00,0.21534583541077726
3,return_above_1_percent,A_all,forest,development|BTC/USDT|2023-12-01T10:00:00+00:00,0.14120657784069207
3,return_above_1_percent,A_all,forest,development|ETH/USDT|2023-12-07T20:00:00+00:00,0.19756135212225387
3,return_above_1_percent,A_all,forest,development|BTC/USDT|2023-12-08T21:00:00+00:00,0.17633904537993994
3,return_above_1_percent,A_all,forest,development|BTC/USDT|2023-12-13T21:00:00+00:00,0.19335098641464663
3,return_above_1_percent,A_all,forest,development|ETH/USDT|2023-12-14T01:00:00+00:00,0.30692182831443326
3,return_above_1_percent,A_all,forest,development|BTC/USDT|2023-12-19T03:00:00+00:00,0.24748268497297374
3,return_above_1_percent,A_all,forest,development|ETH/USDT|2023-12-19T08:00:00+00:00,0.24094995529911947
3,return_above_1_percent,A_all,forest,development|ETH/USDT|2023-12-20T17:00:00+00:00,0.29325343339320376
3,return_above_1_percent,A_all,forest,development|BTC/USDT|2023-12-24T05:00:00+00:00,0.08014114701388282
3,return_above_1_percent,A_all,forest,development|ETH/USDT|2023-12-24T18:00:00+00:00,0.1210878309215118
3,return_above_1_percent,A_all,forest,development|BTC/USDT|2023-12-26T05:00:00+00:00,0.192166800076733
3,return_above_1_percent,A_all,forest,development|ETH/USDT|2023-12-27T17:00:00+00:00,0.16060501337021482
3,return_above_1_percent,A_all,forest,development|BTC/USDT|2023-12-27T22:00:00+00:00,0.2696986114560196
3,return_above_1_percent,A_all,forest,development|BTC/USDT|2023-12-31T07:00:00+00:00,0.13166676132862326
3,return_above_1_percent,A_all,hist_gradient,development|BTC/USDT|2023-10-04T22:00:00+00:00,0.09911416921559954
3,return_above_1_percent,A_all,hist_gradient,development|BTC/USDT|2023-10-06T20:00:00+00:00,0.16847652876718197
3,return_above_1_percent,A_all,hist_gradient,development|ETH/USDT|2023-10-06T22:00:00+00:00,0.3896166622257691
3,return_above_1_percent,A_all,hist_gradient,development|BTC/USDT|2023-10-13T15:00:00+00:00,0.20415925404264468
3,return_above_1_percent,A_all,hist_gradient,development|ETH/USDT|2023-10-14T01:00:00+00:00,0.1341706925539532
3,return_above_1_percent,A_all,hist_gradient,development|BTC/USDT|2023-10-15T16:00:00+00:00,0.13269722992312963
3,return_above_1_percent,A_all,hist_gradient,development|BTC/USDT|2023-10-19T19:00:00+00:00,0.16887779692623156
3,return_above_1_percent,A_all,hist_gradient,development|ETH/USDT|2023-10-20T06:00:00+00:00,0.26986834403756094
3,return_above_1_percent,A_all,hist_gradient,development|ETH/USDT|2023-10-26T08:00:00+00:00,0.10994481942272552
3,return_above_1_percent,A_all,hist_gradient,development|BTC/USDT|2023-10-28T16:00:00+00:00,0.14028849935684556
3,return_above_1_percent,A_all,hist_gradient,development|ETH/USDT|2023-10-28T16:00:00+00:00,0.15154437022926243
3,return_above_1_percent,A_all,hist_gradient,development|ETH/USDT|2023-10-29T16:00:00+00:00,0.07590823077655269
3,return_above_1_percent,A_all,hist_gradient,development|ETH/USDT|2023-11-01T01:00:00+00:00,0.13065449652284278
3,return_above_1_percent,A_all,hist_gradient,development|BTC/USDT|2023-11-01T03:00:00+00:00,0.09503742200567583
3,return_above_1_percent,A_all,hist_gradient,development|ETH/USDT|2023-11-04T05:00:00+00:00,0.18149179475477345
3,return_above_1_percent,A_all,hist_gradient,development|BTC/USDT|2023-11-04T14:00:00+00:00,0.10182688719277562
3,return_above_1_percent,A_all,hist_gradient,development|BTC/USDT|2023-11-06T10:00:00+00:00,0.11544893528721813
3,return_above_1_percent,A_all,hist_gradient,development|BTC/USDT|2023-11-08T01:00:00+00:00,0.08571834909394747
3,return_above_1_percent,A_all,hist_gradient,development|ETH/USDT|2023-11-08T20:00:00+00:00,0.09036457525228442
3,return_above_1_percent,A_all,hist_gradient,development|BTC/USDT|2023-11-12T23:00:00+00:00,0.11374154931010395
3,return_above_1_percent,A_all,hist_gradient,development|ETH/USDT|2023-11-13T16:00:00+00:00,0.11208491171978692
3,return_above_1_percent,A_all,hist_gradient,development|BTC/USDT|2023-11-15T22:00:00+00:00,0.22055251659879574
3,return_above_1_percent,A_all,hist_gradient,development|ETH/USDT|2023-11-16T02:00:00+00:00,0.3135457180048692
3,return_above_1_percent,A_all,hist_gradient,development|BTC/USDT|2023-11-18T13:00:00+00:00,0.08355662513489172
3,return_above_1_percent,A_all,hist_gradient,development|ETH/USDT|2023-11-19T05:00:00+00:00,0.1793948072808734
3,return_above_1_percent,A_all,hist_gradient,development|ETH/USDT|2023-11-22T20:00:00+00:00,0.11873642020702393
3,return_above_1_percent,A_all,hist_gradient,development|BTC/USDT|2023-11-23T03:00:00+00:00,0.25827533500204486
3,return_above_1_percent,A_all,hist_gradient,development|BTC/USDT|2023-11-28T18:00:00+00:00,0.1585217659457994
3,return_above_1_percent,A_all,hist_gradient,development|ETH/USDT|2023-11-28T23:00:00+00:00,0.21081442020468538
3,return_above_1_percent,A_all,hist_gradient,development|ETH/USDT|2023-12-01T03:00:00+00:00,0.2108836961340655
3,return_above_1_percent,A_all,hist_gradient,development|BTC/USDT|2023-12-01T10:00:00+00:00,0.10634992647797904
3,return_above_1_percent,A_all,hist_gradient,development|ETH/USDT|2023-12-07T20:00:00+00:00,0.1278490612188635
3,return_above_1_percent,A_all,hist_gradient,development|BTC/USDT|2023-12-08T21:00:00+00:00,0.10650753392395229
3,return_above_1_percent,A_all,hist_gradient,development|BTC/USDT|2023-12-13T21:00:00+00:00,0.19361252895936612
3,return_above_1_percent,A_all,hist_gradient,development|ETH/USDT|2023-12-14T01:00:00+00:00,0.3009897170853766
3,return_above_1_percent,A_all,hist_gradient,development|BTC/USDT|2023-12-19T03:00:00+00:00,0.17621211395572833
3,return_above_1_percent,A_all,hist_gradient,development|ETH/USDT|2023-12-19T08:00:00+00:00,0.2457669887549367
3,return_above_1_percent,A_all,hist_gradient,development|ETH/USDT|2023-12-20T17:00:00+00:00,0.30410650631408914
3,return_above_1_percent,A_all,hist_gradient,development|BTC/USDT|2023-12-24T05:00:00+00:00,0.09607473441192856
3,return_above_1_percent,A_all,hist_gradient,development|ETH/USDT|2023-12-24T18:00:00+00:00,0.09500912887458271
3,return_above_1_percent,A_all,hist_gradient,development|BTC/USDT|2023-12-26T05:00:00+00:00,0.21090247267115023
3,return_above_1_percent,A_all,hist_gradient,development|ETH/USDT|2023-12-27T17:00:00+00:00,0.12615901010825173
3,return_above_1_percent,A_all,hist_gradient,development|BTC/USDT|2023-12-27T22:00:00+00:00,0.3246803298024253
3,return_above_1_percent,A_all,hist_gradient,development|BTC/USDT|2023-12-31T07:00:00+00:00,0.22673080778104945
3,return_above_1_percent,B_reduced,dummy,development|BTC/USDT|2023-10-04T22:00:00+00:00,0.18023255813953487
3,return_above_1_percent,B_reduced,dummy,development|BTC/USDT|2023-10-06T20:00:00+00:00,0.18023255813953487
3,return_above_1_percent,B_reduced,dummy,development|ETH/USDT|2023-10-06T22:00:00+00:00,0.18023255813953487
3,return_above_1_percent,B_reduced,dummy,development|BTC/USDT|2023-10-13T15:00:00+00:00,0.18023255813953487
3,return_above_1_percent,B_reduced,dummy,development|ETH/USDT|2023-10-14T01:00:00+00:00,0.18023255813953487
3,return_above_1_percent,B_reduced,dummy,development|BTC/USDT|2023-10-15T16:00:00+00:00,0.18023255813953487
3,return_above_1_percent,B_reduced,dummy,development|BTC/USDT|2023-10-19T19:00:00+00:00,0.18023255813953487
3,return_above_1_percent,B_reduced,dummy,development|ETH/USDT|2023-10-20T06:00:00+00:00,0.18023255813953487
3,return_above_1_percent,B_reduced,dummy,development|ETH/USDT|2023-10-26T08:00:00+00:00,0.18023255813953487
3,return_above_1_percent,B_reduced,dummy,development|BTC/USDT|2023-10-28T16:00:00+00:00,0.18023255813953487
3,return_above_1_percent,B_reduced,dummy,development|ETH/USDT|2023-10-28T16:00:00+00:00,0.18023255813953487
3,return_above_1_percent,B_reduced,dummy,development|ETH/USDT|2023-10-29T16:00:00+00:00,0.18023255813953487
3,return_above_1_percent,B_reduced,dummy,development|ETH/USDT|2023-11-01T01:00:00+00:00,0.18023255813953487
3,return_above_1_percent,B_reduced,dummy,development|BTC/USDT|2023-11-01T03:00:00+00:00,0.18023255813953487
3,return_above_1_percent,B_reduced,dummy,development|ETH/USDT|2023-11-04T05:00:00+00:00,0.18023255813953487
3,return_above_1_percent,B_reduced,dummy,development|BTC/USDT|2023-11-04T14:00:00+00:00,0.18023255813953487
3,return_above_1_percent,B_reduced,dummy,development|BTC/USDT|2023-11-06T10:00:00+00:00,0.18023255813953487
3,return_above_1_percent,B_reduced,dummy,development|BTC/USDT|2023-11-08T01:00:00+00:00,0.18023255813953487
3,return_above_1_percent,B_reduced,dummy,development|ETH/USDT|2023-11-08T20:00:00+00:00,0.18023255813953487
3,return_above_1_percent,B_reduced,dummy,development|BTC/USDT|2023-11-12T23:00:00+00:00,0.18023255813953487
3,return_above_1_percent,B_reduced,dummy,development|ETH/USDT|2023-11-13T16:00:00+00:00,0.18023255813953487
3,return_above_1_percent,B_reduced,dummy,development|BTC/USDT|2023-11-15T22:00:00+00:00,0.18023255813953487
3,return_above_1_percent,B_reduced,dummy,development|ETH/USDT|2023-11-16T02:00:00+00:00,0.18023255813953487
3,return_above_1_percent,B_reduced,dummy,development|BTC/USDT|2023-11-18T13:00:00+00:00,0.18023255813953487
3,return_above_1_percent,B_reduced,dummy,development|ETH/USDT|2023-11-19T05:00:00+00:00,0.18023255813953487
3,return_above_1_percent,B_reduced,dummy,development|ETH/USDT|2023-11-22T20:00:00+00:00,0.18023255813953487
3,return_above_1_percent,B_reduced,dummy,development|BTC/USDT|2023-11-23T03:00:00+00:00,0.18023255813953487
3,return_above_1_percent,B_reduced,dummy,development|BTC/USDT|2023-11-28T18:00:00+00:00,0.18023255813953487
3,return_above_1_percent,B_reduced,dummy,development|ETH/USDT|2023-11-28T23:00:00+00:00,0.18023255813953487
3,return_above_1_percent,B_reduced,dummy,development|ETH/USDT|2023-12-01T03:00:00+00:00,0.18023255813953487
3,return_above_1_percent,B_reduced,dummy,development|BTC/USDT|2023-12-01T10:00:00+00:00,0.18023255813953487
3,return_above_1_percent,B_reduced,dummy,development|ETH/USDT|2023-12-07T20:00:00+00:00,0.18023255813953487
3,return_above_1_percent,B_reduced,dummy,development|BTC/USDT|2023-12-08T21:00:00+00:00,0.18023255813953487
3,return_above_1_percent,B_reduced,dummy,development|BTC/USDT|2023-12-13T21:00:00+00:00,0.18023255813953487
3,return_above_1_percent,B_reduced,dummy,development|ETH/USDT|2023-12-14T01:00:00+00:00,0.18023255813953487
3,return_above_1_percent,B_reduced,dummy,development|BTC/USDT|2023-12-19T03:00:00+00:00,0.18023255813953487
3,return_above_1_percent,B_reduced,dummy,development|ETH/USDT|2023-12-19T08:00:00+00:00,0.18023255813953487
3,return_above_1_percent,B_reduced,dummy,development|ETH/USDT|2023-12-20T17:00:00+00:00,0.18023255813953487
3,return_above_1_percent,B_reduced,dummy,development|BTC/USDT|2023-12-24T05:00:00+00:00,0.18023255813953487
3,return_above_1_percent,B_reduced,dummy,development|ETH/USDT|2023-12-24T18:00:00+00:00,0.18023255813953487
3,return_above_1_percent,B_reduced,dummy,development|BTC/USDT|2023-12-26T05:00:00+00:00,0.18023255813953487
3,return_above_1_percent,B_reduced,dummy,development|ETH/USDT|2023-12-27T17:00:00+00:00,0.18023255813953487
3,return_above_1_percent,B_reduced,dummy,development|BTC/USDT|2023-12-27T22:00:00+00:00,0.18023255813953487
3,return_above_1_percent,B_reduced,dummy,development|BTC/USDT|2023-12-31T07:00:00+00:00,0.18023255813953487
3,return_above_1_percent,B_reduced,logistic,development|BTC/USDT|2023-10-04T22:00:00+00:00,0.1656126107899464
3,return_above_1_percent,B_reduced,logistic,development|BTC/USDT|2023-10-06T20:00:00+00:00,0.1515593537694893
3,return_above_1_percent,B_reduced,logistic,development|ETH/USDT|2023-10-06T22:00:00+00:00,0.40768809942553214
3,return_above_1_percent,B_reduced,logistic,development|BTC/USDT|2023-10-13T15:00:00+00:00,0.19570092618943216
3,return_above_1_percent,B_reduced,logistic,development|ETH/USDT|2023-10-14T01:00:00+00:00,0.2996719570753449
3,return_above_1_percent,B_reduced,logistic,development|BTC/USDT|2023-10-15T16:00:00+00:00,0.03608800510350389
3,return_above_1_percent,B_reduced,logistic,development|BTC/USDT|2023-10-19T19:00:00+00:00,0.22732832098907982
3,return_above_1_percent,B_reduced,logistic,development|ETH/USDT|2023-10-20T06:00:00+00:00,0.32269901817043073
3,return_above_1_percent,B_reduced,logistic,development|ETH/USDT|2023-10-26T08:00:00+00:00,0.09407788973513605
3,return_above_1_percent,B_reduced,logistic,development|BTC/USDT|2023-10-28T16:00:00+00:00,0.10696648336618392
3,return_above_1_percent,B_reduced,logistic,development|ETH/USDT|2023-10-28T16:00:00+00:00,0.059203080856373394
3,return_above_1_percent,B_reduced,logistic,development|ETH/USDT|2023-10-29T16:00:00+00:00,0.028230663593694454
3,return_above_1_percent,B_reduced,logistic,development|ETH/USDT|2023-11-01T01:00:00+00:00,0.03736816183775903
3,return_above_1_percent,B_reduced,logistic,development|BTC/USDT|2023-11-01T03:00:00+00:00,0.0755627640961102
3,return_above_1_percent,B_reduced,logistic,development|ETH/USDT|2023-11-04T05:00:00+00:00,0.13022649914449785
3,return_above_1_percent,B_reduced,logistic,development|BTC/USDT|2023-11-04T14:00:00+00:00,0.0901666913900424
3,return_above_1_percent,B_reduced,logistic,development|BTC/USDT|2023-11-06T10:00:00+00:00,0.05943088876507579
3,return_above_1_percent,B_reduced,logistic,development|BTC/USDT|2023-11-08T01:00:00+00:00,0.07554863927416984
3,return_above_1_percent,B_reduced,logistic,development|ETH/USDT|2023-11-08T20:00:00+00:00,0.1710442554963521
3,return_above_1_percent,B_reduced,logistic,development|BTC/USDT|2023-11-12T23:00:00+00:00,0.09237209004156098
3,return_above_1_percent,B_reduced,logistic,development|ETH/USDT|2023-11-13T16:00:00+00:00,0.13118538913299374
3,return_above_1_percent,B_reduced,logistic,development|BTC/USDT|2023-11-15T22:00:00+00:00,0.32145372814280015
3,return_above_1_percent,B_reduced,logistic,development|ETH/USDT|2023-11-16T02:00:00+00:00,0.17462069578669234
3,return_above_1_percent,B_reduced,logistic,development|BTC/USDT|2023-11-18T13:00:00+00:00,0.07584081270571334
3,return_above_1_percent,B_reduced,logistic,development|ETH/USDT|2023-11-19T05:00:00+00:00,0.163272263506902
3,return_above_1_percent,B_reduced,logistic,development|ETH/USDT|2023-11-22T20:00:00+00:00,0.18192022642809524
3,return_above_1_percent,B_reduced,logistic,development|BTC/USDT|2023-11-23T03:00:00+00:00,0.23451532112405746
3,return_above_1_percent,B_reduced,logistic,development|BTC/USDT|2023-11-28T18:00:00+00:00,0.19906043898855474
3,return_above_1_percent,B_reduced,logistic,development|ETH/USDT|2023-11-28T23:00:00+00:00,0.25991939401535574
3,return_above_1_percent,B_reduced,logistic,development|ETH/USDT|2023-12-01T03:00:00+00:00,0.1727641473485451
3,return_above_1_percent,B_reduced,logistic,development|BTC/USDT|2023-12-01T10:00:00+00:00,0.06519093329536775
3,return_above_1_percent,B_reduced,logistic,development|ETH/USDT|2023-12-07T20:00:00+00:00,0.28404384560724943
3,return_above_1_percent,B_reduced,logistic,development|BTC/USDT|2023-12-08T21:00:00+00:00,0.08271462299088597
3,return_above_1_percent,B_reduced,logistic,development|BTC/USDT|2023-12-13T21:00:00+00:00,0.2232597071405505
3,return_above_1_percent,B_reduced,logistic,development|ETH/USDT|2023-12-14T01:00:00+00:00,0.3131865627465939
3,return_above_1_percent,B_reduced,logistic,development|BTC/USDT|2023-12-19T03:00:00+00:00,0.4119249806793844
3,return_above_1_percent,B_reduced,logistic,development|ETH/USDT|2023-12-19T08:00:00+00:00,0.21768951685797622
3,return_above_1_percent,B_reduced,logistic,development|ETH/USDT|2023-12-20T17:00:00+00:00,0.16846186098294202
3,return_above_1_percent,B_reduced,logistic,development|BTC/USDT|2023-12-24T05:00:00+00:00,0.04746027835794928
3,return_above_1_percent,B_reduced,logistic,development|ETH/USDT|2023-12-24T18:00:00+00:00,0.11296579225467064
3,return_above_1_percent,B_reduced,logistic,development|BTC/USDT|2023-12-26T05:00:00+00:00,0.24629177172100297
3,return_above_1_percent,B_reduced,logistic,development|ETH/USDT|2023-12-27T17:00:00+00:00,0.20909117561180804
3,return_above_1_percent,B_reduced,logistic,development|BTC/USDT|2023-12-27T22:00:00+00:00,0.2597497958066588
3,return_above_1_percent,B_reduced,logistic,development|BTC/USDT|2023-12-31T07:00:00+00:00,0.10415114692723992
3,return_above_1_percent,B_reduced,forest,development|BTC/USDT|2023-10-04T22:00:00+00:00,0.14718785351584682
3,return_above_1_percent,B_reduced,forest,development|BTC/USDT|2023-10-06T20:00:00+00:00,0.19097411706377732
3,return_above_1_percent,B_reduced,forest,development|ETH/USDT|2023-10-06T22:00:00+00:00,0.31689514904552557
3,return_above_1_percent,B_reduced,forest,development|BTC/USDT|2023-10-13T15:00:00+00:00,0.16374943201240222
3,return_above_1_percent,B_reduced,forest,development|ETH/USDT|2023-10-14T01:00:00+00:00,0.2057998988069783
3,return_above_1_percent,B_reduced,forest,development|BTC/USDT|2023-10-15T16:00:00+00:00,0.08312686340996085
3,return_above_1_percent,B_reduced,forest,development|BTC/USDT|2023-10-19T19:00:00+00:00,0.21124227475713458
3,return_above_1_percent,B_reduced,forest,development|ETH/USDT|2023-10-20T06:00:00+00:00,0.27944193312587595
3,return_above_1_percent,B_reduced,forest,development|ETH/USDT|2023-10-26T08:00:00+00:00,0.11543911904276677
3,return_above_1_percent,B_reduced,forest,development|BTC/USDT|2023-10-28T16:00:00+00:00,0.17112103121731492
3,return_above_1_percent,B_reduced,forest,development|ETH/USDT|2023-10-28T16:00:00+00:00,0.16727770799734853
3,return_above_1_percent,B_reduced,forest,development|ETH/USDT|2023-10-29T16:00:00+00:00,0.09085421877043434
3,return_above_1_percent,B_reduced,forest,development|ETH/USDT|2023-11-01T01:00:00+00:00,0.17735027969085035
3,return_above_1_percent,B_reduced,forest,development|BTC/USDT|2023-11-01T03:00:00+00:00,0.13951430048701535
3,return_above_1_percent,B_reduced,forest,development|ETH/USDT|2023-11-04T05:00:00+00:00,0.2580676855133412
3,return_above_1_percent,B_reduced,forest,development|BTC/USDT|2023-11-04T14:00:00+00:00,0.10304602685664827
3,return_above_1_percent,B_reduced,forest,development|BTC/USDT|2023-11-06T10:00:00+00:00,0.12471091099331516
3,return_above_1_percent,B_reduced,forest,development|BTC/USDT|2023-11-08T01:00:00+00:00,0.15883363296026687
3,return_above_1_percent,B_reduced,forest,development|ETH/USDT|2023-11-08T20:00:00+00:00,0.11961997786308952
3,return_above_1_percent,B_reduced,forest,development|BTC/USDT|2023-11-12T23:00:00+00:00,0.09170448567591688
3,return_above_1_percent,B_reduced,forest,development|ETH/USDT|2023-11-13T16:00:00+00:00,0.1456788690898838
3,return_above_1_percent,B_reduced,forest,development|BTC/USDT|2023-11-15T22:00:00+00:00,0.18854899256668173
3,return_above_1_percent,B_reduced,forest,development|ETH/USDT|2023-11-16T02:00:00+00:00,0.2756815078547136
3,return_above_1_percent,B_reduced,forest,development|BTC/USDT|2023-11-18T13:00:00+00:00,0.07957793862842988
3,return_above_1_percent,B_reduced,forest,development|ETH/USDT|2023-11-19T05:00:00+00:00,0.1913695993668175
3,return_above_1_percent,B_reduced,forest,development|ETH/USDT|2023-11-22T20:00:00+00:00,0.10959083718174197
3,return_above_1_percent,B_reduced,forest,development|BTC/USDT|2023-11-23T03:00:00+00:00,0.3007306711903051
3,return_above_1_percent,B_reduced,forest,development|BTC/USDT|2023-11-28T18:00:00+00:00,0.1668153638416421
3,return_above_1_percent,B_reduced,forest,development|ETH/USDT|2023-11-28T23:00:00+00:00,0.326809690782416
3,return_above_1_percent,B_reduced,forest,development|ETH/USDT|2023-12-01T03:00:00+00:00,0.24737348807419196
3,return_above_1_percent,B_reduced,forest,development|BTC/USDT|2023-12-01T10:00:00+00:00,0.1338291913422205
3,return_above_1_percent,B_reduced,forest,development|ETH/USDT|2023-12-07T20:00:00+00:00,0.1487500974972703
3,return_above_1_percent,B_reduced,forest,development|BTC/USDT|2023-12-08T21:00:00+00:00,0.15809845784202184
3,return_above_1_percent,B_reduced,forest,development|BTC/USDT|2023-12-13T21:00:00+00:00,0.18467591401331948
3,return_above_1_percent,B_reduced,forest,development|ETH/USDT|2023-12-14T01:00:00+00:00,0.30269685452319317
3,return_above_1_percent,B_reduced,forest,development|BTC/USDT|2023-12-19T03:00:00+00:00,0.24319343492960446
3,return_above_1_percent,B_reduced,forest,development|ETH/USDT|2023-12-19T08:00:00+00:00,0.23516757321989373
3,return_above_1_percent,B_reduced,forest,development|ETH/USDT|2023-12-20T17:00:00+00:00,0.35288486244781675
3,return_above_1_percent,B_reduced,forest,development|BTC/USDT|2023-12-24T05:00:00+00:00,0.08762418031437604
3,return_above_1_percent,B_reduced,forest,development|ETH/USDT|2023-12-24T18:00:00+00:00,0.14955062811547612
3,return_above_1_percent,B_reduced,forest,development|BTC/USDT|2023-12-26T05:00:00+00:00,0.18434820576935018
3,return_above_1_percent,B_reduced,forest,development|ETH/USDT|2023-12-27T17:00:00+00:00,0.13764907946965982
3,return_above_1_percent,B_reduced,forest,development|BTC/USDT|2023-12-27T22:00:00+00:00,0.2572315258158
3,return_above_1_percent,B_reduced,forest,development|BTC/USDT|2023-12-31T07:00:00+00:00,0.1257726031111449
3,return_above_1_percent,B_reduced,hist_gradient,development|BTC/USDT|2023-10-04T22:00:00+00:00,0.11847139219417313
3,return_above_1_percent,B_reduced,hist_gradient,development|BTC/USDT|2023-10-06T20:00:00+00:00,0.20260800190212505
3,return_above_1_percent,B_reduced,hist_gradient,development|ETH/USDT|2023-10-06T22:00:00+00:00,0.3965835995107128
3,return_above_1_percent,B_reduced,hist_gradient,development|BTC/USDT|2023-10-13T15:00:00+00:00,0.21262304900274287
3,return_above_1_percent,B_reduced,hist_gradient,development|ETH/USDT|2023-10-14T01:00:00+00:00,0.13553730504741132
3,return_above_1_percent,B_reduced,hist_gradient,development|BTC/USDT|2023-10-15T16:00:00+00:00,0.14040792240423872
3,return_above_1_percent,B_reduced,hist_gradient,development|BTC/USDT|2023-10-19T19:00:00+00:00,0.15436405483326648
3,return_above_1_percent,B_reduced,hist_gradient,development|ETH/USDT|2023-10-20T06:00:00+00:00,0.2781248476533159
3,return_above_1_percent,B_reduced,hist_gradient,development|ETH/USDT|2023-10-26T08:00:00+00:00,0.11443507329577735
3,return_above_1_percent,B_reduced,hist_gradient,development|BTC/USDT|2023-10-28T16:00:00+00:00,0.15330511547559625
3,return_above_1_percent,B_reduced,hist_gradient,development|ETH/USDT|2023-10-28T16:00:00+00:00,0.1427574918310339
3,return_above_1_percent,B_reduced,hist_gradient,development|ETH/USDT|2023-10-29T16:00:00+00:00,0.07580746456741372
3,return_above_1_percent,B_reduced,hist_gradient,development|ETH/USDT|2023-11-01T01:00:00+00:00,0.13246208144426166
3,return_above_1_percent,B_reduced,hist_gradient,development|BTC/USDT|2023-11-01T03:00:00+00:00,0.09082542336533996
3,return_above_1_percent,B_reduced,hist_gradient,development|ETH/USDT|2023-11-04T05:00:00+00:00,0.1921583070834765
3,return_above_1_percent,B_reduced,hist_gradient,development|BTC/USDT|2023-11-04T14:00:00+00:00,0.10296409068326116
3,return_above_1_percent,B_reduced,hist_gradient,development|BTC/USDT|2023-11-06T10:00:00+00:00,0.11826863321278
3,return_above_1_percent,B_reduced,hist_gradient,development|BTC/USDT|2023-11-08T01:00:00+00:00,0.08748828756312349
3,return_above_1_percent,B_reduced,hist_gradient,development|ETH/USDT|2023-11-08T20:00:00+00:00,0.08948962772122208
3,return_above_1_percent,B_reduced,hist_gradient,development|BTC/USDT|2023-11-12T23:00:00+00:00,0.10769515743610457
3,return_above_1_percent,B_reduced,hist_gradient,development|ETH/USDT|2023-11-13T16:00:00+00:00,0.11881634859686689
3,return_above_1_percent,B_reduced,hist_gradient,development|BTC/USDT|2023-11-15T22:00:00+00:00,0.20521225473090793
3,return_above_1_percent,B_reduced,hist_gradient,development|ETH/USDT|2023-11-16T02:00:00+00:00,0.35464914703342093
3,return_above_1_percent,B_reduced,hist_gradient,development|BTC/USDT|2023-11-18T13:00:00+00:00,0.07820330604710807
3,return_above_1_percent,B_reduced,hist_gradient,development|ETH/USDT|2023-11-19T05:00:00+00:00,0.14172031474366303
3,return_above_1_percent,B_reduced,hist_gradient,development|ETH/USDT|2023-11-22T20:00:00+00:00,0.11820489801436307
3,return_above_1_percent,B_reduced,hist_gradient,development|BTC/USDT|2023-11-23T03:00:00+00:00,0.29100884922554626
3,return_above_1_percent,B_reduced,hist_gradient,development|BTC/USDT|2023-11-28T18:00:00+00:00,0.15932451889844826
3,return_above_1_percent,B_reduced,hist_gradient,development|ETH/USDT|2023-11-28T23:00:00+00:00,0.24607129280853612
3,return_above_1_percent,B_reduced,hist_gradient,development|ETH/USDT|2023-12-01T03:00:00+00:00,0.22925202384449853
3,return_above_1_percent,B_reduced,hist_gradient,development|BTC/USDT|2023-12-01T10:00:00+00:00,0.1098127807735713
3,return_above_1_percent,B_reduced,hist_gradient,development|ETH/USDT|2023-12-07T20:00:00+00:00,0.12097411608199755
3,return_above_1_percent,B_reduced,hist_gradient,development|BTC/USDT|2023-12-08T21:00:00+00:00,0.11317211311519791
3,return_above_1_percent,B_reduced,hist_gradient,development|BTC/USDT|2023-12-13T21:00:00+00:00,0.20061528978585674
3,return_above_1_percent,B_reduced,hist_gradient,development|ETH/USDT|2023-12-14T01:00:00+00:00,0.28615122745002225
3,return_above_1_percent,B_reduced,hist_gradient,development|BTC/USDT|2023-12-19T03:00:00+00:00,0.19362684028727836
3,return_above_1_percent,B_reduced,hist_gradient,development|ETH/USDT|2023-12-19T08:00:00+00:00,0.2677499592359825
3,return_above_1_percent,B_reduced,hist_gradient,development|ETH/USDT|2023-12-20T17:00:00+00:00,0.33033141823544276
3,return_above_1_percent,B_reduced,hist_gradient,development|BTC/USDT|2023-12-24T05:00:00+00:00,0.08892130522086533
3,return_above_1_percent,B_reduced,hist_gradient,development|ETH/USDT|2023-12-24T18:00:00+00:00,0.09179942231843484
3,return_above_1_percent,B_reduced,hist_gradient,development|BTC/USDT|2023-12-26T05:00:00+00:00,0.22290182721848253
3,return_above_1_percent,B_reduced,hist_gradient,development|ETH/USDT|2023-12-27T17:00:00+00:00,0.11899190601892294
3,return_above_1_percent,B_reduced,hist_gradient,development|BTC/USDT|2023-12-27T22:00:00+00:00,0.31752419110410934
3,return_above_1_percent,B_reduced,hist_gradient,development|BTC/USDT|2023-12-31T07:00:00+00:00,0.21439918135947109
3,return_above_1_percent,C_price,dummy,development|BTC/USDT|2023-10-04T22:00:00+00:00,0.18023255813953487
3,return_above_1_percent,C_price,dummy,development|BTC/USDT|2023-10-06T20:00:00+00:00,0.18023255813953487
3,return_above_1_percent,C_price,dummy,development|ETH/USDT|2023-10-06T22:00:00+00:00,0.18023255813953487
3,return_above_1_percent,C_price,dummy,development|BTC/USDT|2023-10-13T15:00:00+00:00,0.18023255813953487
3,return_above_1_percent,C_price,dummy,development|ETH/USDT|2023-10-14T01:00:00+00:00,0.18023255813953487
3,return_above_1_percent,C_price,dummy,development|BTC/USDT|2023-10-15T16:00:00+00:00,0.18023255813953487
3,return_above_1_percent,C_price,dummy,development|BTC/USDT|2023-10-19T19:00:00+00:00,0.18023255813953487
3,return_above_1_percent,C_price,dummy,development|ETH/USDT|2023-10-20T06:00:00+00:00,0.18023255813953487
3,return_above_1_percent,C_price,dummy,development|ETH/USDT|2023-10-26T08:00:00+00:00,0.18023255813953487
3,return_above_1_percent,C_price,dummy,development|BTC/USDT|2023-10-28T16:00:00+00:00,0.18023255813953487
3,return_above_1_percent,C_price,dummy,development|ETH/USDT|2023-10-28T16:00:00+00:00,0.18023255813953487
3,return_above_1_percent,C_price,dummy,development|ETH/USDT|2023-10-29T16:00:00+00:00,0.18023255813953487
3,return_above_1_percent,C_price,dummy,development|ETH/USDT|2023-11-01T01:00:00+00:00,0.18023255813953487
3,return_above_1_percent,C_price,dummy,development|BTC/USDT|2023-11-01T03:00:00+00:00,0.18023255813953487
3,return_above_1_percent,C_price,dummy,development|ETH/USDT|2023-11-04T05:00:00+00:00,0.18023255813953487
3,return_above_1_percent,C_price,dummy,development|BTC/USDT|2023-11-04T14:00:00+00:00,0.18023255813953487
3,return_above_1_percent,C_price,dummy,development|BTC/USDT|2023-11-06T10:00:00+00:00,0.18023255813953487
3,return_above_1_percent,C_price,dummy,development|BTC/USDT|2023-11-08T01:00:00+00:00,0.18023255813953487
3,return_above_1_percent,C_price,dummy,development|ETH/USDT|2023-11-08T20:00:00+00:00,0.18023255813953487
3,return_above_1_percent,C_price,dummy,development|BTC/USDT|2023-11-12T23:00:00+00:00,0.18023255813953487
3,return_above_1_percent,C_price,dummy,development|ETH/USDT|2023-11-13T16:00:00+00:00,0.18023255813953487
3,return_above_1_percent,C_price,dummy,development|BTC/USDT|2023-11-15T22:00:00+00:00,0.18023255813953487
3,return_above_1_percent,C_price,dummy,development|ETH/USDT|2023-11-16T02:00:00+00:00,0.18023255813953487
3,return_above_1_percent,C_price,dummy,development|BTC/USDT|2023-11-18T13:00:00+00:00,0.18023255813953487
3,return_above_1_percent,C_price,dummy,development|ETH/USDT|2023-11-19T05:00:00+00:00,0.18023255813953487
3,return_above_1_percent,C_price,dummy,development|ETH/USDT|2023-11-22T20:00:00+00:00,0.18023255813953487
3,return_above_1_percent,C_price,dummy,development|BTC/USDT|2023-11-23T03:00:00+00:00,0.18023255813953487
3,return_above_1_percent,C_price,dummy,development|BTC/USDT|2023-11-28T18:00:00+00:00,0.18023255813953487
3,return_above_1_percent,C_price,dummy,development|ETH/USDT|2023-11-28T23:00:00+00:00,0.18023255813953487
3,return_above_1_percent,C_price,dummy,development|ETH/USDT|2023-12-01T03:00:00+00:00,0.18023255813953487
3,return_above_1_percent,C_price,dummy,development|BTC/USDT|2023-12-01T10:00:00+00:00,0.18023255813953487
3,return_above_1_percent,C_price,dummy,development|ETH/USDT|2023-12-07T20:00:00+00:00,0.18023255813953487
3,return_above_1_percent,C_price,dummy,development|BTC/USDT|2023-12-08T21:00:00+00:00,0.18023255813953487
3,return_above_1_percent,C_price,dummy,development|BTC/USDT|2023-12-13T21:00:00+00:00,0.18023255813953487
3,return_above_1_percent,C_price,dummy,development|ETH/USDT|2023-12-14T01:00:00+00:00,0.18023255813953487
3,return_above_1_percent,C_price,dummy,development|BTC/USDT|2023-12-19T03:00:00+00:00,0.18023255813953487
3,return_above_1_percent,C_price,dummy,development|ETH/USDT|2023-12-19T08:00:00+00:00,0.18023255813953487
3,return_above_1_percent,C_price,dummy,development|ETH/USDT|2023-12-20T17:00:00+00:00,0.18023255813953487
3,return_above_1_percent,C_price,dummy,development|BTC/USDT|2023-12-24T05:00:00+00:00,0.18023255813953487
3,return_above_1_percent,C_price,dummy,development|ETH/USDT|2023-12-24T18:00:00+00:00,0.18023255813953487
3,return_above_1_percent,C_price,dummy,development|BTC/USDT|2023-12-26T05:00:00+00:00,0.18023255813953487
3,return_above_1_percent,C_price,dummy,development|ETH/USDT|2023-12-27T17:00:00+00:00,0.18023255813953487
3,return_above_1_percent,C_price,dummy,development|BTC/USDT|2023-12-27T22:00:00+00:00,0.18023255813953487
3,return_above_1_percent,C_price,dummy,development|BTC/USDT|2023-12-31T07:00:00+00:00,0.18023255813953487
3,return_above_1_percent,C_price,logistic,development|BTC/USDT|2023-10-04T22:00:00+00:00,0.17418854374704199
3,return_above_1_percent,C_price,logistic,development|BTC/USDT|2023-10-06T20:00:00+00:00,0.12011835369649437
3,return_above_1_percent,C_price,logistic,development|ETH/USDT|2023-10-06T22:00:00+00:00,0.3458894604119475
3,return_above_1_percent,C_price,logistic,development|BTC/USDT|2023-10-13T15:00:00+00:00,0.15478382418314124
3,return_above_1_percent,C_price,logistic,development|ETH/USDT|2023-10-14T01:00:00+00:00,0.2487960484908203
3,return_above_1_percent,C_price,logistic,development|BTC/USDT|2023-10-15T16:00:00+00:00,0.0771163169947237
3,return_above_1_percent,C_price,logistic,development|BTC/USDT|2023-10-19T19:00:00+00:00,0.11037047681083502
3,return_above_1_percent,C_price,logistic,development|ETH/USDT|2023-10-20T06:00:00+00:00,0.2946849371453943
3,return_above_1_percent,C_price,logistic,development|ETH/USDT|2023-10-26T08:00:00+00:00,0.11071690670025083
3,return_above_1_percent,C_price,logistic,development|BTC/USDT|2023-10-28T16:00:00+00:00,0.2463948864009675
3,return_above_1_percent,C_price,logistic,development|ETH/USDT|2023-10-28T16:00:00+00:00,0.10564495069586372
3,return_above_1_percent,C_price,logistic,development|ETH/USDT|2023-10-29T16:00:00+00:00,0.09851919615287545
3,return_above_1_percent,C_price,logistic,development|ETH/USDT|2023-11-01T01:00:00+00:00,0.12255139068267108
3,return_above_1_percent,C_price,logistic,development|BTC/USDT|2023-11-01T03:00:00+00:00,0.08022121152866067
3,return_above_1_percent,C_price,logistic,development|ETH/USDT|2023-11-04T05:00:00+00:00,0.12452260151206085
3,return_above_1_percent,C_price,logistic,development|BTC/USDT|2023-11-04T14:00:00+00:00,0.1260057528124741
3,return_above_1_percent,C_price,logistic,development|BTC/USDT|2023-11-06T10:00:00+00:00,0.04067318754605423
3,return_above_1_percent,C_price,logistic,development|BTC/USDT|2023-11-08T01:00:00+00:00,0.13126663625523288
3,return_above_1_percent,C_price,logistic,development|ETH/USDT|2023-11-08T20:00:00+00:00,0.16184708714401902
3,return_above_1_percent,C_price,logistic,development|BTC/USDT|2023-11-12T23:00:00+00:00,0.20551500533280445
3,return_above_1_percent,C_price,logistic,development|ETH/USDT|2023-11-13T16:00:00+00:00,0.10935129587448073
3,return_above_1_percent,C_price,logistic,development|BTC/USDT|2023-11-15T22:00:00+00:00,0.30686562140945517
3,return_above_1_percent,C_price,logistic,development|ETH/USDT|2023-11-16T02:00:00+00:00,0.32961399136411235
3,return_above_1_percent,C_price,logistic,development|BTC/USDT|2023-11-18T13:00:00+00:00,0.09643971275364334
3,return_above_1_percent,C_price,logistic,development|ETH/USDT|2023-11-19T05:00:00+00:00,0.29202462056506573
3,return_above_1_percent,C_price,logistic,development|ETH/USDT|2023-11-22T20:00:00+00:00,0.1882958849531217
3,return_above_1_percent,C_price,logistic,development|BTC/USDT|2023-11-23T03:00:00+00:00,0.20505434352716478
3,return_above_1_percent,C_price,logistic,development|BTC/USDT|2023-11-28T18:00:00+00:00,0.17835869325965673
3,return_above_1_percent,C_price,logistic,development|ETH/USDT|2023-11-28T23:00:00+00:00,0.25020387646489917
3,return_above_1_percent,C_price,logistic,development|ETH/USDT|2023-12-01T03:00:00+00:00,0.24050341442681075
3,return_above_1_percent,C_price,logistic,development|BTC/USDT|2023-12-01T10:00:00+00:00,0.05492696581543914
3,return_above_1_percent,C_price,logistic,development|ETH/USDT|2023-12-07T20:00:00+00:00,0.2694514472639115
3,return_above_1_percent,C_price,logistic,development|BTC/USDT|2023-12-08T21:00:00+00:00,0.11828312936794944
3,return_above_1_percent,C_price,logistic,development|BTC/USDT|2023-12-13T21:00:00+00:00,0.2921856406224644
3,return_above_1_percent,C_price,logistic,development|ETH/USDT|2023-12-14T01:00:00+00:00,0.3300568957781888
3,return_above_1_percent,C_price,logistic,development|BTC/USDT|2023-12-19T03:00:00+00:00,0.3947420214885255
3,return_above_1_percent,C_price,logistic,development|ETH/USDT|2023-12-19T08:00:00+00:00,0.19970754507331448
3,return_above_1_percent,C_price,logistic,development|ETH/USDT|2023-12-20T17:00:00+00:00,0.21777365197635662
3,return_above_1_percent,C_price,logistic,development|BTC/USDT|2023-12-24T05:00:00+00:00,0.19897683691349122
3,return_above_1_percent,C_price,logistic,development|ETH/USDT|2023-12-24T18:00:00+00:00,0.131409897215105
3,return_above_1_percent,C_price,logistic,development|BTC/USDT|2023-12-26T05:00:00+00:00,0.1928657506050578
3,return_above_1_percent,C_price,logistic,development|ETH/USDT|2023-12-27T17:00:00+00:00,0.2531349193525603
3,return_above_1_percent,C_price,logistic,development|BTC/USDT|2023-12-27T22:00:00+00:00,0.20156767982788132
3,return_above_1_percent,C_price,logistic,development|BTC/USDT|2023-12-31T07:00:00+00:00,0.13282394252727245
3,return_above_1_percent,C_price,forest,development|BTC/USDT|2023-10-04T22:00:00+00:00,0.18180763648438034
3,return_above_1_percent,C_price,forest,development|BTC/USDT|2023-10-06T20:00:00+00:00,0.22891187168186125
3,return_above_1_percent,C_price,forest,development|ETH/USDT|2023-10-06T22:00:00+00:00,0.31435421857324275
3,return_above_1_percent,C_price,forest,development|BTC/USDT|2023-10-13T15:00:00+00:00,0.11214114565834958
3,return_above_1_percent,C_price,forest,development|ETH/USDT|2023-10-14T01:00:00+00:00,0.18110143480955446
3,return_above_1_percent,C_price,forest,development|BTC/USDT|2023-10-15T16:00:00+00:00,0.0817215602905704
3,return_above_1_percent,C_price,forest,development|BTC/USDT|2023-10-19T19:00:00+00:00,0.17457766123442306
3,return_above_1_percent,C_price,forest,development|ETH/USDT|2023-10-20T06:00:00+00:00,0.2787441679242987
3,return_above_1_percent,C_price,forest,development|ETH/USDT|2023-10-26T08:00:00+00:00,0.09248487251735096
3,return_above_1_percent,C_price,forest,development|BTC/USDT|2023-10-28T16:00:00+00:00,0.206812881117518
3,return_above_1_percent,C_price,forest,development|ETH/USDT|2023-10-28T16:00:00+00:00,0.200195224431589
3,return_above_1_percent,C_price,forest,development|ETH/USDT|2023-10-29T16:00:00+00:00,0.11864028565406301
3,return_above_1_percent,C_price,forest,development|ETH/USDT|2023-11-01T01:00:00+00:00,0.21882532399090962
3,return_above_1_percent,C_price,forest,development|BTC/USDT|2023-11-01T03:00:00+00:00,0.1030772407081845
3,return_above_1_percent,C_price,forest,development|ETH/USDT|2023-11-04T05:00:00+00:00,0.23456948770324682
3,return_above_1_percent,C_price,forest,development|BTC/USDT|2023-11-04T14:00:00+00:00,0.1372504954519696
3,return_above_1_percent,C_price,forest,development|BTC/USDT|2023-11-06T10:00:00+00:00,0.15879524330749767
3,return_above_1_percent,C_price,forest,development|BTC/USDT|2023-11-08T01:00:00+00:00,0.18991652344046603
3,return_above_1_percent,C_price,forest,development|ETH/USDT|2023-11-08T20:00:00+00:00,0.19458903420172105
3,return_above_1_percent,C_price,forest,development|BTC/USDT|2023-11-12T23:00:00+00:00,0.1357115927884536
3,return_above_1_percent,C_price,forest,development|ETH/USDT|2023-11-13T16:00:00+00:00,0.12177980595822234
3,return_above_1_percent,C_price,forest,development|BTC/USDT|2023-11-15T22:00:00+00:00,0.19889510819192244
3,return_above_1_percent,C_price,forest,development|ETH/USDT|2023-11-16T02:00:00+00:00,0.26862970244591033
3,return_above_1_percent,C_price,forest,development|BTC/USDT|2023-11-18T13:00:00+00:00,0.12470890522802099
3,return_above_1_percent,C_price,forest,development|ETH/USDT|2023-11-19T05:00:00+00:00,0.24902530419562383
3,return_above_1_percent,C_price,forest,development|ETH/USDT|2023-11-22T20:00:00+00:00,0.07443704088582026
3,return_above_1_percent,C_price,forest,development|BTC/USDT|2023-11-23T03:00:00+00:00,0.2490408164531895
3,return_above_1_percent,C_price,forest,development|BTC/USDT|2023-11-28T18:00:00+00:00,0.13000922873625761
3,return_above_1_percent,C_price,forest,development|ETH/USDT|2023-11-28T23:00:00+00:00,0.3272422206416913
3,return_above_1_percent,C_price,forest,development|ETH/USDT|2023-12-01T03:00:00+00:00,0.2630975283787412
3,return_above_1_percent,C_price,forest,development|BTC/USDT|2023-12-01T10:00:00+00:00,0.08438159529082358
3,return_above_1_percent,C_price,forest,development|ETH/USDT|2023-12-07T20:00:00+00:00,0.1445752541732421
3,return_above_1_percent,C_price,forest,development|BTC/USDT|2023-12-08T21:00:00+00:00,0.11611313929155567
3,return_above_1_percent,C_price,forest,development|BTC/USDT|2023-12-13T21:00:00+00:00,0.24212039769256158
3,return_above_1_percent,C_price,forest,development|ETH/USDT|2023-12-14T01:00:00+00:00,0.2897931355989691
3,return_above_1_percent,C_price,forest,development|BTC/USDT|2023-12-19T03:00:00+00:00,0.18970075833484817
3,return_above_1_percent,C_price,forest,development|ETH/USDT|2023-12-19T08:00:00+00:00,0.22366060031911691
3,return_above_1_percent,C_price,forest,development|ETH/USDT|2023-12-20T17:00:00+00:00,0.28186847800772435
3,return_above_1_percent,C_price,forest,development|BTC/USDT|2023-12-24T05:00:00+00:00,0.1540613005316719
3,return_above_1_percent,C_price,forest,development|ETH/USDT|2023-12-24T18:00:00+00:00,0.13138094479329632
3,return_above_1_percent,C_price,forest,development|BTC/USDT|2023-12-26T05:00:00+00:00,0.18617378889377295
3,return_above_1_percent,C_price,forest,development|ETH/USDT|2023-12-27T17:00:00+00:00,0.0910404280729065
3,return_above_1_percent,C_price,forest,development|BTC/USDT|2023-12-27T22:00:00+00:00,0.28621975434813013
3,return_above_1_percent,C_price,forest,development|BTC/USDT|2023-12-31T07:00:00+00:00,0.15006724781242142
3,return_above_1_percent,C_price,hist_gradient,development|BTC/USDT|2023-10-04T22:00:00+00:00,0.10491874653807026
3,return_above_1_percent,C_price,hist_gradient,development|BTC/USDT|2023-10-06T20:00:00+00:00,0.27366266045566173
3,return_above_1_percent,C_price,hist_gradient,development|ETH/USDT|2023-10-06T22:00:00+00:00,0.35634915834303854
3,return_above_1_percent,C_price,hist_gradient,development|BTC/USDT|2023-10-13T15:00:00+00:00,0.13574007824468767
3,return_above_1_percent,C_price,hist_gradient,development|ETH/USDT|2023-10-14T01:00:00+00:00,0.09611235416602024
3,return_above_1_percent,C_price,hist_gradient,development|BTC/USDT|2023-10-15T16:00:00+00:00,0.083485260413961
3,return_above_1_percent,C_price,hist_gradient,development|BTC/USDT|2023-10-19T19:00:00+00:00,0.07710174145900638
3,return_above_1_percent,C_price,hist_gradient,development|ETH/USDT|2023-10-20T06:00:00+00:00,0.27503829659682477
3,return_above_1_percent,C_price,hist_gradient,development|ETH/USDT|2023-10-26T08:00:00+00:00,0.10302453951251044
3,return_above_1_percent,C_price,hist_gradient,development|BTC/USDT|2023-10-28T16:00:00+00:00,0.16314952027453353
3,return_above_1_percent,C_price,hist_gradient,development|ETH/USDT|2023-10-28T16:00:00+00:00,0.13814791980609714
3,return_above_1_percent,C_price,hist_gradient,development|ETH/USDT|2023-10-29T16:00:00+00:00,0.07882375109528024
3,return_above_1_percent,C_price,hist_gradient,development|ETH/USDT|2023-11-01T01:00:00+00:00,0.12763968725040986
3,return_above_1_percent,C_price,hist_gradient,development|BTC/USDT|2023-11-01T03:00:00+00:00,0.11294997244766165
3,return_above_1_percent,C_price,hist_gradient,development|ETH/USDT|2023-11-04T05:00:00+00:00,0.2511080258349557
3,return_above_1_percent,C_price,hist_gradient,development|BTC/USDT|2023-11-04T14:00:00+00:00,0.13124839240729677
3,return_above_1_percent,C_price,hist_gradient,development|BTC/USDT|2023-11-06T10:00:00+00:00,0.1320362030575092
3,return_above_1_percent,C_price,hist_gradient,development|BTC/USDT|2023-11-08T01:00:00+00:00,0.09828598738408764
3,return_above_1_percent,C_price,hist_gradient,development|ETH/USDT|2023-11-08T20:00:00+00:00,0.15887785518530573
3,return_above_1_percent,C_price,hist_gradient,development|BTC/USDT|2023-11-12T23:00:00+00:00,0.14853720478837648
3,return_above_1_percent,C_price,hist_gradient,development|ETH/USDT|2023-11-13T16:00:00+00:00,0.11296384689705735
3,return_above_1_percent,C_price,hist_gradient,development|BTC/USDT|2023-11-15T22:00:00+00:00,0.14394959809842547
3,return_above_1_percent,C_price,hist_gradient,development|ETH/USDT|2023-11-16T02:00:00+00:00,0.2610483716961125
3,return_above_1_percent,C_price,hist_gradient,development|BTC/USDT|2023-11-18T13:00:00+00:00,0.08422871084465527
3,return_above_1_percent,C_price,hist_gradient,development|ETH/USDT|2023-11-19T05:00:00+00:00,0.2160993809227985
3,return_above_1_percent,C_price,hist_gradient,development|ETH/USDT|2023-11-22T20:00:00+00:00,0.09480570904108447
3,return_above_1_percent,C_price,hist_gradient,development|BTC/USDT|2023-11-23T03:00:00+00:00,0.33907084211638655
3,return_above_1_percent,C_price,hist_gradient,development|BTC/USDT|2023-11-28T18:00:00+00:00,0.11127565260058779
3,return_above_1_percent,C_price,hist_gradient,development|ETH/USDT|2023-11-28T23:00:00+00:00,0.2965459626445454
3,return_above_1_percent,C_price,hist_gradient,development|ETH/USDT|2023-12-01T03:00:00+00:00,0.23287463771279693
3,return_above_1_percent,C_price,hist_gradient,development|BTC/USDT|2023-12-01T10:00:00+00:00,0.12413765145492224
3,return_above_1_percent,C_price,hist_gradient,development|ETH/USDT|2023-12-07T20:00:00+00:00,0.10126781229996552
3,return_above_1_percent,C_price,hist_gradient,development|BTC/USDT|2023-12-08T21:00:00+00:00,0.11487295787838019
3,return_above_1_percent,C_price,hist_gradient,development|BTC/USDT|2023-12-13T21:00:00+00:00,0.193342763317016
3,return_above_1_percent,C_price,hist_gradient,development|ETH/USDT|2023-12-14T01:00:00+00:00,0.23895189799912572
3,return_above_1_percent,C_price,hist_gradient,development|BTC/USDT|2023-12-19T03:00:00+00:00,0.16236813557604435
3,return_above_1_percent,C_price,hist_gradient,development|ETH/USDT|2023-12-19T08:00:00+00:00,0.19486167456500963
3,return_above_1_percent,C_price,hist_gradient,development|ETH/USDT|2023-12-20T17:00:00+00:00,0.32390250163955986
3,return_above_1_percent,C_price,hist_gradient,development|BTC/USDT|2023-12-24T05:00:00+00:00,0.11732555131600785
3,return_above_1_percent,C_price,hist_gradient,development|ETH/USDT|2023-12-24T18:00:00+00:00,0.09677683403133404
3,return_above_1_percent,C_price,hist_gradient,development|BTC/USDT|2023-12-26T05:00:00+00:00,0.3030658366339976
3,return_above_1_percent,C_price,hist_gradient,development|ETH/USDT|2023-12-27T17:00:00+00:00,0.10302453951251044
3,return_above_1_percent,C_price,hist_gradient,development|BTC/USDT|2023-12-27T22:00:00+00:00,0.26310330041647706
3,return_above_1_percent,C_price,hist_gradient,development|BTC/USDT|2023-12-31T07:00:00+00:00,0.23396804558766784
3,return_above_1_percent,D_price_volatility,dummy,development|BTC/USDT|2023-10-04T22:00:00+00:00,0.18023255813953487
3,return_above_1_percent,D_price_volatility,dummy,development|BTC/USDT|2023-10-06T20:00:00+00:00,0.18023255813953487
3,return_above_1_percent,D_price_volatility,dummy,development|ETH/USDT|2023-10-06T22:00:00+00:00,0.18023255813953487
3,return_above_1_percent,D_price_volatility,dummy,development|BTC/USDT|2023-10-13T15:00:00+00:00,0.18023255813953487
3,return_above_1_percent,D_price_volatility,dummy,development|ETH/USDT|2023-10-14T01:00:00+00:00,0.18023255813953487
3,return_above_1_percent,D_price_volatility,dummy,development|BTC/USDT|2023-10-15T16:00:00+00:00,0.18023255813953487
3,return_above_1_percent,D_price_volatility,dummy,development|BTC/USDT|2023-10-19T19:00:00+00:00,0.18023255813953487
3,return_above_1_percent,D_price_volatility,dummy,development|ETH/USDT|2023-10-20T06:00:00+00:00,0.18023255813953487
3,return_above_1_percent,D_price_volatility,dummy,development|ETH/USDT|2023-10-26T08:00:00+00:00,0.18023255813953487
3,return_above_1_percent,D_price_volatility,dummy,development|BTC/USDT|2023-10-28T16:00:00+00:00,0.18023255813953487
3,return_above_1_percent,D_price_volatility,dummy,development|ETH/USDT|2023-10-28T16:00:00+00:00,0.18023255813953487
3,return_above_1_percent,D_price_volatility,dummy,development|ETH/USDT|2023-10-29T16:00:00+00:00,0.18023255813953487
3,return_above_1_percent,D_price_volatility,dummy,development|ETH/USDT|2023-11-01T01:00:00+00:00,0.18023255813953487
3,return_above_1_percent,D_price_volatility,dummy,development|BTC/USDT|2023-11-01T03:00:00+00:00,0.18023255813953487
3,return_above_1_percent,D_price_volatility,dummy,development|ETH/USDT|2023-11-04T05:00:00+00:00,0.18023255813953487
3,return_above_1_percent,D_price_volatility,dummy,development|BTC/USDT|2023-11-04T14:00:00+00:00,0.18023255813953487
3,return_above_1_percent,D_price_volatility,dummy,development|BTC/USDT|2023-11-06T10:00:00+00:00,0.18023255813953487
3,return_above_1_percent,D_price_volatility,dummy,development|BTC/USDT|2023-11-08T01:00:00+00:00,0.18023255813953487
3,return_above_1_percent,D_price_volatility,dummy,development|ETH/USDT|2023-11-08T20:00:00+00:00,0.18023255813953487
3,return_above_1_percent,D_price_volatility,dummy,development|BTC/USDT|2023-11-12T23:00:00+00:00,0.18023255813953487
3,return_above_1_percent,D_price_volatility,dummy,development|ETH/USDT|2023-11-13T16:00:00+00:00,0.18023255813953487
3,return_above_1_percent,D_price_volatility,dummy,development|BTC/USDT|2023-11-15T22:00:00+00:00,0.18023255813953487
3,return_above_1_percent,D_price_volatility,dummy,development|ETH/USDT|2023-11-16T02:00:00+00:00,0.18023255813953487
3,return_above_1_percent,D_price_volatility,dummy,development|BTC/USDT|2023-11-18T13:00:00+00:00,0.18023255813953487
3,return_above_1_percent,D_price_volatility,dummy,development|ETH/USDT|2023-11-19T05:00:00+00:00,0.18023255813953487
3,return_above_1_percent,D_price_volatility,dummy,development|ETH/USDT|2023-11-22T20:00:00+00:00,0.18023255813953487
3,return_above_1_percent,D_price_volatility,dummy,development|BTC/USDT|2023-11-23T03:00:00+00:00,0.18023255813953487
3,return_above_1_percent,D_price_volatility,dummy,development|BTC/USDT|2023-11-28T18:00:00+00:00,0.18023255813953487
3,return_above_1_percent,D_price_volatility,dummy,development|ETH/USDT|2023-11-28T23:00:00+00:00,0.18023255813953487
3,return_above_1_percent,D_price_volatility,dummy,development|ETH/USDT|2023-12-01T03:00:00+00:00,0.18023255813953487
3,return_above_1_percent,D_price_volatility,dummy,development|BTC/USDT|2023-12-01T10:00:00+00:00,0.18023255813953487
3,return_above_1_percent,D_price_volatility,dummy,development|ETH/USDT|2023-12-07T20:00:00+00:00,0.18023255813953487
3,return_above_1_percent,D_price_volatility,dummy,development|BTC/USDT|2023-12-08T21:00:00+00:00,0.18023255813953487
3,return_above_1_percent,D_price_volatility,dummy,development|BTC/USDT|2023-12-13T21:00:00+00:00,0.18023255813953487
3,return_above_1_percent,D_price_volatility,dummy,development|ETH/USDT|2023-12-14T01:00:00+00:00,0.18023255813953487
3,return_above_1_percent,D_price_volatility,dummy,development|BTC/USDT|2023-12-19T03:00:00+00:00,0.18023255813953487
3,return_above_1_percent,D_price_volatility,dummy,development|ETH/USDT|2023-12-19T08:00:00+00:00,0.18023255813953487
3,return_above_1_percent,D_price_volatility,dummy,development|ETH/USDT|2023-12-20T17:00:00+00:00,0.18023255813953487
3,return_above_1_percent,D_price_volatility,dummy,development|BTC/USDT|2023-12-24T05:00:00+00:00,0.18023255813953487
3,return_above_1_percent,D_price_volatility,dummy,development|ETH/USDT|2023-12-24T18:00:00+00:00,0.18023255813953487
3,return_above_1_percent,D_price_volatility,dummy,development|BTC/USDT|2023-12-26T05:00:00+00:00,0.18023255813953487
3,return_above_1_percent,D_price_volatility,dummy,development|ETH/USDT|2023-12-27T17:00:00+00:00,0.18023255813953487
3,return_above_1_percent,D_price_volatility,dummy,development|BTC/USDT|2023-12-27T22:00:00+00:00,0.18023255813953487
3,return_above_1_percent,D_price_volatility,dummy,development|BTC/USDT|2023-12-31T07:00:00+00:00,0.18023255813953487
3,return_above_1_percent,D_price_volatility,logistic,development|BTC/USDT|2023-10-04T22:00:00+00:00,0.21260212514031232
3,return_above_1_percent,D_price_volatility,logistic,development|BTC/USDT|2023-10-06T20:00:00+00:00,0.1797110975659089
3,return_above_1_percent,D_price_volatility,logistic,development|ETH/USDT|2023-10-06T22:00:00+00:00,0.4009171476292205
3,return_above_1_percent,D_price_volatility,logistic,development|BTC/USDT|2023-10-13T15:00:00+00:00,0.16544924278838696
3,return_above_1_percent,D_price_volatility,logistic,development|ETH/USDT|2023-10-14T01:00:00+00:00,0.31172141988642643
3,return_above_1_percent,D_price_volatility,logistic,development|BTC/USDT|2023-10-15T16:00:00+00:00,0.07358939981340251
3,return_above_1_percent,D_price_volatility,logistic,development|BTC/USDT|2023-10-19T19:00:00+00:00,0.14028273368067057
3,return_above_1_percent,D_price_volatility,logistic,development|ETH/USDT|2023-10-20T06:00:00+00:00,0.33247524073845275
3,return_above_1_percent,D_price_volatility,logistic,development|ETH/USDT|2023-10-26T08:00:00+00:00,0.1345101815924546
3,return_above_1_percent,D_price_volatility,logistic,development|BTC/USDT|2023-10-28T16:00:00+00:00,0.18521890135437505
3,return_above_1_percent,D_price_volatility,logistic,development|ETH/USDT|2023-10-28T16:00:00+00:00,0.09697899763251597
3,return_above_1_percent,D_price_volatility,logistic,development|ETH/USDT|2023-10-29T16:00:00+00:00,0.08693378273325307
3,return_above_1_percent,D_price_volatility,logistic,development|ETH/USDT|2023-11-01T01:00:00+00:00,0.18285717036073415
3,return_above_1_percent,D_price_volatility,logistic,development|BTC/USDT|2023-11-01T03:00:00+00:00,0.09319423452293421
3,return_above_1_percent,D_price_volatility,logistic,development|ETH/USDT|2023-11-04T05:00:00+00:00,0.14857263709766358
3,return_above_1_percent,D_price_volatility,logistic,development|BTC/USDT|2023-11-04T14:00:00+00:00,0.12183817127829312
3,return_above_1_percent,D_price_volatility,logistic,development|BTC/USDT|2023-11-06T10:00:00+00:00,0.0461182045210722
3,return_above_1_percent,D_price_volatility,logistic,development|BTC/USDT|2023-11-08T01:00:00+00:00,0.13503947632515786
3,return_above_1_percent,D_price_volatility,logistic,development|ETH/USDT|2023-11-08T20:00:00+00:00,0.19003729802664046
3,return_above_1_percent,D_price_volatility,logistic,development|BTC/USDT|2023-11-12T23:00:00+00:00,0.16781219090387076
3,return_above_1_percent,D_price_volatility,logistic,development|ETH/USDT|2023-11-13T16:00:00+00:00,0.14903956594426276
3,return_above_1_percent,D_price_volatility,logistic,development|BTC/USDT|2023-11-15T22:00:00+00:00,0.28491250447758076
3,return_above_1_percent,D_price_volatility,logistic,development|ETH/USDT|2023-11-16T02:00:00+00:00,0.35400565750782526
3,return_above_1_percent,D_price_volatility,logistic,development|BTC/USDT|2023-11-18T13:00:00+00:00,0.08317715063405465
3,return_above_1_percent,D_price_volatility,logistic,development|ETH/USDT|2023-11-19T05:00:00+00:00,0.2615660470120032
3,return_above_1_percent,D_price_volatility,logistic,development|ETH/USDT|2023-11-22T20:00:00+00:00,0.21595506375367146
3,return_above_1_percent,D_price_volatility,logistic,development|BTC/USDT|2023-11-23T03:00:00+00:00,0.19727956075111505
3,return_above_1_percent,D_price_volatility,logistic,development|BTC/USDT|2023-11-28T18:00:00+00:00,0.16557372167697046
3,return_above_1_percent,D_price_volatility,logistic,development|ETH/USDT|2023-11-28T23:00:00+00:00,0.27579459367475895
3,return_above_1_percent,D_price_volatility,logistic,development|ETH/USDT|2023-12-01T03:00:00+00:00,0.22783933650669572
3,return_above_1_percent,D_price_volatility,logistic,development|BTC/USDT|2023-12-01T10:00:00+00:00,0.04833605243728404
3,return_above_1_percent,D_price_volatility,logistic,development|ETH/USDT|2023-12-07T20:00:00+00:00,0.3110953911421345
3,return_above_1_percent,D_price_volatility,logistic,development|BTC/USDT|2023-12-08T21:00:00+00:00,0.10670166091459074
3,return_above_1_percent,D_price_volatility,logistic,development|BTC/USDT|2023-12-13T21:00:00+00:00,0.28879036299001143
3,return_above_1_percent,D_price_volatility,logistic,development|ETH/USDT|2023-12-14T01:00:00+00:00,0.3246950386813922
3,return_above_1_percent,D_price_volatility,logistic,development|BTC/USDT|2023-12-19T03:00:00+00:00,0.34139661834237883
3,return_above_1_percent,D_price_volatility,logistic,development|ETH/USDT|2023-12-19T08:00:00+00:00,0.1890980639209383
3,return_above_1_percent,D_price_volatility,logistic,development|ETH/USDT|2023-12-20T17:00:00+00:00,0.26792650850447935
3,return_above_1_percent,D_price_volatility,logistic,development|BTC/USDT|2023-12-24T05:00:00+00:00,0.15416280486577266
3,return_above_1_percent,D_price_volatility,logistic,development|ETH/USDT|2023-12-24T18:00:00+00:00,0.12009905068575989
3,return_above_1_percent,D_price_volatility,logistic,development|BTC/USDT|2023-12-26T05:00:00+00:00,0.15985591689351447
3,return_above_1_percent,D_price_volatility,logistic,development|ETH/USDT|2023-12-27T17:00:00+00:00,0.23145019382093462
3,return_above_1_percent,D_price_volatility,logistic,development|BTC/USDT|2023-12-27T22:00:00+00:00,0.2080743070866545
3,return_above_1_percent,D_price_volatility,logistic,development|BTC/USDT|2023-12-31T07:00:00+00:00,0.117896576571094
3,return_above_1_percent,D_price_volatility,forest,development|BTC/USDT|2023-10-04T22:00:00+00:00,0.18742154103080902
3,return_above_1_percent,D_price_volatility,forest,development|BTC/USDT|2023-10-06T20:00:00+00:00,0.2271681929355849
3,return_above_1_percent,D_price_volatility,forest,development|ETH/USDT|2023-10-06T22:00:00+00:00,0.3188212516334602
3,return_above_1_percent,D_price_volatility,forest,development|BTC/USDT|2023-10-13T15:00:00+00:00,0.10486818907407679
3,return_above_1_percent,D_price_volatility,forest,development|ETH/USDT|2023-10-14T01:00:00+00:00,0.21421571980125212
3,return_above_1_percent,D_price_volatility,forest,development|BTC/USDT|2023-10-15T16:00:00+00:00,0.09861182943576426
3,return_above_1_percent,D_price_volatility,forest,development|BTC/USDT|2023-10-19T19:00:00+00:00,0.2152837158955238
3,return_above_1_percent,D_price_volatility,forest,development|ETH/USDT|2023-10-20T06:00:00+00:00,0.3057874905568302
3,return_above_1_percent,D_price_volatility,forest,development|ETH/USDT|2023-10-26T08:00:00+00:00,0.11384232113933516
3,return_above_1_percent,D_price_volatility,forest,development|BTC/USDT|2023-10-28T16:00:00+00:00,0.20907859442708449
3,return_above_1_percent,D_price_volatility,forest,development|ETH/USDT|2023-10-28T16:00:00+00:00,0.1880436188760877
3,return_above_1_percent,D_price_volatility,forest,development|ETH/USDT|2023-10-29T16:00:00+00:00,0.12851493247876614
3,return_above_1_percent,D_price_volatility,forest,development|ETH/USDT|2023-11-01T01:00:00+00:00,0.21504285435511034
3,return_above_1_percent,D_price_volatility,forest,development|BTC/USDT|2023-11-01T03:00:00+00:00,0.14341468901693155
3,return_above_1_percent,D_price_volatility,forest,development|ETH/USDT|2023-11-04T05:00:00+00:00,0.25994484348544267
3,return_above_1_percent,D_price_volatility,forest,development|BTC/USDT|2023-11-04T14:00:00+00:00,0.1005862526673566
3,return_above_1_percent,D_price_volatility,forest,development|BTC/USDT|2023-11-06T10:00:00+00:00,0.15898463186377726
3,return_above_1_percent,D_price_volatility,forest,development|BTC/USDT|2023-11-08T01:00:00+00:00,0.15637752082224743
3,return_above_1_percent,D_price_volatility,forest,development|ETH/USDT|2023-11-08T20:00:00+00:00,0.150751557130439
3,return_above_1_percent,D_price_volatility,forest,development|BTC/USDT|2023-11-12T23:00:00+00:00,0.11789527650044533
3,return_above_1_percent,D_price_volatility,forest,development|ETH/USDT|2023-11-13T16:00:00+00:00,0.15342792643841907
3,return_above_1_percent,D_price_volatility,forest,development|BTC/USDT|2023-11-15T22:00:00+00:00,0.20122257032767749
3,return_above_1_percent,D_price_volatility,forest,development|ETH/USDT|2023-11-16T02:00:00+00:00,0.29802290825261923
3,return_above_1_percent,D_price_volatility,forest,development|BTC/USDT|2023-11-18T13:00:00+00:00,0.10787562139055368
3,return_above_1_percent,D_price_volatility,forest,development|ETH/USDT|2023-11-19T05:00:00+00:00,0.22021559718260011
3,return_above_1_percent,D_price_volatility,forest,development|ETH/USDT|2023-11-22T20:00:00+00:00,0.09761108467662659
3,return_above_1_percent,D_price_volatility,forest,development|BTC/USDT|2023-11-23T03:00:00+00:00,0.28816108350371367
3,return_above_1_percent,D_price_volatility,forest,development|BTC/USDT|2023-11-28T18:00:00+00:00,0.15375494719965416
3,return_above_1_percent,D_price_volatility,forest,development|ETH/USDT|2023-11-28T23:00:00+00:00,0.36841687731677714
3,return_above_1_percent,D_price_volatility,forest,development|ETH/USDT|2023-12-01T03:00:00+00:00,0.2503488089046245
3,return_above_1_percent,D_price_volatility,forest,development|BTC/USDT|2023-12-01T10:00:00+00:00,0.09212390533202171
3,return_above_1_percent,D_price_volatility,forest,development|ETH/USDT|2023-12-07T20:00:00+00:00,0.16546606512036754
3,return_above_1_percent,D_price_volatility,forest,development|BTC/USDT|2023-12-08T21:00:00+00:00,0.15106056405703439
3,return_above_1_percent,D_price_volatility,forest,development|BTC/USDT|2023-12-13T21:00:00+00:00,0.24904505794613893
3,return_above_1_percent,D_price_volatility,forest,development|ETH/USDT|2023-12-14T01:00:00+00:00,0.32876758508825027
3,return_above_1_percent,D_price_volatility,forest,development|BTC/USDT|2023-12-19T03:00:00+00:00,0.22956791629720896
3,return_above_1_percent,D_price_volatility,forest,development|ETH/USDT|2023-12-19T08:00:00+00:00,0.24101287507304012
3,return_above_1_percent,D_price_volatility,forest,development|ETH/USDT|2023-12-20T17:00:00+00:00,0.33209184004935516
3,return_above_1_percent,D_price_volatility,forest,development|BTC/USDT|2023-12-24T05:00:00+00:00,0.12338978989300045
3,return_above_1_percent,D_price_volatility,forest,development|ETH/USDT|2023-12-24T18:00:00+00:00,0.1491498171954982
3,return_above_1_percent,D_price_volatility,forest,development|BTC/USDT|2023-12-26T05:00:00+00:00,0.15619515863419406
3,return_above_1_percent,D_price_volatility,forest,development|ETH/USDT|2023-12-27T17:00:00+00:00,0.09682201093322966
3,return_above_1_percent,D_price_volatility,forest,development|BTC/USDT|2023-12-27T22:00:00+00:00,0.24885059028690787
3,return_above_1_percent,D_price_volatility,forest,development|BTC/USDT|2023-12-31T07:00:00+00:00,0.12787281647534873
3,return_above_1_percent,D_price_volatility,hist_gradient,development|BTC/USDT|2023-10-04T22:00:00+00:00,0.1675632392760605
3,return_above_1_percent,D_price_volatility,hist_gradient,development|BTC/USDT|2023-10-06T20:00:00+00:00,0.26353784718247464
3,return_above_1_percent,D_price_volatility,hist_gradient,development|ETH/USDT|2023-10-06T22:00:00+00:00,0.3985843992394956
3,return_above_1_percent,D_price_volatility,hist_gradient,development|BTC/USDT|2023-10-13T15:00:00+00:00,0.1872688051606142
3,return_above_1_percent,D_price_volatility,hist_gradient,development|ETH/USDT|2023-10-14T01:00:00+00:00,0.17245158484052922
3,return_above_1_percent,D_price_volatility,hist_gradient,development|BTC/USDT|2023-10-15T16:00:00+00:00,0.1526979742413854
3,return_above_1_percent,D_price_volatility,hist_gradient,development|BTC/USDT|2023-10-19T19:00:00+00:00,0.13609015962087492
3,return_above_1_percent,D_price_volatility,hist_gradient,development|ETH/USDT|2023-10-20T06:00:00+00:00,0.23533580167509086
3,return_above_1_percent,D_price_volatility,hist_gradient,development|ETH/USDT|2023-10-26T08:00:00+00:00,0.10678195573237254
3,return_above_1_percent,D_price_volatility,hist_gradient,development|BTC/USDT|2023-10-28T16:00:00+00:00,0.26172720616843337
3,return_above_1_percent,D_price_volatility,hist_gradient,development|ETH/USDT|2023-10-28T16:00:00+00:00,0.16134572586263357
3,return_above_1_percent,D_price_volatility,hist_gradient,development|ETH/USDT|2023-10-29T16:00:00+00:00,0.0907375688911819
3,return_above_1_percent,D_price_volatility,hist_gradient,development|ETH/USDT|2023-11-01T01:00:00+00:00,0.15687765309554882
3,return_above_1_percent,D_price_volatility,hist_gradient,development|BTC/USDT|2023-11-01T03:00:00+00:00,0.09120711906129096
3,return_above_1_percent,D_price_volatility,hist_gradient,development|ETH/USDT|2023-11-04T05:00:00+00:00,0.1992247895806223
3,return_above_1_percent,D_price_volatility,hist_gradient,development|BTC/USDT|2023-11-04T14:00:00+00:00,0.10084219066046986
3,return_above_1_percent,D_price_volatility,hist_gradient,development|BTC/USDT|2023-11-06T10:00:00+00:00,0.09990164912494395
3,return_above_1_percent,D_price_volatility,hist_gradient,development|BTC/USDT|2023-11-08T01:00:00+00:00,0.10235977125526437
3,return_above_1_percent,D_price_volatility,hist_gradient,development|ETH/USDT|2023-11-08T20:00:00+00:00,0.10841634907274465
3,return_above_1_percent,D_price_volatility,hist_gradient,development|BTC/USDT|2023-11-12T23:00:00+00:00,0.12123582846995337
3,return_above_1_percent,D_price_volatility,hist_gradient,development|ETH/USDT|2023-11-13T16:00:00+00:00,0.11531833499868745
3,return_above_1_percent,D_price_volatility,hist_gradient,development|BTC/USDT|2023-11-15T22:00:00+00:00,0.20830667457922647
3,return_above_1_percent,D_price_volatility,hist_gradient,development|ETH/USDT|2023-11-16T02:00:00+00:00,0.30259695349194793
3,return_above_1_percent,D_price_volatility,hist_gradient,development|BTC/USDT|2023-11-18T13:00:00+00:00,0.09124731545622403
3,return_above_1_percent,D_price_volatility,hist_gradient,development|ETH/USDT|2023-11-19T05:00:00+00:00,0.1959860142589065
3,return_above_1_percent,D_price_volatility,hist_gradient,development|ETH/USDT|2023-11-22T20:00:00+00:00,0.09934503055211355
3,return_above_1_percent,D_price_volatility,hist_gradient,development|BTC/USDT|2023-11-23T03:00:00+00:00,0.2847693899432118
3,return_above_1_percent,D_price_volatility,hist_gradient,development|BTC/USDT|2023-11-28T18:00:00+00:00,0.11382683485093148
3,return_above_1_percent,D_price_volatility,hist_gradient,development|ETH/USDT|2023-11-28T23:00:00+00:00,0.2973172314524572
3,return_above_1_percent,D_price_volatility,hist_gradient,development|ETH/USDT|2023-12-01T03:00:00+00:00,0.2603232666840576
3,return_above_1_percent,D_price_volatility,hist_gradient,development|BTC/USDT|2023-12-01T10:00:00+00:00,0.10659473707420158
3,return_above_1_percent,D_price_volatility,hist_gradient,development|ETH/USDT|2023-12-07T20:00:00+00:00,0.11855200116280304
3,return_above_1_percent,D_price_volatility,hist_gradient,development|BTC/USDT|2023-12-08T21:00:00+00:00,0.11689545895308806
3,return_above_1_percent,D_price_volatility,hist_gradient,development|BTC/USDT|2023-12-13T21:00:00+00:00,0.22665172604852094
3,return_above_1_percent,D_price_volatility,hist_gradient,development|ETH/USDT|2023-12-14T01:00:00+00:00,0.2713319247741195
3,return_above_1_percent,D_price_volatility,hist_gradient,development|BTC/USDT|2023-12-19T03:00:00+00:00,0.18936996981804938
3,return_above_1_percent,D_price_volatility,hist_gradient,development|ETH/USDT|2023-12-19T08:00:00+00:00,0.20351542704071698
3,return_above_1_percent,D_price_volatility,hist_gradient,development|ETH/USDT|2023-12-20T17:00:00+00:00,0.3188367241152333
3,return_above_1_percent,D_price_volatility,hist_gradient,development|BTC/USDT|2023-12-24T05:00:00+00:00,0.12123582846995337
3,return_above_1_percent,D_price_volatility,hist_gradient,development|ETH/USDT|2023-12-24T18:00:00+00:00,0.09148817005823902
3,return_above_1_percent,D_price_volatility,hist_gradient,development|BTC/USDT|2023-12-26T05:00:00+00:00,0.15563868841189837
3,return_above_1_percent,D_price_volatility,hist_gradient,development|ETH/USDT|2023-12-27T17:00:00+00:00,0.10295908604406394
3,return_above_1_percent,D_price_volatility,hist_gradient,development|BTC/USDT|2023-12-27T22:00:00+00:00,0.22785506255929097
3,return_above_1_percent,D_price_volatility,hist_gradient,development|BTC/USDT|2023-12-31T07:00:00+00:00,0.217748637862487
3,return_above_1_percent,E_no_regime,dummy,development|BTC/USDT|2023-10-04T22:00:00+00:00,0.18023255813953487
3,return_above_1_percent,E_no_regime,dummy,development|BTC/USDT|2023-10-06T20:00:00+00:00,0.18023255813953487
3,return_above_1_percent,E_no_regime,dummy,development|ETH/USDT|2023-10-06T22:00:00+00:00,0.18023255813953487
3,return_above_1_percent,E_no_regime,dummy,development|BTC/USDT|2023-10-13T15:00:00+00:00,0.18023255813953487
3,return_above_1_percent,E_no_regime,dummy,development|ETH/USDT|2023-10-14T01:00:00+00:00,0.18023255813953487
3,return_above_1_percent,E_no_regime,dummy,development|BTC/USDT|2023-10-15T16:00:00+00:00,0.18023255813953487
3,return_above_1_percent,E_no_regime,dummy,development|BTC/USDT|2023-10-19T19:00:00+00:00,0.18023255813953487
3,return_above_1_percent,E_no_regime,dummy,development|ETH/USDT|2023-10-20T06:00:00+00:00,0.18023255813953487
3,return_above_1_percent,E_no_regime,dummy,development|ETH/USDT|2023-10-26T08:00:00+00:00,0.18023255813953487
3,return_above_1_percent,E_no_regime,dummy,development|BTC/USDT|2023-10-28T16:00:00+00:00,0.18023255813953487
3,return_above_1_percent,E_no_regime,dummy,development|ETH/USDT|2023-10-28T16:00:00+00:00,0.18023255813953487
3,return_above_1_percent,E_no_regime,dummy,development|ETH/USDT|2023-10-29T16:00:00+00:00,0.18023255813953487
3,return_above_1_percent,E_no_regime,dummy,development|ETH/USDT|2023-11-01T01:00:00+00:00,0.18023255813953487
3,return_above_1_percent,E_no_regime,dummy,development|BTC/USDT|2023-11-01T03:00:00+00:00,0.18023255813953487
3,return_above_1_percent,E_no_regime,dummy,development|ETH/USDT|2023-11-04T05:00:00+00:00,0.18023255813953487
3,return_above_1_percent,E_no_regime,dummy,development|BTC/USDT|2023-11-04T14:00:00+00:00,0.18023255813953487
3,return_above_1_percent,E_no_regime,dummy,development|BTC/USDT|2023-11-06T10:00:00+00:00,0.18023255813953487
3,return_above_1_percent,E_no_regime,dummy,development|BTC/USDT|2023-11-08T01:00:00+00:00,0.18023255813953487
3,return_above_1_percent,E_no_regime,dummy,development|ETH/USDT|2023-11-08T20:00:00+00:00,0.18023255813953487
3,return_above_1_percent,E_no_regime,dummy,development|BTC/USDT|2023-11-12T23:00:00+00:00,0.18023255813953487
3,return_above_1_percent,E_no_regime,dummy,development|ETH/USDT|2023-11-13T16:00:00+00:00,0.18023255813953487
3,return_above_1_percent,E_no_regime,dummy,development|BTC/USDT|2023-11-15T22:00:00+00:00,0.18023255813953487
3,return_above_1_percent,E_no_regime,dummy,development|ETH/USDT|2023-11-16T02:00:00+00:00,0.18023255813953487
3,return_above_1_percent,E_no_regime,dummy,development|BTC/USDT|2023-11-18T13:00:00+00:00,0.18023255813953487
3,return_above_1_percent,E_no_regime,dummy,development|ETH/USDT|2023-11-19T05:00:00+00:00,0.18023255813953487
3,return_above_1_percent,E_no_regime,dummy,development|ETH/USDT|2023-11-22T20:00:00+00:00,0.18023255813953487
3,return_above_1_percent,E_no_regime,dummy,development|BTC/USDT|2023-11-23T03:00:00+00:00,0.18023255813953487
3,return_above_1_percent,E_no_regime,dummy,development|BTC/USDT|2023-11-28T18:00:00+00:00,0.18023255813953487
3,return_above_1_percent,E_no_regime,dummy,development|ETH/USDT|2023-11-28T23:00:00+00:00,0.18023255813953487
3,return_above_1_percent,E_no_regime,dummy,development|ETH/USDT|2023-12-01T03:00:00+00:00,0.18023255813953487
3,return_above_1_percent,E_no_regime,dummy,development|BTC/USDT|2023-12-01T10:00:00+00:00,0.18023255813953487
3,return_above_1_percent,E_no_regime,dummy,development|ETH/USDT|2023-12-07T20:00:00+00:00,0.18023255813953487
3,return_above_1_percent,E_no_regime,dummy,development|BTC/USDT|2023-12-08T21:00:00+00:00,0.18023255813953487
3,return_above_1_percent,E_no_regime,dummy,development|BTC/USDT|2023-12-13T21:00:00+00:00,0.18023255813953487
3,return_above_1_percent,E_no_regime,dummy,development|ETH/USDT|2023-12-14T01:00:00+00:00,0.18023255813953487
3,return_above_1_percent,E_no_regime,dummy,development|BTC/USDT|2023-12-19T03:00:00+00:00,0.18023255813953487
3,return_above_1_percent,E_no_regime,dummy,development|ETH/USDT|2023-12-19T08:00:00+00:00,0.18023255813953487
3,return_above_1_percent,E_no_regime,dummy,development|ETH/USDT|2023-12-20T17:00:00+00:00,0.18023255813953487
3,return_above_1_percent,E_no_regime,dummy,development|BTC/USDT|2023-12-24T05:00:00+00:00,0.18023255813953487
3,return_above_1_percent,E_no_regime,dummy,development|ETH/USDT|2023-12-24T18:00:00+00:00,0.18023255813953487
3,return_above_1_percent,E_no_regime,dummy,development|BTC/USDT|2023-12-26T05:00:00+00:00,0.18023255813953487
3,return_above_1_percent,E_no_regime,dummy,development|ETH/USDT|2023-12-27T17:00:00+00:00,0.18023255813953487
3,return_above_1_percent,E_no_regime,dummy,development|BTC/USDT|2023-12-27T22:00:00+00:00,0.18023255813953487
3,return_above_1_percent,E_no_regime,dummy,development|BTC/USDT|2023-12-31T07:00:00+00:00,0.18023255813953487
3,return_above_1_percent,E_no_regime,logistic,development|BTC/USDT|2023-10-04T22:00:00+00:00,0.24921231783729322
3,return_above_1_percent,E_no_regime,logistic,development|BTC/USDT|2023-10-06T20:00:00+00:00,0.1493481744903901
3,return_above_1_percent,E_no_regime,logistic,development|ETH/USDT|2023-10-06T22:00:00+00:00,0.3574999516906135
3,return_above_1_percent,E_no_regime,logistic,development|BTC/USDT|2023-10-13T15:00:00+00:00,0.1424269978120086
3,return_above_1_percent,E_no_regime,logistic,development|ETH/USDT|2023-10-14T01:00:00+00:00,0.275482350012373
3,return_above_1_percent,E_no_regime,logistic,development|BTC/USDT|2023-10-15T16:00:00+00:00,0.04907114284817811
3,return_above_1_percent,E_no_regime,logistic,development|BTC/USDT|2023-10-19T19:00:00+00:00,0.14771003653104378
3,return_above_1_percent,E_no_regime,logistic,development|ETH/USDT|2023-10-20T06:00:00+00:00,0.33095080246647063
3,return_above_1_percent,E_no_regime,logistic,development|ETH/USDT|2023-10-26T08:00:00+00:00,0.11048380648619821
3,return_above_1_percent,E_no_regime,logistic,development|BTC/USDT|2023-10-28T16:00:00+00:00,0.16069853430344022
3,return_above_1_percent,E_no_regime,logistic,development|ETH/USDT|2023-10-28T16:00:00+00:00,0.0785669641437712
3,return_above_1_percent,E_no_regime,logistic,development|ETH/USDT|2023-10-29T16:00:00+00:00,0.05590851856890441
3,return_above_1_percent,E_no_regime,logistic,development|ETH/USDT|2023-11-01T01:00:00+00:00,0.20322385780523305
3,return_above_1_percent,E_no_regime,logistic,development|BTC/USDT|2023-11-01T03:00:00+00:00,0.11522869236320793
3,return_above_1_percent,E_no_regime,logistic,development|ETH/USDT|2023-11-04T05:00:00+00:00,0.1269019541290614
3,return_above_1_percent,E_no_regime,logistic,development|BTC/USDT|2023-11-04T14:00:00+00:00,0.0963546563759029
3,return_above_1_percent,E_no_regime,logistic,development|BTC/USDT|2023-11-06T10:00:00+00:00,0.05481593492108979
3,return_above_1_percent,E_no_regime,logistic,development|BTC/USDT|2023-11-08T01:00:00+00:00,0.15881929677607598
3,return_above_1_percent,E_no_regime,logistic,development|ETH/USDT|2023-11-08T20:00:00+00:00,0.2016641015478741
3,return_above_1_percent,E_no_regime,logistic,development|BTC/USDT|2023-11-12T23:00:00+00:00,0.12949242667209104
3,return_above_1_percent,E_no_regime,logistic,development|ETH/USDT|2023-11-13T16:00:00+00:00,0.16800893106004308
3,return_above_1_percent,E_no_regime,logistic,development|BTC/USDT|2023-11-15T22:00:00+00:00,0.25073279908717705
3,return_above_1_percent,E_no_regime,logistic,development|ETH/USDT|2023-11-16T02:00:00+00:00,0.2892272282278682
3,return_above_1_percent,E_no_regime,logistic,development|BTC/USDT|2023-11-18T13:00:00+00:00,0.0769580459060384
3,return_above_1_percent,E_no_regime,logistic,development|ETH/USDT|2023-11-19T05:00:00+00:00,0.22885648803110908
3,return_above_1_percent,E_no_regime,logistic,development|ETH/USDT|2023-11-22T20:00:00+00:00,0.15954387881924992
3,return_above_1_percent,E_no_regime,logistic,development|BTC/USDT|2023-11-23T03:00:00+00:00,0.1932931127621659
3,return_above_1_percent,E_no_regime,logistic,development|BTC/USDT|2023-11-28T18:00:00+00:00,0.15788919006435131
3,return_above_1_percent,E_no_regime,logistic,development|ETH/USDT|2023-11-28T23:00:00+00:00,0.28431792386144517
3,return_above_1_percent,E_no_regime,logistic,development|ETH/USDT|2023-12-01T03:00:00+00:00,0.2590159502459046
3,return_above_1_percent,E_no_regime,logistic,development|BTC/USDT|2023-12-01T10:00:00+00:00,0.043812660015968174
3,return_above_1_percent,E_no_regime,logistic,development|ETH/USDT|2023-12-07T20:00:00+00:00,0.27706281084543877
3,return_above_1_percent,E_no_regime,logistic,development|BTC/USDT|2023-12-08T21:00:00+00:00,0.0949203547363599
3,return_above_1_percent,E_no_regime,logistic,development|BTC/USDT|2023-12-13T21:00:00+00:00,0.26096441432691736
3,return_above_1_percent,E_no_regime,logistic,development|ETH/USDT|2023-12-14T01:00:00+00:00,0.3209450493932084
3,return_above_1_percent,E_no_regime,logistic,development|BTC/USDT|2023-12-19T03:00:00+00:00,0.3408035022445313
3,return_above_1_percent,E_no_regime,logistic,development|ETH/USDT|2023-12-19T08:00:00+00:00,0.19922142851125613
3,return_above_1_percent,E_no_regime,logistic,development|ETH/USDT|2023-12-20T17:00:00+00:00,0.23336967461285424
3,return_above_1_percent,E_no_regime,logistic,development|BTC/USDT|2023-12-24T05:00:00+00:00,0.11852707639000755
3,return_above_1_percent,E_no_regime,logistic,development|ETH/USDT|2023-12-24T18:00:00+00:00,0.09771123416966687
3,return_above_1_percent,E_no_regime,logistic,development|BTC/USDT|2023-12-26T05:00:00+00:00,0.21403754360224142
3,return_above_1_percent,E_no_regime,logistic,development|ETH/USDT|2023-12-27T17:00:00+00:00,0.17885598984617024
3,return_above_1_percent,E_no_regime,logistic,development|BTC/USDT|2023-12-27T22:00:00+00:00,0.22557177368721318
3,return_above_1_percent,E_no_regime,logistic,development|BTC/USDT|2023-12-31T07:00:00+00:00,0.09061733958624711
3,return_above_1_percent,E_no_regime,forest,development|BTC/USDT|2023-10-04T22:00:00+00:00,0.18378871097663052
3,return_above_1_percent,E_no_regime,forest,development|BTC/USDT|2023-10-06T20:00:00+00:00,0.2332797462555456
3,return_above_1_percent,E_no_regime,forest,development|ETH/USDT|2023-10-06T22:00:00+00:00,0.27864596146316756
3,return_above_1_percent,E_no_regime,forest,development|BTC/USDT|2023-10-13T15:00:00+00:00,0.12058973201341942
3,return_above_1_percent,E_no_regime,forest,development|ETH/USDT|2023-10-14T01:00:00+00:00,0.19509580677102467
3,return_above_1_percent,E_no_regime,forest,development|BTC/USDT|2023-10-15T16:00:00+00:00,0.09494371974783268
3,return_above_1_percent,E_no_regime,forest,development|BTC/USDT|2023-10-19T19:00:00+00:00,0.19765729981827687
3,return_above_1_percent,E_no_regime,forest,development|ETH/USDT|2023-10-20T06:00:00+00:00,0.2884565817594648
3,return_above_1_percent,E_no_regime,forest,development|ETH/USDT|2023-10-26T08:00:00+00:00,0.11425152602807388
3,return_above_1_percent,E_no_regime,forest,development|BTC/USDT|2023-10-28T16:00:00+00:00,0.175168047801908
3,return_above_1_percent,E_no_regime,forest,development|ETH/USDT|2023-10-28T16:00:00+00:00,0.18200060973972626
3,return_above_1_percent,E_no_regime,forest,development|ETH/USDT|2023-10-29T16:00:00+00:00,0.13811093929894844
3,return_above_1_percent,E_no_regime,forest,development|ETH/USDT|2023-11-01T01:00:00+00:00,0.2513276023902374
3,return_above_1_percent,E_no_regime,forest,development|BTC/USDT|2023-11-01T03:00:00+00:00,0.16726852963644456
3,return_above_1_percent,E_no_regime,forest,development|ETH/USDT|2023-11-04T05:00:00+00:00,0.2285335764018555
3,return_above_1_percent,E_no_regime,forest,development|BTC/USDT|2023-11-04T14:00:00+00:00,0.10924019899098371
3,return_above_1_percent,E_no_regime,forest,development|BTC/USDT|2023-11-06T10:00:00+00:00,0.14794860792363174
3,return_above_1_percent,E_no_regime,forest,development|BTC/USDT|2023-11-08T01:00:00+00:00,0.19299180162302204
3,return_above_1_percent,E_no_regime,forest,development|ETH/USDT|2023-11-08T20:00:00+00:00,0.15733139239717786
3,return_above_1_percent,E_no_regime,forest,development|BTC/USDT|2023-11-12T23:00:00+00:00,0.07996651049158496
3,return_above_1_percent,E_no_regime,forest,development|ETH/USDT|2023-11-13T16:00:00+00:00,0.1445115421603055
3,return_above_1_percent,E_no_regime,forest,development|BTC/USDT|2023-11-15T22:00:00+00:00,0.22276655239153156
3,return_above_1_percent,E_no_regime,forest,development|ETH/USDT|2023-11-16T02:00:00+00:00,0.2900684982205042
3,return_above_1_percent,E_no_regime,forest,development|BTC/USDT|2023-11-18T13:00:00+00:00,0.0767444550520871
3,return_above_1_percent,E_no_regime,forest,development|ETH/USDT|2023-11-19T05:00:00+00:00,0.18479307251595606
3,return_above_1_percent,E_no_regime,forest,development|ETH/USDT|2023-11-22T20:00:00+00:00,0.09797993358071917
3,return_above_1_percent,E_no_regime,forest,development|BTC/USDT|2023-11-23T03:00:00+00:00,0.2902290114366719
3,return_above_1_percent,E_no_regime,forest,development|BTC/USDT|2023-11-28T18:00:00+00:00,0.1463350639687345
3,return_above_1_percent,E_no_regime,forest,development|ETH/USDT|2023-11-28T23:00:00+00:00,0.3498833226126712
3,return_above_1_percent,E_no_regime,forest,development|ETH/USDT|2023-12-01T03:00:00+00:00,0.2392954090086563
3,return_above_1_percent,E_no_regime,forest,development|BTC/USDT|2023-12-01T10:00:00+00:00,0.11773900313739714
3,return_above_1_percent,E_no_regime,forest,development|ETH/USDT|2023-12-07T20:00:00+00:00,0.17537403876335456
3,return_above_1_percent,E_no_regime,forest,development|BTC/USDT|2023-12-08T21:00:00+00:00,0.1435147603688256
3,return_above_1_percent,E_no_regime,forest,development|BTC/USDT|2023-12-13T21:00:00+00:00,0.22890290474653002
3,return_above_1_percent,E_no_regime,forest,development|ETH/USDT|2023-12-14T01:00:00+00:00,0.321659642575895
3,return_above_1_percent,E_no_regime,forest,development|BTC/USDT|2023-12-19T03:00:00+00:00,0.24684395073476967
3,return_above_1_percent,E_no_regime,forest,development|ETH/USDT|2023-12-19T08:00:00+00:00,0.2375099725794399
3,return_above_1_percent,E_no_regime,forest,development|ETH/USDT|2023-12-20T17:00:00+00:00,0.312877238176504
3,return_above_1_percent,E_no_regime,forest,development|BTC/USDT|2023-12-24T05:00:00+00:00,0.08400222319902052
3,return_above_1_percent,E_no_regime,forest,development|ETH/USDT|2023-12-24T18:00:00+00:00,0.1334492155891095
3,return_above_1_percent,E_no_regime,forest,development|BTC/USDT|2023-12-26T05:00:00+00:00,0.14073362556014735
3,return_above_1_percent,E_no_regime,forest,development|ETH/USDT|2023-12-27T17:00:00+00:00,0.13958812146300711
3,return_above_1_percent,E_no_regime,forest,development|BTC/USDT|2023-12-27T22:00:00+00:00,0.25780343867190675
3,return_above_1_percent,E_no_regime,forest,development|BTC/USDT|2023-12-31T07:00:00+00:00,0.09821531115471803
3,return_above_1_percent,E_no_regime,hist_gradient,development|BTC/USDT|2023-10-04T22:00:00+00:00,0.11188376988964238
3,return_above_1_percent,E_no_regime,hist_gradient,development|BTC/USDT|2023-10-06T20:00:00+00:00,0.2042258021232054
3,return_above_1_percent,E_no_regime,hist_gradient,development|ETH/USDT|2023-10-06T22:00:00+00:00,0.3526270690653117
3,return_above_1_percent,E_no_regime,hist_gradient,development|BTC/USDT|2023-10-13T15:00:00+00:00,0.19800065258700078
3,return_above_1_percent,E_no_regime,hist_gradient,development|ETH/USDT|2023-10-14T01:00:00+00:00,0.10551684667545369
3,return_above_1_percent,E_no_regime,hist_gradient,development|BTC/USDT|2023-10-15T16:00:00+00:00,0.14987460455816332
3,return_above_1_percent,E_no_regime,hist_gradient,development|BTC/USDT|2023-10-19T19:00:00+00:00,0.17262337656066165
3,return_above_1_percent,E_no_regime,hist_gradient,development|ETH/USDT|2023-10-20T06:00:00+00:00,0.2478365556114322
3,return_above_1_percent,E_no_regime,hist_gradient,development|ETH/USDT|2023-10-26T08:00:00+00:00,0.09953248027146767
3,return_above_1_percent,E_no_regime,hist_gradient,development|BTC/USDT|2023-10-28T16:00:00+00:00,0.15441718622413012
3,return_above_1_percent,E_no_regime,hist_gradient,development|ETH/USDT|2023-10-28T16:00:00+00:00,0.15826280580795937
3,return_above_1_percent,E_no_regime,hist_gradient,development|ETH/USDT|2023-10-29T16:00:00+00:00,0.08784369188238511
3,return_above_1_percent,E_no_regime,hist_gradient,development|ETH/USDT|2023-11-01T01:00:00+00:00,0.15285353388165318
3,return_above_1_percent,E_no_regime,hist_gradient,development|BTC/USDT|2023-11-01T03:00:00+00:00,0.08790151411121606
3,return_above_1_percent,E_no_regime,hist_gradient,development|ETH/USDT|2023-11-04T05:00:00+00:00,0.17998926967980924
3,return_above_1_percent,E_no_regime,hist_gradient,development|BTC/USDT|2023-11-04T14:00:00+00:00,0.09341294460287657
3,return_above_1_percent,E_no_regime,hist_gradient,development|BTC/USDT|2023-11-06T10:00:00+00:00,0.09850834531613406
3,return_above_1_percent,E_no_regime,hist_gradient,development|BTC/USDT|2023-11-08T01:00:00+00:00,0.09614678684156588
3,return_above_1_percent,E_no_regime,hist_gradient,development|ETH/USDT|2023-11-08T20:00:00+00:00,0.1211232116028672
3,return_above_1_percent,E_no_regime,hist_gradient,development|BTC/USDT|2023-11-12T23:00:00+00:00,0.11489476233884352
3,return_above_1_percent,E_no_regime,hist_gradient,development|ETH/USDT|2023-11-13T16:00:00+00:00,0.11476075039832419
3,return_above_1_percent,E_no_regime,hist_gradient,development|BTC/USDT|2023-11-15T22:00:00+00:00,0.21897479363911201
3,return_above_1_percent,E_no_regime,hist_gradient,development|ETH/USDT|2023-11-16T02:00:00+00:00,0.2794094244071322
3,return_above_1_percent,E_no_regime,hist_gradient,development|BTC/USDT|2023-11-18T13:00:00+00:00,0.08433995755631907
3,return_above_1_percent,E_no_regime,hist_gradient,development|ETH/USDT|2023-11-19T05:00:00+00:00,0.21171614408000733
3,return_above_1_percent,E_no_regime,hist_gradient,development|ETH/USDT|2023-11-22T20:00:00+00:00,0.11160265905056557
3,return_above_1_percent,E_no_regime,hist_gradient,development|BTC/USDT|2023-11-23T03:00:00+00:00,0.2571856982880619
3,return_above_1_percent,E_no_regime,hist_gradient,development|BTC/USDT|2023-11-28T18:00:00+00:00,0.12815985945262925
3,return_above_1_percent,E_no_regime,hist_gradient,development|ETH/USDT|2023-11-28T23:00:00+00:00,0.23117398888344423
3,return_above_1_percent,E_no_regime,hist_gradient,development|ETH/USDT|2023-12-01T03:00:00+00:00,0.1935697411749872
3,return_above_1_percent,E_no_regime,hist_gradient,development|BTC/USDT|2023-12-01T10:00:00+00:00,0.10894348119543085
3,return_above_1_percent,E_no_regime,hist_gradient,development|ETH/USDT|2023-12-07T20:00:00+00:00,0.12638194514007806
3,return_above_1_percent,E_no_regime,hist_gradient,development|BTC/USDT|2023-12-08T21:00:00+00:00,0.11453822222956943
3,return_above_1_percent,E_no_regime,hist_gradient,development|BTC/USDT|2023-12-13T21:00:00+00:00,0.20908971889002523
3,return_above_1_percent,E_no_regime,hist_gradient,development|ETH/USDT|2023-12-14T01:00:00+00:00,0.315857564471733
3,return_above_1_percent,E_no_regime,hist_gradient,development|BTC/USDT|2023-12-19T03:00:00+00:00,0.16574992557492846
3,return_above_1_percent,E_no_regime,hist_gradient,development|ETH/USDT|2023-12-19T08:00:00+00:00,0.22170795211297084
3,return_above_1_percent,E_no_regime,hist_gradient,development|ETH/USDT|2023-12-20T17:00:00+00:00,0.2737467690241046
3,return_above_1_percent,E_no_regime,hist_gradient,development|BTC/USDT|2023-12-24T05:00:00+00:00,0.11489476233884352
3,return_above_1_percent,E_no_regime,hist_gradient,development|ETH/USDT|2023-12-24T18:00:00+00:00,0.09621072084538561
3,return_above_1_percent,E_no_regime,hist_gradient,development|BTC/USDT|2023-12-26T05:00:00+00:00,0.16762333369760518
3,return_above_1_percent,E_no_regime,hist_gradient,development|ETH/USDT|2023-12-27T17:00:00+00:00,0.11898585097380386
3,return_above_1_percent,E_no_regime,hist_gradient,development|BTC/USDT|2023-12-27T22:00:00+00:00,0.26882289559362277
3,return_above_1_percent,E_no_regime,hist_gradient,development|BTC/USDT|2023-12-31T07:00:00+00:00,0.22188971670915567
